date,mod10a1_ndsi,cell_id,latitude,longitude
2020-01-01,1110,2f8d57d0-ccd3-4e26-b471-54866d67fe9a,36.473369000000005,-118.8851415
2020-01-02,-561,2f8d57d0-ccd3-4e26-b471-54866d67fe9a,36.473369000000005,-118.8851415
2020-01-03,-2788,2f8d57d0-ccd3-4e26-b471-54866d67fe9a,36.473369000000005,-118.8851415
2020-01-04,-4050,2f8d57d0-ccd3-4e26-b471-54866d67fe9a,36.473369000000005,-118.8851415
2020-01-05,-3333,2f8d57d0-ccd3-4e26-b471-54866d67fe9a,36.473369000000005,-118.8851415
2020-01-06,-3811,2f8d57d0-ccd3-4e26-b471-54866d67fe9a,36.473369000000005,-118.8851415
2020-01-07,-2757,2f8d57d0-ccd3-4e26-b471-54866d67fe9a,36.473369000000005,-118.8851415
2020-01-08,519,2f8d57d0-ccd3-4e26-b471-54866d67fe9a,36.473369000000005,-118.8851415
2020-01-09,281,2f8d57d0-ccd3-4e26-b471-54866d67fe9a,36.473369000000005,-118.8851415
2020-01-10,-4083,2f8d57d0-ccd3-4e26-b471-54866d67fe9a,36.473369000000005,-118.8851415
2020-01-11,-3125,2f8d57d0-ccd3-4e26-b471-54866d67fe9a,36.473369000000005,-118.8851415
2020-01-12,-2423,2f8d57d0-ccd3-4e26-b471-54866d67fe9a,36.473369000000005,-118.8851415
2020-01-13,-3135,2f8d57d0-ccd3-4e26-b471-54866d67fe9a,36.473369000000005,-118.8851415
2020-01-14,-3843,2f8d57d0-ccd3-4e26-b471-54866d67fe9a,36.473369000000005,-118.8851415
2020-01-15,-4254,2f8d57d0-ccd3-4e26-b471-54866d67fe9a,36.473369000000005,-118.8851415
2020-01-16,-1854,2f8d57d0-ccd3-4e26-b471-54866d67fe9a,36.473369000000005,-118.8851415
2020-01-17,476,2f8d57d0-ccd3-4e26-b471-54866d67fe9a,36.473369000000005,-118.8851415
2020-01-18,295,2f8d57d0-ccd3-4e26-b471-54866d67fe9a,36.473369000000005,-118.8851415
2020-01-19,788,2f8d57d0-ccd3-4e26-b471-54866d67fe9a,36.473369000000005,-118.8851415
2020-01-20,1770,2f8d57d0-ccd3-4e26-b471-54866d67fe9a,36.473369000000005,-118.8851415
2020-01-21,-3216,2f8d57d0-ccd3-4e26-b471-54866d67fe9a,36.473369000000005,-118.8851415
2020-01-22,-3652,2f8d57d0-ccd3-4e26-b471-54866d67fe9a,36.473369000000005,-118.8851415
2020-01-23,-3312,2f8d57d0-ccd3-4e26-b471-54866d67fe9a,36.473369000000005,-118.8851415
2020-01-24,-373,2f8d57d0-ccd3-4e26-b471-54866d67fe9a,36.473369000000005,-118.8851415
2020-01-25,-490,2f8d57d0-ccd3-4e26-b471-54866d67fe9a,36.473369000000005,-118.8851415
2020-01-26,-2437,2f8d57d0-ccd3-4e26-b471-54866d67fe9a,36.473369000000005,-118.8851415
2020-01-27,-2693,2f8d57d0-ccd3-4e26-b471-54866d67fe9a,36.473369000000005,-118.8851415
2020-01-28,-3880,2f8d57d0-ccd3-4e26-b471-54866d67fe9a,36.473369000000005,-118.8851415
2020-01-29,-2854,2f8d57d0-ccd3-4e26-b471-54866d67fe9a,36.473369000000005,-118.8851415
2020-01-30,342,2f8d57d0-ccd3-4e26-b471-54866d67fe9a,36.473369000000005,-118.8851415
2020-01-31,-3332,2f8d57d0-ccd3-4e26-b471-54866d67fe9a,36.473369000000005,-118.8851415
2020-02-01,-2696,2f8d57d0-ccd3-4e26-b471-54866d67fe9a,36.473369000000005,-118.8851415
2020-02-02,-3305,2f8d57d0-ccd3-4e26-b471-54866d67fe9a,36.473369000000005,-118.8851415
2020-02-03,-2755,2f8d57d0-ccd3-4e26-b471-54866d67fe9a,36.473369000000005,-118.8851415
2020-02-04,-3841,2f8d57d0-ccd3-4e26-b471-54866d67fe9a,36.473369000000005,-118.8851415
2020-02-05,-2690,2f8d57d0-ccd3-4e26-b471-54866d67fe9a,36.473369000000005,-118.8851415
2020-02-06,-3724,2f8d57d0-ccd3-4e26-b471-54866d67fe9a,36.473369000000005,-118.8851415
2020-02-07,-4096,2f8d57d0-ccd3-4e26-b471-54866d67fe9a,36.473369000000005,-118.8851415
2020-02-08,-3406,2f8d57d0-ccd3-4e26-b471-54866d67fe9a,36.473369000000005,-118.8851415
2020-02-09,-351,2f8d57d0-ccd3-4e26-b471-54866d67fe9a,36.473369000000005,-118.8851415
2020-02-10,-3105,2f8d57d0-ccd3-4e26-b471-54866d67fe9a,36.473369000000005,-118.8851415
2020-02-11,-4102,2f8d57d0-ccd3-4e26-b471-54866d67fe9a,36.473369000000005,-118.8851415
2020-02-12,-3664,2f8d57d0-ccd3-4e26-b471-54866d67fe9a,36.473369000000005,-118.8851415
2020-02-13,-3838,2f8d57d0-ccd3-4e26-b471-54866d67fe9a,36.473369000000005,-118.8851415
2020-02-14,-3898,2f8d57d0-ccd3-4e26-b471-54866d67fe9a,36.473369000000005,-118.8851415
2020-02-15,-2514,2f8d57d0-ccd3-4e26-b471-54866d67fe9a,36.473369000000005,-118.8851415
2020-02-16,-3675,2f8d57d0-ccd3-4e26-b471-54866d67fe9a,36.473369000000005,-118.8851415
2020-02-17,-1900,2f8d57d0-ccd3-4e26-b471-54866d67fe9a,36.473369000000005,-118.8851415
2020-02-18,-3908,2f8d57d0-ccd3-4e26-b471-54866d67fe9a,36.473369000000005,-118.8851415
2020-02-19,-3016,2f8d57d0-ccd3-4e26-b471-54866d67fe9a,36.473369000000005,-118.8851415
2020-02-20,-3915,2f8d57d0-ccd3-4e26-b471-54866d67fe9a,36.473369000000005,-118.8851415
2020-02-21,211,2f8d57d0-ccd3-4e26-b471-54866d67fe9a,36.473369000000005,-118.8851415
2020-02-22,2559,2f8d57d0-ccd3-4e26-b471-54866d67fe9a,36.473369000000005,-118.8851415
2020-02-23,-2636,2f8d57d0-ccd3-4e26-b471-54866d67fe9a,36.473369000000005,-118.8851415
2020-02-24,-3104,2f8d57d0-ccd3-4e26-b471-54866d67fe9a,36.473369000000005,-118.8851415
2020-02-25,-3847,2f8d57d0-ccd3-4e26-b471-54866d67fe9a,36.473369000000005,-118.8851415
2020-02-26,-2756,2f8d57d0-ccd3-4e26-b471-54866d67fe9a,36.473369000000005,-118.8851415
2020-02-27,-3110,2f8d57d0-ccd3-4e26-b471-54866d67fe9a,36.473369000000005,-118.8851415
2020-02-28,-2411,2f8d57d0-ccd3-4e26-b471-54866d67fe9a,36.473369000000005,-118.8851415
2020-02-29,-794,2f8d57d0-ccd3-4e26-b471-54866d67fe9a,36.473369000000005,-118.8851415
2020-03-01,-145,2f8d57d0-ccd3-4e26-b471-54866d67fe9a,36.473369000000005,-118.8851415
2020-03-02,-3296,2f8d57d0-ccd3-4e26-b471-54866d67fe9a,36.473369000000005,-118.8851415
2020-03-03,-3926,2f8d57d0-ccd3-4e26-b471-54866d67fe9a,36.473369000000005,-118.8851415
2020-03-04,-1360,2f8d57d0-ccd3-4e26-b471-54866d67fe9a,36.473369000000005,-118.8851415
2020-03-05,-1712,2f8d57d0-ccd3-4e26-b471-54866d67fe9a,36.473369000000005,-118.8851415
2020-03-06,-3087,2f8d57d0-ccd3-4e26-b471-54866d67fe9a,36.473369000000005,-118.8851415
2020-03-07,835,2f8d57d0-ccd3-4e26-b471-54866d67fe9a,36.473369000000005,-118.8851415
2020-03-08,-2406,2f8d57d0-ccd3-4e26-b471-54866d67fe9a,36.473369000000005,-118.8851415
2020-03-09,-1501,2f8d57d0-ccd3-4e26-b471-54866d67fe9a,36.473369000000005,-118.8851415
2020-03-10,35,2f8d57d0-ccd3-4e26-b471-54866d67fe9a,36.473369000000005,-118.8851415
2020-03-11,-2406,2f8d57d0-ccd3-4e26-b471-54866d67fe9a,36.473369000000005,-118.8851415
2020-03-12,2765,2f8d57d0-ccd3-4e26-b471-54866d67fe9a,36.473369000000005,-118.8851415
2020-03-13,-197,2f8d57d0-ccd3-4e26-b471-54866d67fe9a,36.473369000000005,-118.8851415
2020-03-14,-438,2f8d57d0-ccd3-4e26-b471-54866d67fe9a,36.473369000000005,-118.8851415
2020-03-15,1295,2f8d57d0-ccd3-4e26-b471-54866d67fe9a,36.473369000000005,-118.8851415
2020-03-16,-630,2f8d57d0-ccd3-4e26-b471-54866d67fe9a,36.473369000000005,-118.8851415
2020-03-17,-1995,2f8d57d0-ccd3-4e26-b471-54866d67fe9a,36.473369000000005,-118.8851415
2020-03-18,-3013,2f8d57d0-ccd3-4e26-b471-54866d67fe9a,36.473369000000005,-118.8851415
2020-03-19,1793,2f8d57d0-ccd3-4e26-b471-54866d67fe9a,36.473369000000005,-118.8851415
2020-03-20,-1970,2f8d57d0-ccd3-4e26-b471-54866d67fe9a,36.473369000000005,-118.8851415
2020-03-21,-1370,2f8d57d0-ccd3-4e26-b471-54866d67fe9a,36.473369000000005,-118.8851415
2020-03-22,-2770,2f8d57d0-ccd3-4e26-b471-54866d67fe9a,36.473369000000005,-118.8851415
2020-03-23,41,2f8d57d0-ccd3-4e26-b471-54866d67fe9a,36.473369000000005,-118.8851415
2020-03-24,180,2f8d57d0-ccd3-4e26-b471-54866d67fe9a,36.473369000000005,-118.8851415
2020-03-25,4777,2f8d57d0-ccd3-4e26-b471-54866d67fe9a,36.473369000000005,-118.8851415
2020-03-26,2301,2f8d57d0-ccd3-4e26-b471-54866d67fe9a,36.473369000000005,-118.8851415
2020-03-27,-2182,2f8d57d0-ccd3-4e26-b471-54866d67fe9a,36.473369000000005,-118.8851415
2020-03-28,2345,2f8d57d0-ccd3-4e26-b471-54866d67fe9a,36.473369000000005,-118.8851415
2020-03-29,1772,2f8d57d0-ccd3-4e26-b471-54866d67fe9a,36.473369000000005,-118.8851415
2020-03-30,-3216,2f8d57d0-ccd3-4e26-b471-54866d67fe9a,36.473369000000005,-118.8851415
2020-03-31,-2746,2f8d57d0-ccd3-4e26-b471-54866d67fe9a,36.473369000000005,-118.8851415
2020-04-01,-2815,2f8d57d0-ccd3-4e26-b471-54866d67fe9a,36.473369000000005,-118.8851415
2020-04-02,-3121,2f8d57d0-ccd3-4e26-b471-54866d67fe9a,36.473369000000005,-118.8851415
2020-04-03,-2429,2f8d57d0-ccd3-4e26-b471-54866d67fe9a,36.473369000000005,-118.8851415
2020-04-04,-3259,2f8d57d0-ccd3-4e26-b471-54866d67fe9a,36.473369000000005,-118.8851415
2020-04-05,4879,2f8d57d0-ccd3-4e26-b471-54866d67fe9a,36.473369000000005,-118.8851415
2020-04-06,5615,2f8d57d0-ccd3-4e26-b471-54866d67fe9a,36.473369000000005,-118.8851415
2020-04-07,-1713,2f8d57d0-ccd3-4e26-b471-54866d67fe9a,36.473369000000005,-118.8851415
2020-04-08,3116,2f8d57d0-ccd3-4e26-b471-54866d67fe9a,36.473369000000005,-118.8851415
2020-04-09,1643,2f8d57d0-ccd3-4e26-b471-54866d67fe9a,36.473369000000005,-118.8851415
2020-04-10,-1651,2f8d57d0-ccd3-4e26-b471-54866d67fe9a,36.473369000000005,-118.8851415
2020-04-11,-2130,2f8d57d0-ccd3-4e26-b471-54866d67fe9a,36.473369000000005,-118.8851415
2020-04-12,-2305,2f8d57d0-ccd3-4e26-b471-54866d67fe9a,36.473369000000005,-118.8851415
2020-04-13,-2122,2f8d57d0-ccd3-4e26-b471-54866d67fe9a,36.473369000000005,-118.8851415
2020-04-14,-1936,2f8d57d0-ccd3-4e26-b471-54866d67fe9a,36.473369000000005,-118.8851415
2020-04-15,-3336,2f8d57d0-ccd3-4e26-b471-54866d67fe9a,36.473369000000005,-118.8851415
2020-04-16,-2515,2f8d57d0-ccd3-4e26-b471-54866d67fe9a,36.473369000000005,-118.8851415
2020-04-17,5691,2f8d57d0-ccd3-4e26-b471-54866d67fe9a,36.473369000000005,-118.8851415
2020-04-18,1275,2f8d57d0-ccd3-4e26-b471-54866d67fe9a,36.473369000000005,-118.8851415
2020-04-19,-464,2f8d57d0-ccd3-4e26-b471-54866d67fe9a,36.473369000000005,-118.8851415
2020-04-21,-960,2f8d57d0-ccd3-4e26-b471-54866d67fe9a,36.473369000000005,-118.8851415
2020-04-22,-2997,2f8d57d0-ccd3-4e26-b471-54866d67fe9a,36.473369000000005,-118.8851415
2020-04-23,-1159,2f8d57d0-ccd3-4e26-b471-54866d67fe9a,36.473369000000005,-118.8851415
2020-04-24,-3010,2f8d57d0-ccd3-4e26-b471-54866d67fe9a,36.473369000000005,-118.8851415
2020-04-25,-2663,2f8d57d0-ccd3-4e26-b471-54866d67fe9a,36.473369000000005,-118.8851415
2020-04-26,313,2f8d57d0-ccd3-4e26-b471-54866d67fe9a,36.473369000000005,-118.8851415
2020-04-27,-2713,2f8d57d0-ccd3-4e26-b471-54866d67fe9a,36.473369000000005,-118.8851415
2020-04-28,-2308,2f8d57d0-ccd3-4e26-b471-54866d67fe9a,36.473369000000005,-118.8851415
2020-04-29,768,2f8d57d0-ccd3-4e26-b471-54866d67fe9a,36.473369000000005,-118.8851415
2020-04-30,-1759,2f8d57d0-ccd3-4e26-b471-54866d67fe9a,36.473369000000005,-118.8851415
2020-05-01,-3538,2f8d57d0-ccd3-4e26-b471-54866d67fe9a,36.473369000000005,-118.8851415
2020-05-02,-2768,2f8d57d0-ccd3-4e26-b471-54866d67fe9a,36.473369000000005,-118.8851415
2020-05-03,-2923,2f8d57d0-ccd3-4e26-b471-54866d67fe9a,36.473369000000005,-118.8851415
2020-05-04,-3641,2f8d57d0-ccd3-4e26-b471-54866d67fe9a,36.473369000000005,-118.8851415
2020-05-05,-2908,2f8d57d0-ccd3-4e26-b471-54866d67fe9a,36.473369000000005,-118.8851415
2020-05-06,-2562,2f8d57d0-ccd3-4e26-b471-54866d67fe9a,36.473369000000005,-118.8851415
2020-05-07,-1887,2f8d57d0-ccd3-4e26-b471-54866d67fe9a,36.473369000000005,-118.8851415
2020-05-08,-3711,2f8d57d0-ccd3-4e26-b471-54866d67fe9a,36.473369000000005,-118.8851415
2020-05-09,-2869,2f8d57d0-ccd3-4e26-b471-54866d67fe9a,36.473369000000005,-118.8851415
2020-05-10,-3429,2f8d57d0-ccd3-4e26-b471-54866d67fe9a,36.473369000000005,-118.8851415
2020-05-11,-3842,2f8d57d0-ccd3-4e26-b471-54866d67fe9a,36.473369000000005,-118.8851415
2020-05-12,-2894,2f8d57d0-ccd3-4e26-b471-54866d67fe9a,36.473369000000005,-118.8851415
2020-05-13,-1895,2f8d57d0-ccd3-4e26-b471-54866d67fe9a,36.473369000000005,-118.8851415
2020-05-14,-3229,2f8d57d0-ccd3-4e26-b471-54866d67fe9a,36.473369000000005,-118.8851415
2020-05-15,-4246,2f8d57d0-ccd3-4e26-b471-54866d67fe9a,36.473369000000005,-118.8851415
2020-05-16,-1797,2f8d57d0-ccd3-4e26-b471-54866d67fe9a,36.473369000000005,-118.8851415
2020-05-17,-4010,2f8d57d0-ccd3-4e26-b471-54866d67fe9a,36.473369000000005,-118.8851415
2020-05-18,-1898,2f8d57d0-ccd3-4e26-b471-54866d67fe9a,36.473369000000005,-118.8851415
2020-05-19,5328,2f8d57d0-ccd3-4e26-b471-54866d67fe9a,36.473369000000005,-118.8851415
2020-05-20,-3714,2f8d57d0-ccd3-4e26-b471-54866d67fe9a,36.473369000000005,-118.8851415
2020-05-21,-3818,2f8d57d0-ccd3-4e26-b471-54866d67fe9a,36.473369000000005,-118.8851415
2020-05-22,-4060,2f8d57d0-ccd3-4e26-b471-54866d67fe9a,36.473369000000005,-118.8851415
2020-05-23,-3192,2f8d57d0-ccd3-4e26-b471-54866d67fe9a,36.473369000000005,-118.8851415
2020-05-24,-4270,2f8d57d0-ccd3-4e26-b471-54866d67fe9a,36.473369000000005,-118.8851415
2020-05-25,-3896,2f8d57d0-ccd3-4e26-b471-54866d67fe9a,36.473369000000005,-118.8851415
2020-05-26,-4308,2f8d57d0-ccd3-4e26-b471-54866d67fe9a,36.473369000000005,-118.8851415
2020-05-27,-4049,2f8d57d0-ccd3-4e26-b471-54866d67fe9a,36.473369000000005,-118.8851415
2020-05-28,-3913,2f8d57d0-ccd3-4e26-b471-54866d67fe9a,36.473369000000005,-118.8851415
2020-05-29,-3732,2f8d57d0-ccd3-4e26-b471-54866d67fe9a,36.473369000000005,-118.8851415
2020-05-30,1670,2f8d57d0-ccd3-4e26-b471-54866d67fe9a,36.473369000000005,-118.8851415
2020-05-31,-4148,2f8d57d0-ccd3-4e26-b471-54866d67fe9a,36.473369000000005,-118.8851415
2020-06-01,567,2f8d57d0-ccd3-4e26-b471-54866d67fe9a,36.473369000000005,-118.8851415
2020-06-02,-1446,2f8d57d0-ccd3-4e26-b471-54866d67fe9a,36.473369000000005,-118.8851415
2020-06-03,-3920,2f8d57d0-ccd3-4e26-b471-54866d67fe9a,36.473369000000005,-118.8851415
2020-06-04,-4233,2f8d57d0-ccd3-4e26-b471-54866d67fe9a,36.473369000000005,-118.8851415
2020-06-05,4264,2f8d57d0-ccd3-4e26-b471-54866d67fe9a,36.473369000000005,-118.8851415
2020-06-06,-585,2f8d57d0-ccd3-4e26-b471-54866d67fe9a,36.473369000000005,-118.8851415
2020-06-07,-3750,2f8d57d0-ccd3-4e26-b471-54866d67fe9a,36.473369000000005,-118.8851415
2020-06-08,-3770,2f8d57d0-ccd3-4e26-b471-54866d67fe9a,36.473369000000005,-118.8851415
2020-06-09,-4630,2f8d57d0-ccd3-4e26-b471-54866d67fe9a,36.473369000000005,-118.8851415
2020-06-10,-4165,2f8d57d0-ccd3-4e26-b471-54866d67fe9a,36.473369000000005,-118.8851415
2020-06-11,-4466,2f8d57d0-ccd3-4e26-b471-54866d67fe9a,36.473369000000005,-118.8851415
2020-06-12,-4341,2f8d57d0-ccd3-4e26-b471-54866d67fe9a,36.473369000000005,-118.8851415
2020-06-13,-4056,2f8d57d0-ccd3-4e26-b471-54866d67fe9a,36.473369000000005,-118.8851415
2020-06-14,-4626,2f8d57d0-ccd3-4e26-b471-54866d67fe9a,36.473369000000005,-118.8851415
2020-06-15,-3676,2f8d57d0-ccd3-4e26-b471-54866d67fe9a,36.473369000000005,-118.8851415
2020-06-16,-4576,2f8d57d0-ccd3-4e26-b471-54866d67fe9a,36.473369000000005,-118.8851415
2020-06-17,-3871,2f8d57d0-ccd3-4e26-b471-54866d67fe9a,36.473369000000005,-118.8851415
2020-06-18,-4652,2f8d57d0-ccd3-4e26-b471-54866d67fe9a,36.473369000000005,-118.8851415
2020-06-19,-4204,2f8d57d0-ccd3-4e26-b471-54866d67fe9a,36.473369000000005,-118.8851415
2020-06-20,-4405,2f8d57d0-ccd3-4e26-b471-54866d67fe9a,36.473369000000005,-118.8851415
2020-06-21,-4458,2f8d57d0-ccd3-4e26-b471-54866d67fe9a,36.473369000000005,-118.8851415
2020-06-22,-3807,2f8d57d0-ccd3-4e26-b471-54866d67fe9a,36.473369000000005,-118.8851415
2020-06-23,-4411,2f8d57d0-ccd3-4e26-b471-54866d67fe9a,36.473369000000005,-118.8851415
2020-06-24,1200,2f8d57d0-ccd3-4e26-b471-54866d67fe9a,36.473369000000005,-118.8851415
2020-06-25,-4619,2f8d57d0-ccd3-4e26-b471-54866d67fe9a,36.473369000000005,-118.8851415
2020-06-26,-3801,2f8d57d0-ccd3-4e26-b471-54866d67fe9a,36.473369000000005,-118.8851415
2020-06-27,-4341,2f8d57d0-ccd3-4e26-b471-54866d67fe9a,36.473369000000005,-118.8851415
2020-06-28,-4664,2f8d57d0-ccd3-4e26-b471-54866d67fe9a,36.473369000000005,-118.8851415
2020-06-29,-4204,2f8d57d0-ccd3-4e26-b471-54866d67fe9a,36.473369000000005,-118.8851415
2020-06-30,-4502,2f8d57d0-ccd3-4e26-b471-54866d67fe9a,36.473369000000005,-118.8851415
2020-07-01,-3859,2f8d57d0-ccd3-4e26-b471-54866d67fe9a,36.473369000000005,-118.8851415
2020-07-02,-4575,2f8d57d0-ccd3-4e26-b471-54866d67fe9a,36.473369000000005,-118.8851415
2020-07-03,-4029,2f8d57d0-ccd3-4e26-b471-54866d67fe9a,36.473369000000005,-118.8851415
2020-07-04,-4455,2f8d57d0-ccd3-4e26-b471-54866d67fe9a,36.473369000000005,-118.8851415
2020-07-05,-4171,2f8d57d0-ccd3-4e26-b471-54866d67fe9a,36.473369000000005,-118.8851415
2020-07-06,-4328,2f8d57d0-ccd3-4e26-b471-54866d67fe9a,36.473369000000005,-118.8851415
2020-07-07,-4413,2f8d57d0-ccd3-4e26-b471-54866d67fe9a,36.473369000000005,-118.8851415
2020-07-08,-4156,2f8d57d0-ccd3-4e26-b471-54866d67fe9a,36.473369000000005,-118.8851415
2020-07-09,-4644,2f8d57d0-ccd3-4e26-b471-54866d67fe9a,36.473369000000005,-118.8851415
2020-07-10,-302,2f8d57d0-ccd3-4e26-b471-54866d67fe9a,36.473369000000005,-118.8851415
2020-07-11,-4567,2f8d57d0-ccd3-4e26-b471-54866d67fe9a,36.473369000000005,-118.8851415
2020-07-12,-4191,2f8d57d0-ccd3-4e26-b471-54866d67fe9a,36.473369000000005,-118.8851415
2020-07-13,-4469,2f8d57d0-ccd3-4e26-b471-54866d67fe9a,36.473369000000005,-118.8851415
2020-07-14,-4549,2f8d57d0-ccd3-4e26-b471-54866d67fe9a,36.473369000000005,-118.8851415
2020-07-15,-4030,2f8d57d0-ccd3-4e26-b471-54866d67fe9a,36.473369000000005,-118.8851415
2020-07-16,-4353,2f8d57d0-ccd3-4e26-b471-54866d67fe9a,36.473369000000005,-118.8851415
2020-07-17,-3799,2f8d57d0-ccd3-4e26-b471-54866d67fe9a,36.473369000000005,-118.8851415
2020-07-18,-4592,2f8d57d0-ccd3-4e26-b471-54866d67fe9a,36.473369000000005,-118.8851415
2020-07-19,-3772,2f8d57d0-ccd3-4e26-b471-54866d67fe9a,36.473369000000005,-118.8851415
2020-07-20,-4593,2f8d57d0-ccd3-4e26-b471-54866d67fe9a,36.473369000000005,-118.8851415
2020-07-21,-2336,2f8d57d0-ccd3-4e26-b471-54866d67fe9a,36.473369000000005,-118.8851415
2020-07-22,-4369,2f8d57d0-ccd3-4e26-b471-54866d67fe9a,36.473369000000005,-118.8851415
2020-07-23,-4315,2f8d57d0-ccd3-4e26-b471-54866d67fe9a,36.473369000000005,-118.8851415
2020-07-24,-4064,2f8d57d0-ccd3-4e26-b471-54866d67fe9a,36.473369000000005,-118.8851415
2020-07-25,-4584,2f8d57d0-ccd3-4e26-b471-54866d67fe9a,36.473369000000005,-118.8851415
2020-07-26,-3369,2f8d57d0-ccd3-4e26-b471-54866d67fe9a,36.473369000000005,-118.8851415
2020-07-27,-4641,2f8d57d0-ccd3-4e26-b471-54866d67fe9a,36.473369000000005,-118.8851415
2020-07-28,-4077,2f8d57d0-ccd3-4e26-b471-54866d67fe9a,36.473369000000005,-118.8851415
2020-07-29,-4448,2f8d57d0-ccd3-4e26-b471-54866d67fe9a,36.473369000000005,-118.8851415
2020-07-30,-4325,2f8d57d0-ccd3-4e26-b471-54866d67fe9a,36.473369000000005,-118.8851415
2020-07-31,-4288,2f8d57d0-ccd3-4e26-b471-54866d67fe9a,36.473369000000005,-118.8851415
2020-08-01,-4606,2f8d57d0-ccd3-4e26-b471-54866d67fe9a,36.473369000000005,-118.8851415
2020-08-02,-3887,2f8d57d0-ccd3-4e26-b471-54866d67fe9a,36.473369000000005,-118.8851415
2020-08-03,-2599,2f8d57d0-ccd3-4e26-b471-54866d67fe9a,36.473369000000005,-118.8851415
2020-08-04,-4021,2f8d57d0-ccd3-4e26-b471-54866d67fe9a,36.473369000000005,-118.8851415
2020-08-05,-4642,2f8d57d0-ccd3-4e26-b471-54866d67fe9a,36.473369000000005,-118.8851415
2020-08-06,-4112,2f8d57d0-ccd3-4e26-b471-54866d67fe9a,36.473369000000005,-118.8851415
2020-08-07,-4223,2f8d57d0-ccd3-4e26-b471-54866d67fe9a,36.473369000000005,-118.8851415
2020-08-08,-4577,2f8d57d0-ccd3-4e26-b471-54866d67fe9a,36.473369000000005,-118.8851415
2020-08-09,-4135,2f8d57d0-ccd3-4e26-b471-54866d67fe9a,36.473369000000005,-118.8851415
2020-08-10,-4545,2f8d57d0-ccd3-4e26-b471-54866d67fe9a,36.473369000000005,-118.8851415
2020-08-11,-3429,2f8d57d0-ccd3-4e26-b471-54866d67fe9a,36.473369000000005,-118.8851415
2020-08-12,-4604,2f8d57d0-ccd3-4e26-b471-54866d67fe9a,36.473369000000005,-118.8851415
2020-08-13,5078,2f8d57d0-ccd3-4e26-b471-54866d67fe9a,36.473369000000005,-118.8851415
2020-08-14,-4097,2f8d57d0-ccd3-4e26-b471-54866d67fe9a,36.473369000000005,-118.8851415
2020-08-15,-3236,2f8d57d0-ccd3-4e26-b471-54866d67fe9a,36.473369000000005,-118.8851415
2020-08-16,-4142,2f8d57d0-ccd3-4e26-b471-54866d67fe9a,36.473369000000005,-118.8851415
2020-08-17,-4005,2f8d57d0-ccd3-4e26-b471-54866d67fe9a,36.473369000000005,-118.8851415
2020-08-18,-1039,2f8d57d0-ccd3-4e26-b471-54866d67fe9a,36.473369000000005,-118.8851415
2020-08-19,480,2f8d57d0-ccd3-4e26-b471-54866d67fe9a,36.473369000000005,-118.8851415
2020-08-20,-87,2f8d57d0-ccd3-4e26-b471-54866d67fe9a,36.473369000000005,-118.8851415
2020-08-21,-4135,2f8d57d0-ccd3-4e26-b471-54866d67fe9a,36.473369000000005,-118.8851415
2020-08-22,-1208,2f8d57d0-ccd3-4e26-b471-54866d67fe9a,36.473369000000005,-118.8851415
2020-08-23,-2708,2f8d57d0-ccd3-4e26-b471-54866d67fe9a,36.473369000000005,-118.8851415
2020-08-24,-1628,2f8d57d0-ccd3-4e26-b471-54866d67fe9a,36.473369000000005,-118.8851415
2020-08-25,-3284,2f8d57d0-ccd3-4e26-b471-54866d67fe9a,36.473369000000005,-118.8851415
2020-08-26,-4238,2f8d57d0-ccd3-4e26-b471-54866d67fe9a,36.473369000000005,-118.8851415
2020-08-27,-2590,2f8d57d0-ccd3-4e26-b471-54866d67fe9a,36.473369000000005,-118.8851415
2020-08-28,-4375,2f8d57d0-ccd3-4e26-b471-54866d67fe9a,36.473369000000005,-118.8851415
2020-08-29,-2773,2f8d57d0-ccd3-4e26-b471-54866d67fe9a,36.473369000000005,-118.8851415
2020-08-30,-4001,2f8d57d0-ccd3-4e26-b471-54866d67fe9a,36.473369000000005,-118.8851415
2020-08-31,-3088,2f8d57d0-ccd3-4e26-b471-54866d67fe9a,36.473369000000005,-118.8851415
2020-09-01,-3257,2f8d57d0-ccd3-4e26-b471-54866d67fe9a,36.473369000000005,-118.8851415
2020-09-02,-3625,2f8d57d0-ccd3-4e26-b471-54866d67fe9a,36.473369000000005,-118.8851415
2020-09-03,-2972,2f8d57d0-ccd3-4e26-b471-54866d67fe9a,36.473369000000005,-118.8851415
2020-09-04,-3515,2f8d57d0-ccd3-4e26-b471-54866d67fe9a,36.473369000000005,-118.8851415
2020-09-05,-1163,2f8d57d0-ccd3-4e26-b471-54866d67fe9a,36.473369000000005,-118.8851415
2020-09-06,-3503,2f8d57d0-ccd3-4e26-b471-54866d67fe9a,36.473369000000005,-118.8851415
2020-09-07,-631,2f8d57d0-ccd3-4e26-b471-54866d67fe9a,36.473369000000005,-118.8851415
2020-09-08,291,2f8d57d0-ccd3-4e26-b471-54866d67fe9a,36.473369000000005,-118.8851415
2020-09-09,-1605,2f8d57d0-ccd3-4e26-b471-54866d67fe9a,36.473369000000005,-118.8851415
2020-09-10,918,2f8d57d0-ccd3-4e26-b471-54866d67fe9a,36.473369000000005,-118.8851415
2020-09-11,-912,2f8d57d0-ccd3-4e26-b471-54866d67fe9a,36.473369000000005,-118.8851415
2020-09-12,1120,2f8d57d0-ccd3-4e26-b471-54866d67fe9a,36.473369000000005,-118.8851415
2020-09-13,553,2f8d57d0-ccd3-4e26-b471-54866d67fe9a,36.473369000000005,-118.8851415
2020-09-14,2388,2f8d57d0-ccd3-4e26-b471-54866d67fe9a,36.473369000000005,-118.8851415
2020-09-15,1001,2f8d57d0-ccd3-4e26-b471-54866d67fe9a,36.473369000000005,-118.8851415
2020-09-16,2698,2f8d57d0-ccd3-4e26-b471-54866d67fe9a,36.473369000000005,-118.8851415
2020-09-17,2380,2f8d57d0-ccd3-4e26-b471-54866d67fe9a,36.473369000000005,-118.8851415
2020-09-18,-266,2f8d57d0-ccd3-4e26-b471-54866d67fe9a,36.473369000000005,-118.8851415
2020-09-19,-2737,2f8d57d0-ccd3-4e26-b471-54866d67fe9a,36.473369000000005,-118.8851415
2020-09-20,-89,2f8d57d0-ccd3-4e26-b471-54866d67fe9a,36.473369000000005,-118.8851415
2020-09-21,-614,2f8d57d0-ccd3-4e26-b471-54866d67fe9a,36.473369000000005,-118.8851415
2020-09-22,-3530,2f8d57d0-ccd3-4e26-b471-54866d67fe9a,36.473369000000005,-118.8851415
2020-09-23,532,2f8d57d0-ccd3-4e26-b471-54866d67fe9a,36.473369000000005,-118.8851415
2020-09-24,-1644,2f8d57d0-ccd3-4e26-b471-54866d67fe9a,36.473369000000005,-118.8851415
2020-09-25,-2515,2f8d57d0-ccd3-4e26-b471-54866d67fe9a,36.473369000000005,-118.8851415
2020-09-26,-1965,2f8d57d0-ccd3-4e26-b471-54866d67fe9a,36.473369000000005,-118.8851415
2020-09-27,143,2f8d57d0-ccd3-4e26-b471-54866d67fe9a,36.473369000000005,-118.8851415
2020-09-28,1251,2f8d57d0-ccd3-4e26-b471-54866d67fe9a,36.473369000000005,-118.8851415
2020-09-29,-3172,2f8d57d0-ccd3-4e26-b471-54866d67fe9a,36.473369000000005,-118.8851415
2020-09-30,403,2f8d57d0-ccd3-4e26-b471-54866d67fe9a,36.473369000000005,-118.8851415
2020-10-01,-3947,2f8d57d0-ccd3-4e26-b471-54866d67fe9a,36.473369000000005,-118.8851415
2020-10-02,-247,2f8d57d0-ccd3-4e26-b471-54866d67fe9a,36.473369000000005,-118.8851415
2020-10-03,-1302,2f8d57d0-ccd3-4e26-b471-54866d67fe9a,36.473369000000005,-118.8851415
2020-10-04,-968,2f8d57d0-ccd3-4e26-b471-54866d67fe9a,36.473369000000005,-118.8851415
2020-10-05,399,2f8d57d0-ccd3-4e26-b471-54866d67fe9a,36.473369000000005,-118.8851415
2020-10-06,-1787,2f8d57d0-ccd3-4e26-b471-54866d67fe9a,36.473369000000005,-118.8851415
2020-10-07,1062,2f8d57d0-ccd3-4e26-b471-54866d67fe9a,36.473369000000005,-118.8851415
2020-10-08,-2202,2f8d57d0-ccd3-4e26-b471-54866d67fe9a,36.473369000000005,-118.8851415
2020-10-09,297,2f8d57d0-ccd3-4e26-b471-54866d67fe9a,36.473369000000005,-118.8851415
2020-10-10,-1532,2f8d57d0-ccd3-4e26-b471-54866d67fe9a,36.473369000000005,-118.8851415
2020-10-11,-3846,2f8d57d0-ccd3-4e26-b471-54866d67fe9a,36.473369000000005,-118.8851415
2020-10-12,-3104,2f8d57d0-ccd3-4e26-b471-54866d67fe9a,36.473369000000005,-118.8851415
2020-10-13,-3487,2f8d57d0-ccd3-4e26-b471-54866d67fe9a,36.473369000000005,-118.8851415
2020-10-14,-188,2f8d57d0-ccd3-4e26-b471-54866d67fe9a,36.473369000000005,-118.8851415
2020-10-15,-3595,2f8d57d0-ccd3-4e26-b471-54866d67fe9a,36.473369000000005,-118.8851415
2020-10-16,-2956,2f8d57d0-ccd3-4e26-b471-54866d67fe9a,36.473369000000005,-118.8851415
2020-10-17,-4145,2f8d57d0-ccd3-4e26-b471-54866d67fe9a,36.473369000000005,-118.8851415
2020-10-18,-3546,2f8d57d0-ccd3-4e26-b471-54866d67fe9a,36.473369000000005,-118.8851415
2020-10-19,-3826,2f8d57d0-ccd3-4e26-b471-54866d67fe9a,36.473369000000005,-118.8851415
2020-10-20,-3381,2f8d57d0-ccd3-4e26-b471-54866d67fe9a,36.473369000000005,-118.8851415
2020-10-21,-2722,2f8d57d0-ccd3-4e26-b471-54866d67fe9a,36.473369000000005,-118.8851415
2020-10-22,-3619,2f8d57d0-ccd3-4e26-b471-54866d67fe9a,36.473369000000005,-118.8851415
2020-10-23,-2155,2f8d57d0-ccd3-4e26-b471-54866d67fe9a,36.473369000000005,-118.8851415
2020-10-24,-4027,2f8d57d0-ccd3-4e26-b471-54866d67fe9a,36.473369000000005,-118.8851415
2020-10-25,-3383,2f8d57d0-ccd3-4e26-b471-54866d67fe9a,36.473369000000005,-118.8851415
2020-10-26,-2387,2f8d57d0-ccd3-4e26-b471-54866d67fe9a,36.473369000000005,-118.8851415
2020-10-27,-3115,2f8d57d0-ccd3-4e26-b471-54866d67fe9a,36.473369000000005,-118.8851415
2020-10-28,-3438,2f8d57d0-ccd3-4e26-b471-54866d67fe9a,36.473369000000005,-118.8851415
2020-10-29,-3842,2f8d57d0-ccd3-4e26-b471-54866d67fe9a,36.473369000000005,-118.8851415
2020-10-30,-1991,2f8d57d0-ccd3-4e26-b471-54866d67fe9a,36.473369000000005,-118.8851415
2020-10-31,-3436,2f8d57d0-ccd3-4e26-b471-54866d67fe9a,36.473369000000005,-118.8851415
2020-11-01,-2574,2f8d57d0-ccd3-4e26-b471-54866d67fe9a,36.473369000000005,-118.8851415
2020-11-02,-3875,2f8d57d0-ccd3-4e26-b471-54866d67fe9a,36.473369000000005,-118.8851415
2020-11-03,-2520,2f8d57d0-ccd3-4e26-b471-54866d67fe9a,36.473369000000005,-118.8851415
2020-11-04,-3383,2f8d57d0-ccd3-4e26-b471-54866d67fe9a,36.473369000000005,-118.8851415
2020-11-05,-3336,2f8d57d0-ccd3-4e26-b471-54866d67fe9a,36.473369000000005,-118.8851415
2020-11-06,-2954,2f8d57d0-ccd3-4e26-b471-54866d67fe9a,36.473369000000005,-118.8851415
2020-11-07,50,2f8d57d0-ccd3-4e26-b471-54866d67fe9a,36.473369000000005,-118.8851415
2020-11-08,3663,2f8d57d0-ccd3-4e26-b471-54866d67fe9a,36.473369000000005,-118.8851415
2020-11-09,-3836,2f8d57d0-ccd3-4e26-b471-54866d67fe9a,36.473369000000005,-118.8851415
2020-11-10,-3862,2f8d57d0-ccd3-4e26-b471-54866d67fe9a,36.473369000000005,-118.8851415
2020-11-11,-4251,2f8d57d0-ccd3-4e26-b471-54866d67fe9a,36.473369000000005,-118.8851415
2020-11-12,-1262,2f8d57d0-ccd3-4e26-b471-54866d67fe9a,36.473369000000005,-118.8851415
2020-11-13,-3890,2f8d57d0-ccd3-4e26-b471-54866d67fe9a,36.473369000000005,-118.8851415
2020-11-14,-4308,2f8d57d0-ccd3-4e26-b471-54866d67fe9a,36.473369000000005,-118.8851415
2020-11-15,-3086,2f8d57d0-ccd3-4e26-b471-54866d67fe9a,36.473369000000005,-118.8851415
2020-11-16,-4266,2f8d57d0-ccd3-4e26-b471-54866d67fe9a,36.473369000000005,-118.8851415
2020-11-17,1544,2f8d57d0-ccd3-4e26-b471-54866d67fe9a,36.473369000000005,-118.8851415
2020-11-18,1031,2f8d57d0-ccd3-4e26-b471-54866d67fe9a,36.473369000000005,-118.8851415
2020-11-19,-3919,2f8d57d0-ccd3-4e26-b471-54866d67fe9a,36.473369000000005,-118.8851415
2020-11-20,1998,2f8d57d0-ccd3-4e26-b471-54866d67fe9a,36.473369000000005,-118.8851415
2020-11-21,-3773,2f8d57d0-ccd3-4e26-b471-54866d67fe9a,36.473369000000005,-118.8851415
2020-11-22,-3644,2f8d57d0-ccd3-4e26-b471-54866d67fe9a,36.473369000000005,-118.8851415
2020-11-23,-3807,2f8d57d0-ccd3-4e26-b471-54866d67fe9a,36.473369000000005,-118.8851415
2020-11-24,-2283,2f8d57d0-ccd3-4e26-b471-54866d67fe9a,36.473369000000005,-118.8851415
2020-11-25,-4062,2f8d57d0-ccd3-4e26-b471-54866d67fe9a,36.473369000000005,-118.8851415
2020-11-26,-3493,2f8d57d0-ccd3-4e26-b471-54866d67fe9a,36.473369000000005,-118.8851415
2020-11-27,-4377,2f8d57d0-ccd3-4e26-b471-54866d67fe9a,36.473369000000005,-118.8851415
2020-11-28,-4535,2f8d57d0-ccd3-4e26-b471-54866d67fe9a,36.473369000000005,-118.8851415
2020-11-29,-4008,2f8d57d0-ccd3-4e26-b471-54866d67fe9a,36.473369000000005,-118.8851415
2020-11-30,-4628,2f8d57d0-ccd3-4e26-b471-54866d67fe9a,36.473369000000005,-118.8851415
2020-12-01,-2748,2f8d57d0-ccd3-4e26-b471-54866d67fe9a,36.473369000000005,-118.8851415
2020-12-02,-4714,2f8d57d0-ccd3-4e26-b471-54866d67fe9a,36.473369000000005,-118.8851415
2020-12-03,-3877,2f8d57d0-ccd3-4e26-b471-54866d67fe9a,36.473369000000005,-118.8851415
2020-12-04,-4228,2f8d57d0-ccd3-4e26-b471-54866d67fe9a,36.473369000000005,-118.8851415
2020-12-05,-4340,2f8d57d0-ccd3-4e26-b471-54866d67fe9a,36.473369000000005,-118.8851415
2020-12-06,-1038,2f8d57d0-ccd3-4e26-b471-54866d67fe9a,36.473369000000005,-118.8851415
2020-12-07,-1140,2f8d57d0-ccd3-4e26-b471-54866d67fe9a,36.473369000000005,-118.8851415
2020-12-08,-1019,2f8d57d0-ccd3-4e26-b471-54866d67fe9a,36.473369000000005,-118.8851415
2020-12-09,307,2f8d57d0-ccd3-4e26-b471-54866d67fe9a,36.473369000000005,-118.8851415
2020-12-10,-3047,2f8d57d0-ccd3-4e26-b471-54866d67fe9a,36.473369000000005,-118.8851415
2020-12-11,-2029,2f8d57d0-ccd3-4e26-b471-54866d67fe9a,36.473369000000005,-118.8851415
2020-12-12,-870,2f8d57d0-ccd3-4e26-b471-54866d67fe9a,36.473369000000005,-118.8851415
2020-12-13,3110,2f8d57d0-ccd3-4e26-b471-54866d67fe9a,36.473369000000005,-118.8851415
2020-12-14,-2014,2f8d57d0-ccd3-4e26-b471-54866d67fe9a,36.473369000000005,-118.8851415
2020-12-15,-3791,2f8d57d0-ccd3-4e26-b471-54866d67fe9a,36.473369000000005,-118.8851415
2020-12-16,-2294,2f8d57d0-ccd3-4e26-b471-54866d67fe9a,36.473369000000005,-118.8851415
2020-12-17,3301,2f8d57d0-ccd3-4e26-b471-54866d67fe9a,36.473369000000005,-118.8851415
2020-12-18,-3824,2f8d57d0-ccd3-4e26-b471-54866d67fe9a,36.473369000000005,-118.8851415
2020-12-19,-3506,2f8d57d0-ccd3-4e26-b471-54866d67fe9a,36.473369000000005,-118.8851415
2020-12-20,-4154,2f8d57d0-ccd3-4e26-b471-54866d67fe9a,36.473369000000005,-118.8851415
2020-12-21,-3943,2f8d57d0-ccd3-4e26-b471-54866d67fe9a,36.473369000000005,-118.8851415
2020-12-22,-3938,2f8d57d0-ccd3-4e26-b471-54866d67fe9a,36.473369000000005,-118.8851415
2020-12-23,-4087,2f8d57d0-ccd3-4e26-b471-54866d67fe9a,36.473369000000005,-118.8851415
2020-12-24,3004,2f8d57d0-ccd3-4e26-b471-54866d67fe9a,36.473369000000005,-118.8851415
2020-12-25,-1837,2f8d57d0-ccd3-4e26-b471-54866d67fe9a,36.473369000000005,-118.8851415
2020-12-26,1065,2f8d57d0-ccd3-4e26-b471-54866d67fe9a,36.473369000000005,-118.8851415
2020-12-27,1784,2f8d57d0-ccd3-4e26-b471-54866d67fe9a,36.473369000000005,-118.8851415
2020-12-28,-215,2f8d57d0-ccd3-4e26-b471-54866d67fe9a,36.473369000000005,-118.8851415
2020-12-29,-3645,2f8d57d0-ccd3-4e26-b471-54866d67fe9a,36.473369000000005,-118.8851415
2020-12-30,-1053,2f8d57d0-ccd3-4e26-b471-54866d67fe9a,36.473369000000005,-118.8851415
2020-12-31,-3540,2f8d57d0-ccd3-4e26-b471-54866d67fe9a,36.473369000000005,-118.8851415
2021-01-01,-4440,2f8d57d0-ccd3-4e26-b471-54866d67fe9a,36.473369000000005,-118.8851415
2021-01-02,359,2f8d57d0-ccd3-4e26-b471-54866d67fe9a,36.473369000000005,-118.8851415
2021-01-03,-2807,2f8d57d0-ccd3-4e26-b471-54866d67fe9a,36.473369000000005,-118.8851415
2021-01-04,-965,2f8d57d0-ccd3-4e26-b471-54866d67fe9a,36.473369000000005,-118.8851415
2021-01-05,-4139,2f8d57d0-ccd3-4e26-b471-54866d67fe9a,36.473369000000005,-118.8851415
2021-01-06,-1069,2f8d57d0-ccd3-4e26-b471-54866d67fe9a,36.473369000000005,-118.8851415
2021-01-07,2745,2f8d57d0-ccd3-4e26-b471-54866d67fe9a,36.473369000000005,-118.8851415
2021-01-08,-2858,2f8d57d0-ccd3-4e26-b471-54866d67fe9a,36.473369000000005,-118.8851415
2021-01-09,-2520,2f8d57d0-ccd3-4e26-b471-54866d67fe9a,36.473369000000005,-118.8851415
2021-01-10,-4429,2f8d57d0-ccd3-4e26-b471-54866d67fe9a,36.473369000000005,-118.8851415
2021-01-11,-1551,2f8d57d0-ccd3-4e26-b471-54866d67fe9a,36.473369000000005,-118.8851415
2021-01-12,3984,2f8d57d0-ccd3-4e26-b471-54866d67fe9a,36.473369000000005,-118.8851415
2021-01-13,-3163,2f8d57d0-ccd3-4e26-b471-54866d67fe9a,36.473369000000005,-118.8851415
2021-01-14,-3816,2f8d57d0-ccd3-4e26-b471-54866d67fe9a,36.473369000000005,-118.8851415
2021-01-15,-4283,2f8d57d0-ccd3-4e26-b471-54866d67fe9a,36.473369000000005,-118.8851415
2021-01-16,-3603,2f8d57d0-ccd3-4e26-b471-54866d67fe9a,36.473369000000005,-118.8851415
2021-01-17,-4367,2f8d57d0-ccd3-4e26-b471-54866d67fe9a,36.473369000000005,-118.8851415
2021-01-18,-2336,2f8d57d0-ccd3-4e26-b471-54866d67fe9a,36.473369000000005,-118.8851415
2021-01-19,-4277,2f8d57d0-ccd3-4e26-b471-54866d67fe9a,36.473369000000005,-118.8851415
2021-01-20,-3617,2f8d57d0-ccd3-4e26-b471-54866d67fe9a,36.473369000000005,-118.8851415
2021-01-21,-4293,2f8d57d0-ccd3-4e26-b471-54866d67fe9a,36.473369000000005,-118.8851415
2021-01-22,2045,2f8d57d0-ccd3-4e26-b471-54866d67fe9a,36.473369000000005,-118.8851415
2021-01-23,-176,2f8d57d0-ccd3-4e26-b471-54866d67fe9a,36.473369000000005,-118.8851415
2021-01-24,-1106,2f8d57d0-ccd3-4e26-b471-54866d67fe9a,36.473369000000005,-118.8851415
2021-01-25,3449,2f8d57d0-ccd3-4e26-b471-54866d67fe9a,36.473369000000005,-118.8851415
2021-01-26,-1190,2f8d57d0-ccd3-4e26-b471-54866d67fe9a,36.473369000000005,-118.8851415
2021-01-27,1850,2f8d57d0-ccd3-4e26-b471-54866d67fe9a,36.473369000000005,-118.8851415
2021-01-28,1588,2f8d57d0-ccd3-4e26-b471-54866d67fe9a,36.473369000000005,-118.8851415
2021-01-29,-936,2f8d57d0-ccd3-4e26-b471-54866d67fe9a,36.473369000000005,-118.8851415
2021-01-30,-3774,2f8d57d0-ccd3-4e26-b471-54866d67fe9a,36.473369000000005,-118.8851415
2021-01-31,-969,2f8d57d0-ccd3-4e26-b471-54866d67fe9a,36.473369000000005,-118.8851415
2021-02-01,-3288,2f8d57d0-ccd3-4e26-b471-54866d67fe9a,36.473369000000005,-118.8851415
2021-02-02,-4306,2f8d57d0-ccd3-4e26-b471-54866d67fe9a,36.473369000000005,-118.8851415
2021-02-03,-411,2f8d57d0-ccd3-4e26-b471-54866d67fe9a,36.473369000000005,-118.8851415
2021-02-04,-4032,2f8d57d0-ccd3-4e26-b471-54866d67fe9a,36.473369000000005,-118.8851415
2021-02-05,-3446,2f8d57d0-ccd3-4e26-b471-54866d67fe9a,36.473369000000005,-118.8851415
2021-02-06,-4262,2f8d57d0-ccd3-4e26-b471-54866d67fe9a,36.473369000000005,-118.8851415
2021-02-07,-3715,2f8d57d0-ccd3-4e26-b471-54866d67fe9a,36.473369000000005,-118.8851415
2021-02-08,-1212,2f8d57d0-ccd3-4e26-b471-54866d67fe9a,36.473369000000005,-118.8851415
2021-02-10,-2893,2f8d57d0-ccd3-4e26-b471-54866d67fe9a,36.473369000000005,-118.8851415
2021-02-11,-1169,2f8d57d0-ccd3-4e26-b471-54866d67fe9a,36.473369000000005,-118.8851415
2021-02-12,-446,2f8d57d0-ccd3-4e26-b471-54866d67fe9a,36.473369000000005,-118.8851415
2021-02-13,5141,2f8d57d0-ccd3-4e26-b471-54866d67fe9a,36.473369000000005,-118.8851415
2021-02-14,-1184,2f8d57d0-ccd3-4e26-b471-54866d67fe9a,36.473369000000005,-118.8851415
2021-02-15,368,2f8d57d0-ccd3-4e26-b471-54866d67fe9a,36.473369000000005,-118.8851415
2021-02-16,-701,2f8d57d0-ccd3-4e26-b471-54866d67fe9a,36.473369000000005,-118.8851415
2021-02-17,-3475,2f8d57d0-ccd3-4e26-b471-54866d67fe9a,36.473369000000005,-118.8851415
2021-02-19,-2570,2f8d57d0-ccd3-4e26-b471-54866d67fe9a,36.473369000000005,-118.8851415
2021-02-20,-1713,2f8d57d0-ccd3-4e26-b471-54866d67fe9a,36.473369000000005,-118.8851415
2021-02-21,-3698,2f8d57d0-ccd3-4e26-b471-54866d67fe9a,36.473369000000005,-118.8851415
2021-02-22,-4162,2f8d57d0-ccd3-4e26-b471-54866d67fe9a,36.473369000000005,-118.8851415
2021-02-23,-2791,2f8d57d0-ccd3-4e26-b471-54866d67fe9a,36.473369000000005,-118.8851415
2021-02-24,-3692,2f8d57d0-ccd3-4e26-b471-54866d67fe9a,36.473369000000005,-118.8851415
2021-02-25,-4192,2f8d57d0-ccd3-4e26-b471-54866d67fe9a,36.473369000000005,-118.8851415
2021-02-26,-3407,2f8d57d0-ccd3-4e26-b471-54866d67fe9a,36.473369000000005,-118.8851415
2021-02-27,-3982,2f8d57d0-ccd3-4e26-b471-54866d67fe9a,36.473369000000005,-118.8851415
2021-02-28,-2501,2f8d57d0-ccd3-4e26-b471-54866d67fe9a,36.473369000000005,-118.8851415
2021-03-01,-4154,2f8d57d0-ccd3-4e26-b471-54866d67fe9a,36.473369000000005,-118.8851415
2021-03-02,-3759,2f8d57d0-ccd3-4e26-b471-54866d67fe9a,36.473369000000005,-118.8851415
2021-03-03,1806,2f8d57d0-ccd3-4e26-b471-54866d67fe9a,36.473369000000005,-118.8851415
2021-03-04,-3928,2f8d57d0-ccd3-4e26-b471-54866d67fe9a,36.473369000000005,-118.8851415
2021-03-05,-3501,2f8d57d0-ccd3-4e26-b471-54866d67fe9a,36.473369000000005,-118.8851415
2021-03-06,-3997,2f8d57d0-ccd3-4e26-b471-54866d67fe9a,36.473369000000005,-118.8851415
2021-03-07,1414,2f8d57d0-ccd3-4e26-b471-54866d67fe9a,36.473369000000005,-118.8851415
2021-03-08,-3865,2f8d57d0-ccd3-4e26-b471-54866d67fe9a,36.473369000000005,-118.8851415
2021-03-09,-1732,2f8d57d0-ccd3-4e26-b471-54866d67fe9a,36.473369000000005,-118.8851415
2021-03-10,715,2f8d57d0-ccd3-4e26-b471-54866d67fe9a,36.473369000000005,-118.8851415
2021-03-11,1874,2f8d57d0-ccd3-4e26-b471-54866d67fe9a,36.473369000000005,-118.8851415
2021-03-12,-1559,2f8d57d0-ccd3-4e26-b471-54866d67fe9a,36.473369000000005,-118.8851415
2021-03-13,-3841,2f8d57d0-ccd3-4e26-b471-54866d67fe9a,36.473369000000005,-118.8851415
2021-03-14,1207,2f8d57d0-ccd3-4e26-b471-54866d67fe9a,36.473369000000005,-118.8851415
2021-03-15,-190,2f8d57d0-ccd3-4e26-b471-54866d67fe9a,36.473369000000005,-118.8851415
2021-03-16,-84,2f8d57d0-ccd3-4e26-b471-54866d67fe9a,36.473369000000005,-118.8851415
2021-03-17,-1914,2f8d57d0-ccd3-4e26-b471-54866d67fe9a,36.473369000000005,-118.8851415
2021-03-18,-2354,2f8d57d0-ccd3-4e26-b471-54866d67fe9a,36.473369000000005,-118.8851415
2021-03-19,-807,2f8d57d0-ccd3-4e26-b471-54866d67fe9a,36.473369000000005,-118.8851415
2021-03-20,1063,2f8d57d0-ccd3-4e26-b471-54866d67fe9a,36.473369000000005,-118.8851415
2021-03-21,-3101,2f8d57d0-ccd3-4e26-b471-54866d67fe9a,36.473369000000005,-118.8851415
2021-03-22,-3555,2f8d57d0-ccd3-4e26-b471-54866d67fe9a,36.473369000000005,-118.8851415
2021-03-23,-944,2f8d57d0-ccd3-4e26-b471-54866d67fe9a,36.473369000000005,-118.8851415
2021-03-24,-57,2f8d57d0-ccd3-4e26-b471-54866d67fe9a,36.473369000000005,-118.8851415
2021-03-25,-2691,2f8d57d0-ccd3-4e26-b471-54866d67fe9a,36.473369000000005,-118.8851415
2021-03-26,-3204,2f8d57d0-ccd3-4e26-b471-54866d67fe9a,36.473369000000005,-118.8851415
2021-03-27,-3314,2f8d57d0-ccd3-4e26-b471-54866d67fe9a,36.473369000000005,-118.8851415
2021-03-28,-3359,2f8d57d0-ccd3-4e26-b471-54866d67fe9a,36.473369000000005,-118.8851415
2021-03-29,-3574,2f8d57d0-ccd3-4e26-b471-54866d67fe9a,36.473369000000005,-118.8851415
2021-03-30,-2916,2f8d57d0-ccd3-4e26-b471-54866d67fe9a,36.473369000000005,-118.8851415
2021-03-31,-3698,2f8d57d0-ccd3-4e26-b471-54866d67fe9a,36.473369000000005,-118.8851415
2021-04-01,-2987,2f8d57d0-ccd3-4e26-b471-54866d67fe9a,36.473369000000005,-118.8851415
2021-04-02,-3716,2f8d57d0-ccd3-4e26-b471-54866d67fe9a,36.473369000000005,-118.8851415
2021-04-03,-3054,2f8d57d0-ccd3-4e26-b471-54866d67fe9a,36.473369000000005,-118.8851415
2021-04-04,-3398,2f8d57d0-ccd3-4e26-b471-54866d67fe9a,36.473369000000005,-118.8851415
2021-04-05,-3383,2f8d57d0-ccd3-4e26-b471-54866d67fe9a,36.473369000000005,-118.8851415
2021-04-06,-3361,2f8d57d0-ccd3-4e26-b471-54866d67fe9a,36.473369000000005,-118.8851415
2021-04-07,-2793,2f8d57d0-ccd3-4e26-b471-54866d67fe9a,36.473369000000005,-118.8851415
2021-04-08,-2465,2f8d57d0-ccd3-4e26-b471-54866d67fe9a,36.473369000000005,-118.8851415
2021-04-09,-3305,2f8d57d0-ccd3-4e26-b471-54866d67fe9a,36.473369000000005,-118.8851415
2021-04-10,-2508,2f8d57d0-ccd3-4e26-b471-54866d67fe9a,36.473369000000005,-118.8851415
2021-04-11,-338,2f8d57d0-ccd3-4e26-b471-54866d67fe9a,36.473369000000005,-118.8851415
2021-04-12,-3916,2f8d57d0-ccd3-4e26-b471-54866d67fe9a,36.473369000000005,-118.8851415
2021-04-13,-3760,2f8d57d0-ccd3-4e26-b471-54866d67fe9a,36.473369000000005,-118.8851415
2021-04-14,-4256,2f8d57d0-ccd3-4e26-b471-54866d67fe9a,36.473369000000005,-118.8851415
2021-04-15,-3700,2f8d57d0-ccd3-4e26-b471-54866d67fe9a,36.473369000000005,-118.8851415
2021-04-16,-4220,2f8d57d0-ccd3-4e26-b471-54866d67fe9a,36.473369000000005,-118.8851415
2021-04-17,-3000,2f8d57d0-ccd3-4e26-b471-54866d67fe9a,36.473369000000005,-118.8851415
2021-04-18,-4378,2f8d57d0-ccd3-4e26-b471-54866d67fe9a,36.473369000000005,-118.8851415
2021-04-19,-4214,2f8d57d0-ccd3-4e26-b471-54866d67fe9a,36.473369000000005,-118.8851415
2021-04-20,-2846,2f8d57d0-ccd3-4e26-b471-54866d67fe9a,36.473369000000005,-118.8851415
2021-04-21,-1951,2f8d57d0-ccd3-4e26-b471-54866d67fe9a,36.473369000000005,-118.8851415
2021-04-22,-3695,2f8d57d0-ccd3-4e26-b471-54866d67fe9a,36.473369000000005,-118.8851415
2021-04-23,-4427,2f8d57d0-ccd3-4e26-b471-54866d67fe9a,36.473369000000005,-118.8851415
2021-04-24,-2470,2f8d57d0-ccd3-4e26-b471-54866d67fe9a,36.473369000000005,-118.8851415
2021-04-25,6598,2f8d57d0-ccd3-4e26-b471-54866d67fe9a,36.473369000000005,-118.8851415
2021-04-26,1017,2f8d57d0-ccd3-4e26-b471-54866d67fe9a,36.473369000000005,-118.8851415
2021-04-27,-3633,2f8d57d0-ccd3-4e26-b471-54866d67fe9a,36.473369000000005,-118.8851415
2021-04-28,-4377,2f8d57d0-ccd3-4e26-b471-54866d67fe9a,36.473369000000005,-118.8851415
2021-04-29,-3919,2f8d57d0-ccd3-4e26-b471-54866d67fe9a,36.473369000000005,-118.8851415
2021-04-30,-4799,2f8d57d0-ccd3-4e26-b471-54866d67fe9a,36.473369000000005,-118.8851415
2021-05-01,-3608,2f8d57d0-ccd3-4e26-b471-54866d67fe9a,36.473369000000005,-118.8851415
2021-05-02,-4540,2f8d57d0-ccd3-4e26-b471-54866d67fe9a,36.473369000000005,-118.8851415
2021-05-03,-3889,2f8d57d0-ccd3-4e26-b471-54866d67fe9a,36.473369000000005,-118.8851415
2021-05-04,-4515,2f8d57d0-ccd3-4e26-b471-54866d67fe9a,36.473369000000005,-118.8851415
2021-05-05,-4068,2f8d57d0-ccd3-4e26-b471-54866d67fe9a,36.473369000000005,-118.8851415
2021-05-06,-3739,2f8d57d0-ccd3-4e26-b471-54866d67fe9a,36.473369000000005,-118.8851415
2021-05-07,-4497,2f8d57d0-ccd3-4e26-b471-54866d67fe9a,36.473369000000005,-118.8851415
2021-05-08,-3924,2f8d57d0-ccd3-4e26-b471-54866d67fe9a,36.473369000000005,-118.8851415
2021-05-09,-4259,2f8d57d0-ccd3-4e26-b471-54866d67fe9a,36.473369000000005,-118.8851415
2021-05-10,-3365,2f8d57d0-ccd3-4e26-b471-54866d67fe9a,36.473369000000005,-118.8851415
2021-05-11,-4597,2f8d57d0-ccd3-4e26-b471-54866d67fe9a,36.473369000000005,-118.8851415
2021-05-12,-4291,2f8d57d0-ccd3-4e26-b471-54866d67fe9a,36.473369000000005,-118.8851415
2021-05-13,-4461,2f8d57d0-ccd3-4e26-b471-54866d67fe9a,36.473369000000005,-118.8851415
2021-05-14,-4388,2f8d57d0-ccd3-4e26-b471-54866d67fe9a,36.473369000000005,-118.8851415
2021-05-15,-4426,2f8d57d0-ccd3-4e26-b471-54866d67fe9a,36.473369000000005,-118.8851415
2021-05-16,-2313,2f8d57d0-ccd3-4e26-b471-54866d67fe9a,36.473369000000005,-118.8851415
2021-05-17,-3687,2f8d57d0-ccd3-4e26-b471-54866d67fe9a,36.473369000000005,-118.8851415
2021-05-18,-4733,2f8d57d0-ccd3-4e26-b471-54866d67fe9a,36.473369000000005,-118.8851415
2021-05-19,-3881,2f8d57d0-ccd3-4e26-b471-54866d67fe9a,36.473369000000005,-118.8851415
2021-05-20,-4569,2f8d57d0-ccd3-4e26-b471-54866d67fe9a,36.473369000000005,-118.8851415
2021-05-21,-2502,2f8d57d0-ccd3-4e26-b471-54866d67fe9a,36.473369000000005,-118.8851415
2021-05-22,-1957,2f8d57d0-ccd3-4e26-b471-54866d67fe9a,36.473369000000005,-118.8851415
2021-05-23,-4701,2f8d57d0-ccd3-4e26-b471-54866d67fe9a,36.473369000000005,-118.8851415
2021-05-24,-4260,2f8d57d0-ccd3-4e26-b471-54866d67fe9a,36.473369000000005,-118.8851415
2021-05-25,-4762,2f8d57d0-ccd3-4e26-b471-54866d67fe9a,36.473369000000005,-118.8851415
2021-05-26,-3620,2f8d57d0-ccd3-4e26-b471-54866d67fe9a,36.473369000000005,-118.8851415
2021-05-27,-4784,2f8d57d0-ccd3-4e26-b471-54866d67fe9a,36.473369000000005,-118.8851415
2021-05-28,-4245,2f8d57d0-ccd3-4e26-b471-54866d67fe9a,36.473369000000005,-118.8851415
2021-05-29,-4231,2f8d57d0-ccd3-4e26-b471-54866d67fe9a,36.473369000000005,-118.8851415
2021-05-30,-4454,2f8d57d0-ccd3-4e26-b471-54866d67fe9a,36.473369000000005,-118.8851415
2021-05-31,-4298,2f8d57d0-ccd3-4e26-b471-54866d67fe9a,36.473369000000005,-118.8851415
2021-06-01,-4624,2f8d57d0-ccd3-4e26-b471-54866d67fe9a,36.473369000000005,-118.8851415
2021-06-02,-3838,2f8d57d0-ccd3-4e26-b471-54866d67fe9a,36.473369000000005,-118.8851415
2021-06-03,5041,2f8d57d0-ccd3-4e26-b471-54866d67fe9a,36.473369000000005,-118.8851415
2021-06-04,-3858,2f8d57d0-ccd3-4e26-b471-54866d67fe9a,36.473369000000005,-118.8851415
2021-06-05,-4602,2f8d57d0-ccd3-4e26-b471-54866d67fe9a,36.473369000000005,-118.8851415
2021-06-06,-4629,2f8d57d0-ccd3-4e26-b471-54866d67fe9a,36.473369000000005,-118.8851415
2021-06-07,4031,2f8d57d0-ccd3-4e26-b471-54866d67fe9a,36.473369000000005,-118.8851415
2021-06-08,-4593,2f8d57d0-ccd3-4e26-b471-54866d67fe9a,36.473369000000005,-118.8851415
2021-06-09,-4217,2f8d57d0-ccd3-4e26-b471-54866d67fe9a,36.473369000000005,-118.8851415
2021-06-10,-4576,2f8d57d0-ccd3-4e26-b471-54866d67fe9a,36.473369000000005,-118.8851415
2021-06-11,-3875,2f8d57d0-ccd3-4e26-b471-54866d67fe9a,36.473369000000005,-118.8851415
2021-06-12,-4637,2f8d57d0-ccd3-4e26-b471-54866d67fe9a,36.473369000000005,-118.8851415
2021-06-13,-4309,2f8d57d0-ccd3-4e26-b471-54866d67fe9a,36.473369000000005,-118.8851415
2021-06-14,-4433,2f8d57d0-ccd3-4e26-b471-54866d67fe9a,36.473369000000005,-118.8851415
2021-06-15,-4463,2f8d57d0-ccd3-4e26-b471-54866d67fe9a,36.473369000000005,-118.8851415
2021-06-16,-3503,2f8d57d0-ccd3-4e26-b471-54866d67fe9a,36.473369000000005,-118.8851415
2021-06-17,-3522,2f8d57d0-ccd3-4e26-b471-54866d67fe9a,36.473369000000005,-118.8851415
2021-06-18,961,2f8d57d0-ccd3-4e26-b471-54866d67fe9a,36.473369000000005,-118.8851415
2021-06-19,-4662,2f8d57d0-ccd3-4e26-b471-54866d67fe9a,36.473369000000005,-118.8851415
2021-06-20,-3867,2f8d57d0-ccd3-4e26-b471-54866d67fe9a,36.473369000000005,-118.8851415
2021-06-21,-4640,2f8d57d0-ccd3-4e26-b471-54866d67fe9a,36.473369000000005,-118.8851415
2021-06-22,-4744,2f8d57d0-ccd3-4e26-b471-54866d67fe9a,36.473369000000005,-118.8851415
2021-06-23,-4332,2f8d57d0-ccd3-4e26-b471-54866d67fe9a,36.473369000000005,-118.8851415
2021-06-24,-4763,2f8d57d0-ccd3-4e26-b471-54866d67fe9a,36.473369000000005,-118.8851415
2021-06-25,-4035,2f8d57d0-ccd3-4e26-b471-54866d67fe9a,36.473369000000005,-118.8851415
2021-06-26,-4696,2f8d57d0-ccd3-4e26-b471-54866d67fe9a,36.473369000000005,-118.8851415
2021-06-27,-3581,2f8d57d0-ccd3-4e26-b471-54866d67fe9a,36.473369000000005,-118.8851415
2021-06-28,-4550,2f8d57d0-ccd3-4e26-b471-54866d67fe9a,36.473369000000005,-118.8851415
2021-06-29,-401,2f8d57d0-ccd3-4e26-b471-54866d67fe9a,36.473369000000005,-118.8851415
2021-06-30,-382,2f8d57d0-ccd3-4e26-b471-54866d67fe9a,36.473369000000005,-118.8851415
2021-07-01,-4358,2f8d57d0-ccd3-4e26-b471-54866d67fe9a,36.473369000000005,-118.8851415
2021-07-02,-4302,2f8d57d0-ccd3-4e26-b471-54866d67fe9a,36.473369000000005,-118.8851415
2021-07-03,-4642,2f8d57d0-ccd3-4e26-b471-54866d67fe9a,36.473369000000005,-118.8851415
2021-07-04,-4119,2f8d57d0-ccd3-4e26-b471-54866d67fe9a,36.473369000000005,-118.8851415
2021-07-05,-4633,2f8d57d0-ccd3-4e26-b471-54866d67fe9a,36.473369000000005,-118.8851415
2021-07-06,-3819,2f8d57d0-ccd3-4e26-b471-54866d67fe9a,36.473369000000005,-118.8851415
2021-07-07,-4545,2f8d57d0-ccd3-4e26-b471-54866d67fe9a,36.473369000000005,-118.8851415
2021-07-08,-4413,2f8d57d0-ccd3-4e26-b471-54866d67fe9a,36.473369000000005,-118.8851415
2021-07-09,-4304,2f8d57d0-ccd3-4e26-b471-54866d67fe9a,36.473369000000005,-118.8851415
2021-07-10,-4439,2f8d57d0-ccd3-4e26-b471-54866d67fe9a,36.473369000000005,-118.8851415
2021-07-11,-3160,2f8d57d0-ccd3-4e26-b471-54866d67fe9a,36.473369000000005,-118.8851415
2021-07-12,-4319,2f8d57d0-ccd3-4e26-b471-54866d67fe9a,36.473369000000005,-118.8851415
2021-07-13,-1242,2f8d57d0-ccd3-4e26-b471-54866d67fe9a,36.473369000000005,-118.8851415
2021-07-14,-4489,2f8d57d0-ccd3-4e26-b471-54866d67fe9a,36.473369000000005,-118.8851415
2021-07-15,-3996,2f8d57d0-ccd3-4e26-b471-54866d67fe9a,36.473369000000005,-118.8851415
2021-07-16,-4626,2f8d57d0-ccd3-4e26-b471-54866d67fe9a,36.473369000000005,-118.8851415
2021-07-17,-4375,2f8d57d0-ccd3-4e26-b471-54866d67fe9a,36.473369000000005,-118.8851415
2021-07-18,-847,2f8d57d0-ccd3-4e26-b471-54866d67fe9a,36.473369000000005,-118.8851415
2021-07-19,-4391,2f8d57d0-ccd3-4e26-b471-54866d67fe9a,36.473369000000005,-118.8851415
2021-07-20,-4058,2f8d57d0-ccd3-4e26-b471-54866d67fe9a,36.473369000000005,-118.8851415
2021-07-21,-4553,2f8d57d0-ccd3-4e26-b471-54866d67fe9a,36.473369000000005,-118.8851415
2021-07-22,-3547,2f8d57d0-ccd3-4e26-b471-54866d67fe9a,36.473369000000005,-118.8851415
2021-07-23,-4440,2f8d57d0-ccd3-4e26-b471-54866d67fe9a,36.473369000000005,-118.8851415
2021-07-24,-3873,2f8d57d0-ccd3-4e26-b471-54866d67fe9a,36.473369000000005,-118.8851415
2021-07-25,-2489,2f8d57d0-ccd3-4e26-b471-54866d67fe9a,36.473369000000005,-118.8851415
2021-07-26,2060,2f8d57d0-ccd3-4e26-b471-54866d67fe9a,36.473369000000005,-118.8851415
2021-07-27,-4365,2f8d57d0-ccd3-4e26-b471-54866d67fe9a,36.473369000000005,-118.8851415
2021-07-28,-4538,2f8d57d0-ccd3-4e26-b471-54866d67fe9a,36.473369000000005,-118.8851415
2021-07-29,415,2f8d57d0-ccd3-4e26-b471-54866d67fe9a,36.473369000000005,-118.8851415
2021-07-30,-2890,2f8d57d0-ccd3-4e26-b471-54866d67fe9a,36.473369000000005,-118.8851415
2021-07-31,-722,2f8d57d0-ccd3-4e26-b471-54866d67fe9a,36.473369000000005,-118.8851415
2021-08-01,-4640,2f8d57d0-ccd3-4e26-b471-54866d67fe9a,36.473369000000005,-118.8851415
2021-08-02,-4744,2f8d57d0-ccd3-4e26-b471-54866d67fe9a,36.473369000000005,-118.8851415
2021-08-03,-4533,2f8d57d0-ccd3-4e26-b471-54866d67fe9a,36.473369000000005,-118.8851415
2021-08-04,-4695,2f8d57d0-ccd3-4e26-b471-54866d67fe9a,36.473369000000005,-118.8851415
2021-08-05,-4123,2f8d57d0-ccd3-4e26-b471-54866d67fe9a,36.473369000000005,-118.8851415
2021-08-06,-4732,2f8d57d0-ccd3-4e26-b471-54866d67fe9a,36.473369000000005,-118.8851415
2021-08-07,-4017,2f8d57d0-ccd3-4e26-b471-54866d67fe9a,36.473369000000005,-118.8851415
2021-08-08,-4514,2f8d57d0-ccd3-4e26-b471-54866d67fe9a,36.473369000000005,-118.8851415
2021-08-09,-3598,2f8d57d0-ccd3-4e26-b471-54866d67fe9a,36.473369000000005,-118.8851415
2021-08-10,-4748,2f8d57d0-ccd3-4e26-b471-54866d67fe9a,36.473369000000005,-118.8851415
2021-08-11,-4529,2f8d57d0-ccd3-4e26-b471-54866d67fe9a,36.473369000000005,-118.8851415
2021-08-12,-2813,2f8d57d0-ccd3-4e26-b471-54866d67fe9a,36.473369000000005,-118.8851415
2021-08-13,-4525,2f8d57d0-ccd3-4e26-b471-54866d67fe9a,36.473369000000005,-118.8851415
2021-08-14,-2789,2f8d57d0-ccd3-4e26-b471-54866d67fe9a,36.473369000000005,-118.8851415
2021-08-15,-4462,2f8d57d0-ccd3-4e26-b471-54866d67fe9a,36.473369000000005,-118.8851415
2021-08-16,-1219,2f8d57d0-ccd3-4e26-b471-54866d67fe9a,36.473369000000005,-118.8851415
2021-08-17,-4308,2f8d57d0-ccd3-4e26-b471-54866d67fe9a,36.473369000000005,-118.8851415
2021-08-18,-4410,2f8d57d0-ccd3-4e26-b471-54866d67fe9a,36.473369000000005,-118.8851415
2021-08-19,-3736,2f8d57d0-ccd3-4e26-b471-54866d67fe9a,36.473369000000005,-118.8851415
2021-08-20,-2077,2f8d57d0-ccd3-4e26-b471-54866d67fe9a,36.473369000000005,-118.8851415
2021-08-21,-3039,2f8d57d0-ccd3-4e26-b471-54866d67fe9a,36.473369000000005,-118.8851415
2021-08-22,-3788,2f8d57d0-ccd3-4e26-b471-54866d67fe9a,36.473369000000005,-118.8851415
2021-08-23,-1327,2f8d57d0-ccd3-4e26-b471-54866d67fe9a,36.473369000000005,-118.8851415
2021-08-24,-4582,2f8d57d0-ccd3-4e26-b471-54866d67fe9a,36.473369000000005,-118.8851415
2021-08-25,-3774,2f8d57d0-ccd3-4e26-b471-54866d67fe9a,36.473369000000005,-118.8851415
2021-08-26,-4617,2f8d57d0-ccd3-4e26-b471-54866d67fe9a,36.473369000000005,-118.8851415
2021-08-27,-4182,2f8d57d0-ccd3-4e26-b471-54866d67fe9a,36.473369000000005,-118.8851415
2021-08-28,-4054,2f8d57d0-ccd3-4e26-b471-54866d67fe9a,36.473369000000005,-118.8851415
2021-08-29,-4540,2f8d57d0-ccd3-4e26-b471-54866d67fe9a,36.473369000000005,-118.8851415
2021-08-30,-3006,2f8d57d0-ccd3-4e26-b471-54866d67fe9a,36.473369000000005,-118.8851415
2021-08-31,-4632,2f8d57d0-ccd3-4e26-b471-54866d67fe9a,36.473369000000005,-118.8851415
2021-09-01,-4182,2f8d57d0-ccd3-4e26-b471-54866d67fe9a,36.473369000000005,-118.8851415
2021-09-02,-4645,2f8d57d0-ccd3-4e26-b471-54866d67fe9a,36.473369000000005,-118.8851415
2021-09-03,-4707,2f8d57d0-ccd3-4e26-b471-54866d67fe9a,36.473369000000005,-118.8851415
2021-09-04,-4262,2f8d57d0-ccd3-4e26-b471-54866d67fe9a,36.473369000000005,-118.8851415
2021-09-05,-4633,2f8d57d0-ccd3-4e26-b471-54866d67fe9a,36.473369000000005,-118.8851415
2021-09-06,-4103,2f8d57d0-ccd3-4e26-b471-54866d67fe9a,36.473369000000005,-118.8851415
2021-09-07,-4553,2f8d57d0-ccd3-4e26-b471-54866d67fe9a,36.473369000000005,-118.8851415
2021-09-08,-3698,2f8d57d0-ccd3-4e26-b471-54866d67fe9a,36.473369000000005,-118.8851415
2021-09-09,-4093,2f8d57d0-ccd3-4e26-b471-54866d67fe9a,36.473369000000005,-118.8851415
2021-09-10,-2643,2f8d57d0-ccd3-4e26-b471-54866d67fe9a,36.473369000000005,-118.8851415
2021-09-11,-4707,2f8d57d0-ccd3-4e26-b471-54866d67fe9a,36.473369000000005,-118.8851415
2021-09-12,-2102,2f8d57d0-ccd3-4e26-b471-54866d67fe9a,36.473369000000005,-118.8851415
2021-09-13,-603,2f8d57d0-ccd3-4e26-b471-54866d67fe9a,36.473369000000005,-118.8851415
2021-09-14,-274,2f8d57d0-ccd3-4e26-b471-54866d67fe9a,36.473369000000005,-118.8851415
2021-09-15,843,2f8d57d0-ccd3-4e26-b471-54866d67fe9a,36.473369000000005,-118.8851415
2021-09-16,926,2f8d57d0-ccd3-4e26-b471-54866d67fe9a,36.473369000000005,-118.8851415
2021-09-17,2175,2f8d57d0-ccd3-4e26-b471-54866d67fe9a,36.473369000000005,-118.8851415
2021-09-18,-2551,2f8d57d0-ccd3-4e26-b471-54866d67fe9a,36.473369000000005,-118.8851415
2021-09-19,-3074,2f8d57d0-ccd3-4e26-b471-54866d67fe9a,36.473369000000005,-118.8851415
2021-09-20,-215,2f8d57d0-ccd3-4e26-b471-54866d67fe9a,36.473369000000005,-118.8851415
2021-09-21,1109,2f8d57d0-ccd3-4e26-b471-54866d67fe9a,36.473369000000005,-118.8851415
2021-09-23,-2267,2f8d57d0-ccd3-4e26-b471-54866d67fe9a,36.473369000000005,-118.8851415
2021-09-24,1287,2f8d57d0-ccd3-4e26-b471-54866d67fe9a,36.473369000000005,-118.8851415
2021-09-25,469,2f8d57d0-ccd3-4e26-b471-54866d67fe9a,36.473369000000005,-118.8851415
2021-09-26,1145,2f8d57d0-ccd3-4e26-b471-54866d67fe9a,36.473369000000005,-118.8851415
2021-09-27,-1454,2f8d57d0-ccd3-4e26-b471-54866d67fe9a,36.473369000000005,-118.8851415
2021-09-28,714,2f8d57d0-ccd3-4e26-b471-54866d67fe9a,36.473369000000005,-118.8851415
2021-09-29,-897,2f8d57d0-ccd3-4e26-b471-54866d67fe9a,36.473369000000005,-118.8851415
2021-09-30,39,2f8d57d0-ccd3-4e26-b471-54866d67fe9a,36.473369000000005,-118.8851415
2021-10-01,1735,2f8d57d0-ccd3-4e26-b471-54866d67fe9a,36.473369000000005,-118.8851415
2021-10-02,503,2f8d57d0-ccd3-4e26-b471-54866d67fe9a,36.473369000000005,-118.8851415
2021-10-03,1617,2f8d57d0-ccd3-4e26-b471-54866d67fe9a,36.473369000000005,-118.8851415
2021-10-04,-134,2f8d57d0-ccd3-4e26-b471-54866d67fe9a,36.473369000000005,-118.8851415
2021-10-05,1880,2f8d57d0-ccd3-4e26-b471-54866d67fe9a,36.473369000000005,-118.8851415
2021-10-06,-752,2f8d57d0-ccd3-4e26-b471-54866d67fe9a,36.473369000000005,-118.8851415
2021-10-07,-731,2f8d57d0-ccd3-4e26-b471-54866d67fe9a,36.473369000000005,-118.8851415
2021-10-08,1514,2f8d57d0-ccd3-4e26-b471-54866d67fe9a,36.473369000000005,-118.8851415
2021-10-09,-2211,2f8d57d0-ccd3-4e26-b471-54866d67fe9a,36.473369000000005,-118.8851415
2021-10-10,-1200,2f8d57d0-ccd3-4e26-b471-54866d67fe9a,36.473369000000005,-118.8851415
2021-10-11,1515,2f8d57d0-ccd3-4e26-b471-54866d67fe9a,36.473369000000005,-118.8851415
2021-10-12,-4316,2f8d57d0-ccd3-4e26-b471-54866d67fe9a,36.473369000000005,-118.8851415
2021-10-13,-3280,2f8d57d0-ccd3-4e26-b471-54866d67fe9a,36.473369000000005,-118.8851415
2021-10-14,-4525,2f8d57d0-ccd3-4e26-b471-54866d67fe9a,36.473369000000005,-118.8851415
2021-10-15,-3538,2f8d57d0-ccd3-4e26-b471-54866d67fe9a,36.473369000000005,-118.8851415
2021-10-16,-4565,2f8d57d0-ccd3-4e26-b471-54866d67fe9a,36.473369000000005,-118.8851415
2021-10-17,-2902,2f8d57d0-ccd3-4e26-b471-54866d67fe9a,36.473369000000005,-118.8851415
2021-10-18,-4051,2f8d57d0-ccd3-4e26-b471-54866d67fe9a,36.473369000000005,-118.8851415
2021-10-19,-3405,2f8d57d0-ccd3-4e26-b471-54866d67fe9a,36.473369000000005,-118.8851415
2021-10-20,-4318,2f8d57d0-ccd3-4e26-b471-54866d67fe9a,36.473369000000005,-118.8851415
2021-10-21,-1683,2f8d57d0-ccd3-4e26-b471-54866d67fe9a,36.473369000000005,-118.8851415
2021-10-22,-3541,2f8d57d0-ccd3-4e26-b471-54866d67fe9a,36.473369000000005,-118.8851415
2021-10-23,1678,2f8d57d0-ccd3-4e26-b471-54866d67fe9a,36.473369000000005,-118.8851415
2021-10-24,3222,2f8d57d0-ccd3-4e26-b471-54866d67fe9a,36.473369000000005,-118.8851415
2021-10-25,5250,2f8d57d0-ccd3-4e26-b471-54866d67fe9a,36.473369000000005,-118.8851415
2021-10-26,-3136,2f8d57d0-ccd3-4e26-b471-54866d67fe9a,36.473369000000005,-118.8851415
2021-10-27,-4411,2f8d57d0-ccd3-4e26-b471-54866d67fe9a,36.473369000000005,-118.8851415
2021-10-28,-4110,2f8d57d0-ccd3-4e26-b471-54866d67fe9a,36.473369000000005,-118.8851415
2021-10-29,-4409,2f8d57d0-ccd3-4e26-b471-54866d67fe9a,36.473369000000005,-118.8851415
2021-10-30,-3560,2f8d57d0-ccd3-4e26-b471-54866d67fe9a,36.473369000000005,-118.8851415
2021-10-31,-62,2f8d57d0-ccd3-4e26-b471-54866d67fe9a,36.473369000000005,-118.8851415
2021-11-01,97,2f8d57d0-ccd3-4e26-b471-54866d67fe9a,36.473369000000005,-118.8851415
2021-11-02,-3039,2f8d57d0-ccd3-4e26-b471-54866d67fe9a,36.473369000000005,-118.8851415
2021-11-03,-4293,2f8d57d0-ccd3-4e26-b471-54866d67fe9a,36.473369000000005,-118.8851415
2021-11-04,-2479,2f8d57d0-ccd3-4e26-b471-54866d67fe9a,36.473369000000005,-118.8851415
2021-11-05,-4386,2f8d57d0-ccd3-4e26-b471-54866d67fe9a,36.473369000000005,-118.8851415
2021-11-06,-3158,2f8d57d0-ccd3-4e26-b471-54866d67fe9a,36.473369000000005,-118.8851415
2021-11-07,-1805,2f8d57d0-ccd3-4e26-b471-54866d67fe9a,36.473369000000005,-118.8851415
2021-11-08,-4033,2f8d57d0-ccd3-4e26-b471-54866d67fe9a,36.473369000000005,-118.8851415
2021-11-09,886,2f8d57d0-ccd3-4e26-b471-54866d67fe9a,36.473369000000005,-118.8851415
2021-11-10,-4002,2f8d57d0-ccd3-4e26-b471-54866d67fe9a,36.473369000000005,-118.8851415
2021-11-11,-2317,2f8d57d0-ccd3-4e26-b471-54866d67fe9a,36.473369000000005,-118.8851415
2021-11-12,-4015,2f8d57d0-ccd3-4e26-b471-54866d67fe9a,36.473369000000005,-118.8851415
2021-11-13,-3436,2f8d57d0-ccd3-4e26-b471-54866d67fe9a,36.473369000000005,-118.8851415
2021-11-14,-3857,2f8d57d0-ccd3-4e26-b471-54866d67fe9a,36.473369000000005,-118.8851415
2021-11-15,-2265,2f8d57d0-ccd3-4e26-b471-54866d67fe9a,36.473369000000005,-118.8851415
2021-11-16,-3572,2f8d57d0-ccd3-4e26-b471-54866d67fe9a,36.473369000000005,-118.8851415
2021-11-17,-3877,2f8d57d0-ccd3-4e26-b471-54866d67fe9a,36.473369000000005,-118.8851415
2021-11-18,-1340,2f8d57d0-ccd3-4e26-b471-54866d67fe9a,36.473369000000005,-118.8851415
2021-11-19,-3616,2f8d57d0-ccd3-4e26-b471-54866d67fe9a,36.473369000000005,-118.8851415
2021-11-20,-1349,2f8d57d0-ccd3-4e26-b471-54866d67fe9a,36.473369000000005,-118.8851415
2021-11-21,-3950,2f8d57d0-ccd3-4e26-b471-54866d67fe9a,36.473369000000005,-118.8851415
2021-11-22,-3945,2f8d57d0-ccd3-4e26-b471-54866d67fe9a,36.473369000000005,-118.8851415
2021-11-23,-3930,2f8d57d0-ccd3-4e26-b471-54866d67fe9a,36.473369000000005,-118.8851415
2021-11-24,-3832,2f8d57d0-ccd3-4e26-b471-54866d67fe9a,36.473369000000005,-118.8851415
2021-11-25,-3463,2f8d57d0-ccd3-4e26-b471-54866d67fe9a,36.473369000000005,-118.8851415
2021-11-26,-1680,2f8d57d0-ccd3-4e26-b471-54866d67fe9a,36.473369000000005,-118.8851415
2021-11-27,-2972,2f8d57d0-ccd3-4e26-b471-54866d67fe9a,36.473369000000005,-118.8851415
2021-11-28,-4258,2f8d57d0-ccd3-4e26-b471-54866d67fe9a,36.473369000000005,-118.8851415
2021-11-29,-3568,2f8d57d0-ccd3-4e26-b471-54866d67fe9a,36.473369000000005,-118.8851415
2021-11-30,-4049,2f8d57d0-ccd3-4e26-b471-54866d67fe9a,36.473369000000005,-118.8851415
2021-12-01,-4261,2f8d57d0-ccd3-4e26-b471-54866d67fe9a,36.473369000000005,-118.8851415
2021-12-02,-3339,2f8d57d0-ccd3-4e26-b471-54866d67fe9a,36.473369000000005,-118.8851415
2021-12-03,-4443,2f8d57d0-ccd3-4e26-b471-54866d67fe9a,36.473369000000005,-118.8851415
2021-12-04,-2008,2f8d57d0-ccd3-4e26-b471-54866d67fe9a,36.473369000000005,-118.8851415
2021-12-05,-3824,2f8d57d0-ccd3-4e26-b471-54866d67fe9a,36.473369000000005,-118.8851415
2021-12-06,1478,2f8d57d0-ccd3-4e26-b471-54866d67fe9a,36.473369000000005,-118.8851415
2021-12-07,-3921,2f8d57d0-ccd3-4e26-b471-54866d67fe9a,36.473369000000005,-118.8851415
2021-12-08,-4096,2f8d57d0-ccd3-4e26-b471-54866d67fe9a,36.473369000000005,-118.8851415
2021-12-09,2747,2f8d57d0-ccd3-4e26-b471-54866d67fe9a,36.473369000000005,-118.8851415
2021-12-10,-2828,2f8d57d0-ccd3-4e26-b471-54866d67fe9a,36.473369000000005,-118.8851415
2021-12-11,-3355,2f8d57d0-ccd3-4e26-b471-54866d67fe9a,36.473369000000005,-118.8851415
2021-12-12,-4251,2f8d57d0-ccd3-4e26-b471-54866d67fe9a,36.473369000000005,-118.8851415
2021-12-13,2507,2f8d57d0-ccd3-4e26-b471-54866d67fe9a,36.473369000000005,-118.8851415
2021-12-14,4009,2f8d57d0-ccd3-4e26-b471-54866d67fe9a,36.473369000000005,-118.8851415
2021-12-15,2143,2f8d57d0-ccd3-4e26-b471-54866d67fe9a,36.473369000000005,-118.8851415
2021-12-16,3401,2f8d57d0-ccd3-4e26-b471-54866d67fe9a,36.473369000000005,-118.8851415
2021-12-17,119,2f8d57d0-ccd3-4e26-b471-54866d67fe9a,36.473369000000005,-118.8851415
2021-12-18,-321,2f8d57d0-ccd3-4e26-b471-54866d67fe9a,36.473369000000005,-118.8851415
2021-12-19,-3597,2f8d57d0-ccd3-4e26-b471-54866d67fe9a,36.473369000000005,-118.8851415
2021-12-20,147,2f8d57d0-ccd3-4e26-b471-54866d67fe9a,36.473369000000005,-118.8851415
2021-12-21,-3597,2f8d57d0-ccd3-4e26-b471-54866d67fe9a,36.473369000000005,-118.8851415
2021-12-22,580,2f8d57d0-ccd3-4e26-b471-54866d67fe9a,36.473369000000005,-118.8851415
2021-12-23,4480,2f8d57d0-ccd3-4e26-b471-54866d67fe9a,36.473369000000005,-118.8851415
2021-12-24,5358,2f8d57d0-ccd3-4e26-b471-54866d67fe9a,36.473369000000005,-118.8851415
2021-12-25,-2262,2f8d57d0-ccd3-4e26-b471-54866d67fe9a,36.473369000000005,-118.8851415
2021-12-26,-154,2f8d57d0-ccd3-4e26-b471-54866d67fe9a,36.473369000000005,-118.8851415
2021-12-27,3266,2f8d57d0-ccd3-4e26-b471-54866d67fe9a,36.473369000000005,-118.8851415
2021-12-28,4055,2f8d57d0-ccd3-4e26-b471-54866d67fe9a,36.473369000000005,-118.8851415
2021-12-29,1371,2f8d57d0-ccd3-4e26-b471-54866d67fe9a,36.473369000000005,-118.8851415
2021-12-30,-2962,2f8d57d0-ccd3-4e26-b471-54866d67fe9a,36.473369000000005,-118.8851415
