date,mod10a1_ndsi,cell_id,latitude,longitude
2020-01-01,2028,39f27d8d-0a9d-463e-8a89-4bf5c8c580fe,37.2996245,-106.5063565
2020-01-02,3706,39f27d8d-0a9d-463e-8a89-4bf5c8c580fe,37.2996245,-106.5063565
2020-01-03,1791,39f27d8d-0a9d-463e-8a89-4bf5c8c580fe,37.2996245,-106.5063565
2020-01-04,2877,39f27d8d-0a9d-463e-8a89-4bf5c8c580fe,37.2996245,-106.5063565
2020-01-05,3020,39f27d8d-0a9d-463e-8a89-4bf5c8c580fe,37.2996245,-106.5063565
2020-01-06,1323,39f27d8d-0a9d-463e-8a89-4bf5c8c580fe,37.2996245,-106.5063565
2020-01-07,4785,39f27d8d-0a9d-463e-8a89-4bf5c8c580fe,37.2996245,-106.5063565
2020-01-08,2637,39f27d8d-0a9d-463e-8a89-4bf5c8c580fe,37.2996245,-106.5063565
2020-01-09,3488,39f27d8d-0a9d-463e-8a89-4bf5c8c580fe,37.2996245,-106.5063565
2020-01-10,2012,39f27d8d-0a9d-463e-8a89-4bf5c8c580fe,37.2996245,-106.5063565
2020-01-11,2647,39f27d8d-0a9d-463e-8a89-4bf5c8c580fe,37.2996245,-106.5063565
2020-01-12,1853,39f27d8d-0a9d-463e-8a89-4bf5c8c580fe,37.2996245,-106.5063565
2020-01-13,2854,39f27d8d-0a9d-463e-8a89-4bf5c8c580fe,37.2996245,-106.5063565
2020-01-14,3030,39f27d8d-0a9d-463e-8a89-4bf5c8c580fe,37.2996245,-106.5063565
2020-01-15,1710,39f27d8d-0a9d-463e-8a89-4bf5c8c580fe,37.2996245,-106.5063565
2020-01-16,3534,39f27d8d-0a9d-463e-8a89-4bf5c8c580fe,37.2996245,-106.5063565
2020-01-17,2830,39f27d8d-0a9d-463e-8a89-4bf5c8c580fe,37.2996245,-106.5063565
2020-01-18,3150,39f27d8d-0a9d-463e-8a89-4bf5c8c580fe,37.2996245,-106.5063565
2020-01-19,2491,39f27d8d-0a9d-463e-8a89-4bf5c8c580fe,37.2996245,-106.5063565
2020-01-20,2700,39f27d8d-0a9d-463e-8a89-4bf5c8c580fe,37.2996245,-106.5063565
2020-01-21,1382,39f27d8d-0a9d-463e-8a89-4bf5c8c580fe,37.2996245,-106.5063565
2020-01-22,1610,39f27d8d-0a9d-463e-8a89-4bf5c8c580fe,37.2996245,-106.5063565
2020-01-23,3515,39f27d8d-0a9d-463e-8a89-4bf5c8c580fe,37.2996245,-106.5063565
2020-01-24,2445,39f27d8d-0a9d-463e-8a89-4bf5c8c580fe,37.2996245,-106.5063565
2020-01-25,4646,39f27d8d-0a9d-463e-8a89-4bf5c8c580fe,37.2996245,-106.5063565
2020-01-26,3500,39f27d8d-0a9d-463e-8a89-4bf5c8c580fe,37.2996245,-106.5063565
2020-01-27,2010,39f27d8d-0a9d-463e-8a89-4bf5c8c580fe,37.2996245,-106.5063565
2020-01-28,1943,39f27d8d-0a9d-463e-8a89-4bf5c8c580fe,37.2996245,-106.5063565
2020-01-29,915,39f27d8d-0a9d-463e-8a89-4bf5c8c580fe,37.2996245,-106.5063565
2020-01-30,3608,39f27d8d-0a9d-463e-8a89-4bf5c8c580fe,37.2996245,-106.5063565
2020-01-31,722,39f27d8d-0a9d-463e-8a89-4bf5c8c580fe,37.2996245,-106.5063565
2020-02-01,4323,39f27d8d-0a9d-463e-8a89-4bf5c8c580fe,37.2996245,-106.5063565
2020-02-02,2419,39f27d8d-0a9d-463e-8a89-4bf5c8c580fe,37.2996245,-106.5063565
2020-02-03,1556,39f27d8d-0a9d-463e-8a89-4bf5c8c580fe,37.2996245,-106.5063565
2020-02-04,3073,39f27d8d-0a9d-463e-8a89-4bf5c8c580fe,37.2996245,-106.5063565
2020-02-05,3664,39f27d8d-0a9d-463e-8a89-4bf5c8c580fe,37.2996245,-106.5063565
2020-02-06,2761,39f27d8d-0a9d-463e-8a89-4bf5c8c580fe,37.2996245,-106.5063565
2020-02-07,863,39f27d8d-0a9d-463e-8a89-4bf5c8c580fe,37.2996245,-106.5063565
2020-02-08,3766,39f27d8d-0a9d-463e-8a89-4bf5c8c580fe,37.2996245,-106.5063565
2020-02-09,3958,39f27d8d-0a9d-463e-8a89-4bf5c8c580fe,37.2996245,-106.5063565
2020-02-10,3271,39f27d8d-0a9d-463e-8a89-4bf5c8c580fe,37.2996245,-106.5063565
2020-02-11,1829,39f27d8d-0a9d-463e-8a89-4bf5c8c580fe,37.2996245,-106.5063565
2020-02-12,1950,39f27d8d-0a9d-463e-8a89-4bf5c8c580fe,37.2996245,-106.5063565
2020-02-13,2378,39f27d8d-0a9d-463e-8a89-4bf5c8c580fe,37.2996245,-106.5063565
2020-02-14,914,39f27d8d-0a9d-463e-8a89-4bf5c8c580fe,37.2996245,-106.5063565
2020-02-15,4279,39f27d8d-0a9d-463e-8a89-4bf5c8c580fe,37.2996245,-106.5063565
2020-02-16,2943,39f27d8d-0a9d-463e-8a89-4bf5c8c580fe,37.2996245,-106.5063565
2020-02-17,5640,39f27d8d-0a9d-463e-8a89-4bf5c8c580fe,37.2996245,-106.5063565
2020-02-18,2659,39f27d8d-0a9d-463e-8a89-4bf5c8c580fe,37.2996245,-106.5063565
2020-02-19,3585,39f27d8d-0a9d-463e-8a89-4bf5c8c580fe,37.2996245,-106.5063565
2020-02-20,1713,39f27d8d-0a9d-463e-8a89-4bf5c8c580fe,37.2996245,-106.5063565
2020-02-21,1624,39f27d8d-0a9d-463e-8a89-4bf5c8c580fe,37.2996245,-106.5063565
2020-02-22,3154,39f27d8d-0a9d-463e-8a89-4bf5c8c580fe,37.2996245,-106.5063565
2020-02-23,3599,39f27d8d-0a9d-463e-8a89-4bf5c8c580fe,37.2996245,-106.5063565
2020-02-24,3070,39f27d8d-0a9d-463e-8a89-4bf5c8c580fe,37.2996245,-106.5063565
2020-02-25,1404,39f27d8d-0a9d-463e-8a89-4bf5c8c580fe,37.2996245,-106.5063565
2020-02-26,4938,39f27d8d-0a9d-463e-8a89-4bf5c8c580fe,37.2996245,-106.5063565
2020-02-27,2241,39f27d8d-0a9d-463e-8a89-4bf5c8c580fe,37.2996245,-106.5063565
2020-02-28,2936,39f27d8d-0a9d-463e-8a89-4bf5c8c580fe,37.2996245,-106.5063565
2020-02-29,3014,39f27d8d-0a9d-463e-8a89-4bf5c8c580fe,37.2996245,-106.5063565
2020-03-01,2170,39f27d8d-0a9d-463e-8a89-4bf5c8c580fe,37.2996245,-106.5063565
2020-03-02,3657,39f27d8d-0a9d-463e-8a89-4bf5c8c580fe,37.2996245,-106.5063565
2020-03-03,1435,39f27d8d-0a9d-463e-8a89-4bf5c8c580fe,37.2996245,-106.5063565
2020-03-04,5911,39f27d8d-0a9d-463e-8a89-4bf5c8c580fe,37.2996245,-106.5063565
2020-03-05,2272,39f27d8d-0a9d-463e-8a89-4bf5c8c580fe,37.2996245,-106.5063565
2020-03-06,3579,39f27d8d-0a9d-463e-8a89-4bf5c8c580fe,37.2996245,-106.5063565
2020-03-07,1865,39f27d8d-0a9d-463e-8a89-4bf5c8c580fe,37.2996245,-106.5063565
2020-03-08,1783,39f27d8d-0a9d-463e-8a89-4bf5c8c580fe,37.2996245,-106.5063565
2020-03-09,3415,39f27d8d-0a9d-463e-8a89-4bf5c8c580fe,37.2996245,-106.5063565
2020-03-10,2001,39f27d8d-0a9d-463e-8a89-4bf5c8c580fe,37.2996245,-106.5063565
2020-03-11,4474,39f27d8d-0a9d-463e-8a89-4bf5c8c580fe,37.2996245,-106.5063565
2020-03-12,2377,39f27d8d-0a9d-463e-8a89-4bf5c8c580fe,37.2996245,-106.5063565
2020-03-13,4872,39f27d8d-0a9d-463e-8a89-4bf5c8c580fe,37.2996245,-106.5063565
2020-03-14,3106,39f27d8d-0a9d-463e-8a89-4bf5c8c580fe,37.2996245,-106.5063565
2020-03-15,3245,39f27d8d-0a9d-463e-8a89-4bf5c8c580fe,37.2996245,-106.5063565
2020-03-16,3035,39f27d8d-0a9d-463e-8a89-4bf5c8c580fe,37.2996245,-106.5063565
2020-03-17,1443,39f27d8d-0a9d-463e-8a89-4bf5c8c580fe,37.2996245,-106.5063565
2020-03-18,1554,39f27d8d-0a9d-463e-8a89-4bf5c8c580fe,37.2996245,-106.5063565
2020-03-19,3130,39f27d8d-0a9d-463e-8a89-4bf5c8c580fe,37.2996245,-106.5063565
2020-03-20,2304,39f27d8d-0a9d-463e-8a89-4bf5c8c580fe,37.2996245,-106.5063565
2020-03-21,3559,39f27d8d-0a9d-463e-8a89-4bf5c8c580fe,37.2996245,-106.5063565
2020-03-22,4277,39f27d8d-0a9d-463e-8a89-4bf5c8c580fe,37.2996245,-106.5063565
2020-03-23,439,39f27d8d-0a9d-463e-8a89-4bf5c8c580fe,37.2996245,-106.5063565
2020-03-24,2254,39f27d8d-0a9d-463e-8a89-4bf5c8c580fe,37.2996245,-106.5063565
2020-03-25,3764,39f27d8d-0a9d-463e-8a89-4bf5c8c580fe,37.2996245,-106.5063565
2020-03-26,3618,39f27d8d-0a9d-463e-8a89-4bf5c8c580fe,37.2996245,-106.5063565
2020-03-27,3326,39f27d8d-0a9d-463e-8a89-4bf5c8c580fe,37.2996245,-106.5063565
2020-03-28,1630,39f27d8d-0a9d-463e-8a89-4bf5c8c580fe,37.2996245,-106.5063565
2020-03-29,4315,39f27d8d-0a9d-463e-8a89-4bf5c8c580fe,37.2996245,-106.5063565
2020-03-30,2494,39f27d8d-0a9d-463e-8a89-4bf5c8c580fe,37.2996245,-106.5063565
2020-03-31,2993,39f27d8d-0a9d-463e-8a89-4bf5c8c580fe,37.2996245,-106.5063565
2020-04-01,3750,39f27d8d-0a9d-463e-8a89-4bf5c8c580fe,37.2996245,-106.5063565
2020-04-02,2002,39f27d8d-0a9d-463e-8a89-4bf5c8c580fe,37.2996245,-106.5063565
2020-04-03,3692,39f27d8d-0a9d-463e-8a89-4bf5c8c580fe,37.2996245,-106.5063565
2020-04-04,538,39f27d8d-0a9d-463e-8a89-4bf5c8c580fe,37.2996245,-106.5063565
2020-04-05,6189,39f27d8d-0a9d-463e-8a89-4bf5c8c580fe,37.2996245,-106.5063565
2020-04-06,2067,39f27d8d-0a9d-463e-8a89-4bf5c8c580fe,37.2996245,-106.5063565
2020-04-07,2641,39f27d8d-0a9d-463e-8a89-4bf5c8c580fe,37.2996245,-106.5063565
2020-04-08,1815,39f27d8d-0a9d-463e-8a89-4bf5c8c580fe,37.2996245,-106.5063565
2020-04-09,-475,39f27d8d-0a9d-463e-8a89-4bf5c8c580fe,37.2996245,-106.5063565
2020-04-10,3141,39f27d8d-0a9d-463e-8a89-4bf5c8c580fe,37.2996245,-106.5063565
2020-04-11,24,39f27d8d-0a9d-463e-8a89-4bf5c8c580fe,37.2996245,-106.5063565
2020-04-12,3840,39f27d8d-0a9d-463e-8a89-4bf5c8c580fe,37.2996245,-106.5063565
2020-04-13,2740,39f27d8d-0a9d-463e-8a89-4bf5c8c580fe,37.2996245,-106.5063565
2020-04-14,4083,39f27d8d-0a9d-463e-8a89-4bf5c8c580fe,37.2996245,-106.5063565
2020-04-15,659,39f27d8d-0a9d-463e-8a89-4bf5c8c580fe,37.2996245,-106.5063565
2020-04-16,1651,39f27d8d-0a9d-463e-8a89-4bf5c8c580fe,37.2996245,-106.5063565
2020-04-17,2193,39f27d8d-0a9d-463e-8a89-4bf5c8c580fe,37.2996245,-106.5063565
2020-04-18,2009,39f27d8d-0a9d-463e-8a89-4bf5c8c580fe,37.2996245,-106.5063565
2020-04-19,1683,39f27d8d-0a9d-463e-8a89-4bf5c8c580fe,37.2996245,-106.5063565
2020-04-20,-190,39f27d8d-0a9d-463e-8a89-4bf5c8c580fe,37.2996245,-106.5063565
2020-04-21,1277,39f27d8d-0a9d-463e-8a89-4bf5c8c580fe,37.2996245,-106.5063565
2020-04-22,181,39f27d8d-0a9d-463e-8a89-4bf5c8c580fe,37.2996245,-106.5063565
2020-04-23,-346,39f27d8d-0a9d-463e-8a89-4bf5c8c580fe,37.2996245,-106.5063565
2020-04-24,-881,39f27d8d-0a9d-463e-8a89-4bf5c8c580fe,37.2996245,-106.5063565
2020-04-25,-311,39f27d8d-0a9d-463e-8a89-4bf5c8c580fe,37.2996245,-106.5063565
2020-04-26,1418,39f27d8d-0a9d-463e-8a89-4bf5c8c580fe,37.2996245,-106.5063565
2020-04-27,-1929,39f27d8d-0a9d-463e-8a89-4bf5c8c580fe,37.2996245,-106.5063565
2020-04-28,-285,39f27d8d-0a9d-463e-8a89-4bf5c8c580fe,37.2996245,-106.5063565
2020-04-29,336,39f27d8d-0a9d-463e-8a89-4bf5c8c580fe,37.2996245,-106.5063565
2020-04-30,-1864,39f27d8d-0a9d-463e-8a89-4bf5c8c580fe,37.2996245,-106.5063565
2020-05-01,-2419,39f27d8d-0a9d-463e-8a89-4bf5c8c580fe,37.2996245,-106.5063565
2020-05-02,-3739,39f27d8d-0a9d-463e-8a89-4bf5c8c580fe,37.2996245,-106.5063565
2020-05-03,-3497,39f27d8d-0a9d-463e-8a89-4bf5c8c580fe,37.2996245,-106.5063565
2020-05-04,-3144,39f27d8d-0a9d-463e-8a89-4bf5c8c580fe,37.2996245,-106.5063565
2020-05-05,-3915,39f27d8d-0a9d-463e-8a89-4bf5c8c580fe,37.2996245,-106.5063565
2020-05-06,-3337,39f27d8d-0a9d-463e-8a89-4bf5c8c580fe,37.2996245,-106.5063565
2020-05-07,-4562,39f27d8d-0a9d-463e-8a89-4bf5c8c580fe,37.2996245,-106.5063565
2020-05-08,-1810,39f27d8d-0a9d-463e-8a89-4bf5c8c580fe,37.2996245,-106.5063565
2020-05-09,-4424,39f27d8d-0a9d-463e-8a89-4bf5c8c580fe,37.2996245,-106.5063565
2020-05-10,-2408,39f27d8d-0a9d-463e-8a89-4bf5c8c580fe,37.2996245,-106.5063565
2020-05-11,2762,39f27d8d-0a9d-463e-8a89-4bf5c8c580fe,37.2996245,-106.5063565
2020-05-12,-3530,39f27d8d-0a9d-463e-8a89-4bf5c8c580fe,37.2996245,-106.5063565
2020-05-13,-3744,39f27d8d-0a9d-463e-8a89-4bf5c8c580fe,37.2996245,-106.5063565
2020-05-14,-4553,39f27d8d-0a9d-463e-8a89-4bf5c8c580fe,37.2996245,-106.5063565
2020-05-15,-1749,39f27d8d-0a9d-463e-8a89-4bf5c8c580fe,37.2996245,-106.5063565
2020-05-16,-4296,39f27d8d-0a9d-463e-8a89-4bf5c8c580fe,37.2996245,-106.5063565
2020-05-17,-2765,39f27d8d-0a9d-463e-8a89-4bf5c8c580fe,37.2996245,-106.5063565
2020-05-18,-4350,39f27d8d-0a9d-463e-8a89-4bf5c8c580fe,37.2996245,-106.5063565
2020-05-19,-2998,39f27d8d-0a9d-463e-8a89-4bf5c8c580fe,37.2996245,-106.5063565
2020-05-20,-2365,39f27d8d-0a9d-463e-8a89-4bf5c8c580fe,37.2996245,-106.5063565
2020-05-21,-4412,39f27d8d-0a9d-463e-8a89-4bf5c8c580fe,37.2996245,-106.5063565
2020-05-22,-3274,39f27d8d-0a9d-463e-8a89-4bf5c8c580fe,37.2996245,-106.5063565
2020-05-23,-4833,39f27d8d-0a9d-463e-8a89-4bf5c8c580fe,37.2996245,-106.5063565
2020-05-24,-698,39f27d8d-0a9d-463e-8a89-4bf5c8c580fe,37.2996245,-106.5063565
2020-05-25,-258,39f27d8d-0a9d-463e-8a89-4bf5c8c580fe,37.2996245,-106.5063565
2020-05-26,-3329,39f27d8d-0a9d-463e-8a89-4bf5c8c580fe,37.2996245,-106.5063565
2020-05-27,-307,39f27d8d-0a9d-463e-8a89-4bf5c8c580fe,37.2996245,-106.5063565
2020-05-28,1485,39f27d8d-0a9d-463e-8a89-4bf5c8c580fe,37.2996245,-106.5063565
2020-05-29,-2026,39f27d8d-0a9d-463e-8a89-4bf5c8c580fe,37.2996245,-106.5063565
2020-05-30,151,39f27d8d-0a9d-463e-8a89-4bf5c8c580fe,37.2996245,-106.5063565
2020-05-31,-397,39f27d8d-0a9d-463e-8a89-4bf5c8c580fe,37.2996245,-106.5063565
2020-06-01,5549,39f27d8d-0a9d-463e-8a89-4bf5c8c580fe,37.2996245,-106.5063565
2020-06-02,157,39f27d8d-0a9d-463e-8a89-4bf5c8c580fe,37.2996245,-106.5063565
2020-06-03,-2842,39f27d8d-0a9d-463e-8a89-4bf5c8c580fe,37.2996245,-106.5063565
2020-06-04,-3409,39f27d8d-0a9d-463e-8a89-4bf5c8c580fe,37.2996245,-106.5063565
2020-06-05,-2340,39f27d8d-0a9d-463e-8a89-4bf5c8c580fe,37.2996245,-106.5063565
2020-06-06,-2153,39f27d8d-0a9d-463e-8a89-4bf5c8c580fe,37.2996245,-106.5063565
2020-06-07,-3377,39f27d8d-0a9d-463e-8a89-4bf5c8c580fe,37.2996245,-106.5063565
2020-06-08,-4728,39f27d8d-0a9d-463e-8a89-4bf5c8c580fe,37.2996245,-106.5063565
2020-06-09,-3313,39f27d8d-0a9d-463e-8a89-4bf5c8c580fe,37.2996245,-106.5063565
2020-06-10,-4660,39f27d8d-0a9d-463e-8a89-4bf5c8c580fe,37.2996245,-106.5063565
2020-06-11,-3720,39f27d8d-0a9d-463e-8a89-4bf5c8c580fe,37.2996245,-106.5063565
2020-06-12,2443,39f27d8d-0a9d-463e-8a89-4bf5c8c580fe,37.2996245,-106.5063565
2020-06-13,-3527,39f27d8d-0a9d-463e-8a89-4bf5c8c580fe,37.2996245,-106.5063565
2020-06-14,-1729,39f27d8d-0a9d-463e-8a89-4bf5c8c580fe,37.2996245,-106.5063565
2020-06-15,-4532,39f27d8d-0a9d-463e-8a89-4bf5c8c580fe,37.2996245,-106.5063565
2020-06-16,-157,39f27d8d-0a9d-463e-8a89-4bf5c8c580fe,37.2996245,-106.5063565
2020-06-17,-4836,39f27d8d-0a9d-463e-8a89-4bf5c8c580fe,37.2996245,-106.5063565
2020-06-18,-2557,39f27d8d-0a9d-463e-8a89-4bf5c8c580fe,37.2996245,-106.5063565
2020-06-19,-4034,39f27d8d-0a9d-463e-8a89-4bf5c8c580fe,37.2996245,-106.5063565
2020-06-20,-3715,39f27d8d-0a9d-463e-8a89-4bf5c8c580fe,37.2996245,-106.5063565
2020-06-21,-959,39f27d8d-0a9d-463e-8a89-4bf5c8c580fe,37.2996245,-106.5063565
2020-06-22,-3964,39f27d8d-0a9d-463e-8a89-4bf5c8c580fe,37.2996245,-106.5063565
2020-06-23,-2483,39f27d8d-0a9d-463e-8a89-4bf5c8c580fe,37.2996245,-106.5063565
2020-06-24,1543,39f27d8d-0a9d-463e-8a89-4bf5c8c580fe,37.2996245,-106.5063565
2020-06-25,678,39f27d8d-0a9d-463e-8a89-4bf5c8c580fe,37.2996245,-106.5063565
2020-06-26,674,39f27d8d-0a9d-463e-8a89-4bf5c8c580fe,37.2996245,-106.5063565
2020-06-27,-2988,39f27d8d-0a9d-463e-8a89-4bf5c8c580fe,37.2996245,-106.5063565
2020-06-28,-3896,39f27d8d-0a9d-463e-8a89-4bf5c8c580fe,37.2996245,-106.5063565
2020-06-29,-932,39f27d8d-0a9d-463e-8a89-4bf5c8c580fe,37.2996245,-106.5063565
2020-06-30,-3399,39f27d8d-0a9d-463e-8a89-4bf5c8c580fe,37.2996245,-106.5063565
2020-07-01,-4479,39f27d8d-0a9d-463e-8a89-4bf5c8c580fe,37.2996245,-106.5063565
2020-07-02,-1429,39f27d8d-0a9d-463e-8a89-4bf5c8c580fe,37.2996245,-106.5063565
2020-07-03,-2501,39f27d8d-0a9d-463e-8a89-4bf5c8c580fe,37.2996245,-106.5063565
2020-07-04,-1411,39f27d8d-0a9d-463e-8a89-4bf5c8c580fe,37.2996245,-106.5063565
2020-07-05,-2373,39f27d8d-0a9d-463e-8a89-4bf5c8c580fe,37.2996245,-106.5063565
2020-07-06,2493,39f27d8d-0a9d-463e-8a89-4bf5c8c580fe,37.2996245,-106.5063565
2020-07-07,-3455,39f27d8d-0a9d-463e-8a89-4bf5c8c580fe,37.2996245,-106.5063565
2020-07-08,-4295,39f27d8d-0a9d-463e-8a89-4bf5c8c580fe,37.2996245,-106.5063565
2020-07-09,-3112,39f27d8d-0a9d-463e-8a89-4bf5c8c580fe,37.2996245,-106.5063565
2020-07-10,-4652,39f27d8d-0a9d-463e-8a89-4bf5c8c580fe,37.2996245,-106.5063565
2020-07-11,-1261,39f27d8d-0a9d-463e-8a89-4bf5c8c580fe,37.2996245,-106.5063565
2020-07-12,-3683,39f27d8d-0a9d-463e-8a89-4bf5c8c580fe,37.2996245,-106.5063565
2020-07-13,-2993,39f27d8d-0a9d-463e-8a89-4bf5c8c580fe,37.2996245,-106.5063565
2020-07-14,571,39f27d8d-0a9d-463e-8a89-4bf5c8c580fe,37.2996245,-106.5063565
2020-07-15,2898,39f27d8d-0a9d-463e-8a89-4bf5c8c580fe,37.2996245,-106.5063565
2020-07-16,3206,39f27d8d-0a9d-463e-8a89-4bf5c8c580fe,37.2996245,-106.5063565
2020-07-17,246,39f27d8d-0a9d-463e-8a89-4bf5c8c580fe,37.2996245,-106.5063565
2020-07-18,1760,39f27d8d-0a9d-463e-8a89-4bf5c8c580fe,37.2996245,-106.5063565
2020-07-19,6103,39f27d8d-0a9d-463e-8a89-4bf5c8c580fe,37.2996245,-106.5063565
2020-07-21,2672,39f27d8d-0a9d-463e-8a89-4bf5c8c580fe,37.2996245,-106.5063565
2020-07-22,188,39f27d8d-0a9d-463e-8a89-4bf5c8c580fe,37.2996245,-106.5063565
2020-07-23,1535,39f27d8d-0a9d-463e-8a89-4bf5c8c580fe,37.2996245,-106.5063565
2020-07-24,-317,39f27d8d-0a9d-463e-8a89-4bf5c8c580fe,37.2996245,-106.5063565
2020-07-25,-397,39f27d8d-0a9d-463e-8a89-4bf5c8c580fe,37.2996245,-106.5063565
2020-07-26,609,39f27d8d-0a9d-463e-8a89-4bf5c8c580fe,37.2996245,-106.5063565
2020-07-27,2673,39f27d8d-0a9d-463e-8a89-4bf5c8c580fe,37.2996245,-106.5063565
2020-07-28,-2101,39f27d8d-0a9d-463e-8a89-4bf5c8c580fe,37.2996245,-106.5063565
2020-07-29,-1748,39f27d8d-0a9d-463e-8a89-4bf5c8c580fe,37.2996245,-106.5063565
2020-07-30,-4108,39f27d8d-0a9d-463e-8a89-4bf5c8c580fe,37.2996245,-106.5063565
2020-07-31,-3945,39f27d8d-0a9d-463e-8a89-4bf5c8c580fe,37.2996245,-106.5063565
2020-08-01,-3018,39f27d8d-0a9d-463e-8a89-4bf5c8c580fe,37.2996245,-106.5063565
2020-08-02,5105,39f27d8d-0a9d-463e-8a89-4bf5c8c580fe,37.2996245,-106.5063565
2020-08-03,2814,39f27d8d-0a9d-463e-8a89-4bf5c8c580fe,37.2996245,-106.5063565
2020-08-04,-4443,39f27d8d-0a9d-463e-8a89-4bf5c8c580fe,37.2996245,-106.5063565
2020-08-05,-2512,39f27d8d-0a9d-463e-8a89-4bf5c8c580fe,37.2996245,-106.5063565
2020-08-06,-4334,39f27d8d-0a9d-463e-8a89-4bf5c8c580fe,37.2996245,-106.5063565
2020-08-07,-3730,39f27d8d-0a9d-463e-8a89-4bf5c8c580fe,37.2996245,-106.5063565
2020-08-08,-2117,39f27d8d-0a9d-463e-8a89-4bf5c8c580fe,37.2996245,-106.5063565
2020-08-09,-3929,39f27d8d-0a9d-463e-8a89-4bf5c8c580fe,37.2996245,-106.5063565
2020-08-10,-3070,39f27d8d-0a9d-463e-8a89-4bf5c8c580fe,37.2996245,-106.5063565
2020-08-11,-4687,39f27d8d-0a9d-463e-8a89-4bf5c8c580fe,37.2996245,-106.5063565
2020-08-12,-2808,39f27d8d-0a9d-463e-8a89-4bf5c8c580fe,37.2996245,-106.5063565
2020-08-13,-4525,39f27d8d-0a9d-463e-8a89-4bf5c8c580fe,37.2996245,-106.5063565
2020-08-14,1353,39f27d8d-0a9d-463e-8a89-4bf5c8c580fe,37.2996245,-106.5063565
2020-08-15,2890,39f27d8d-0a9d-463e-8a89-4bf5c8c580fe,37.2996245,-106.5063565
2020-08-16,-1272,39f27d8d-0a9d-463e-8a89-4bf5c8c580fe,37.2996245,-106.5063565
2020-08-17,-2644,39f27d8d-0a9d-463e-8a89-4bf5c8c580fe,37.2996245,-106.5063565
2020-08-18,-892,39f27d8d-0a9d-463e-8a89-4bf5c8c580fe,37.2996245,-106.5063565
2020-08-19,965,39f27d8d-0a9d-463e-8a89-4bf5c8c580fe,37.2996245,-106.5063565
2020-08-20,-278,39f27d8d-0a9d-463e-8a89-4bf5c8c580fe,37.2996245,-106.5063565
2020-08-21,-1571,39f27d8d-0a9d-463e-8a89-4bf5c8c580fe,37.2996245,-106.5063565
2020-08-22,-928,39f27d8d-0a9d-463e-8a89-4bf5c8c580fe,37.2996245,-106.5063565
2020-08-23,798,39f27d8d-0a9d-463e-8a89-4bf5c8c580fe,37.2996245,-106.5063565
2020-08-24,1893,39f27d8d-0a9d-463e-8a89-4bf5c8c580fe,37.2996245,-106.5063565
2020-08-25,4059,39f27d8d-0a9d-463e-8a89-4bf5c8c580fe,37.2996245,-106.5063565
2020-08-26,913,39f27d8d-0a9d-463e-8a89-4bf5c8c580fe,37.2996245,-106.5063565
2020-08-27,-4231,39f27d8d-0a9d-463e-8a89-4bf5c8c580fe,37.2996245,-106.5063565
2020-08-28,6184,39f27d8d-0a9d-463e-8a89-4bf5c8c580fe,37.2996245,-106.5063565
2020-08-29,221,39f27d8d-0a9d-463e-8a89-4bf5c8c580fe,37.2996245,-106.5063565
2020-08-30,791,39f27d8d-0a9d-463e-8a89-4bf5c8c580fe,37.2996245,-106.5063565
2020-08-31,-1123,39f27d8d-0a9d-463e-8a89-4bf5c8c580fe,37.2996245,-106.5063565
2020-09-01,-1316,39f27d8d-0a9d-463e-8a89-4bf5c8c580fe,37.2996245,-106.5063565
2020-09-02,-3362,39f27d8d-0a9d-463e-8a89-4bf5c8c580fe,37.2996245,-106.5063565
2020-09-03,-4561,39f27d8d-0a9d-463e-8a89-4bf5c8c580fe,37.2996245,-106.5063565
2020-09-04,-2665,39f27d8d-0a9d-463e-8a89-4bf5c8c580fe,37.2996245,-106.5063565
2020-09-05,-3603,39f27d8d-0a9d-463e-8a89-4bf5c8c580fe,37.2996245,-106.5063565
2020-09-06,-2222,39f27d8d-0a9d-463e-8a89-4bf5c8c580fe,37.2996245,-106.5063565
2020-09-07,-3310,39f27d8d-0a9d-463e-8a89-4bf5c8c580fe,37.2996245,-106.5063565
2020-09-08,829,39f27d8d-0a9d-463e-8a89-4bf5c8c580fe,37.2996245,-106.5063565
2020-09-09,1067,39f27d8d-0a9d-463e-8a89-4bf5c8c580fe,37.2996245,-106.5063565
2020-09-10,5003,39f27d8d-0a9d-463e-8a89-4bf5c8c580fe,37.2996245,-106.5063565
2020-09-11,1971,39f27d8d-0a9d-463e-8a89-4bf5c8c580fe,37.2996245,-106.5063565
2020-09-12,6191,39f27d8d-0a9d-463e-8a89-4bf5c8c580fe,37.2996245,-106.5063565
2020-09-13,658,39f27d8d-0a9d-463e-8a89-4bf5c8c580fe,37.2996245,-106.5063565
2020-09-14,85,39f27d8d-0a9d-463e-8a89-4bf5c8c580fe,37.2996245,-106.5063565
2020-09-15,2940,39f27d8d-0a9d-463e-8a89-4bf5c8c580fe,37.2996245,-106.5063565
2020-09-16,-1927,39f27d8d-0a9d-463e-8a89-4bf5c8c580fe,37.2996245,-106.5063565
2020-09-17,-1167,39f27d8d-0a9d-463e-8a89-4bf5c8c580fe,37.2996245,-106.5063565
2020-09-18,-240,39f27d8d-0a9d-463e-8a89-4bf5c8c580fe,37.2996245,-106.5063565
2020-09-19,-3311,39f27d8d-0a9d-463e-8a89-4bf5c8c580fe,37.2996245,-106.5063565
2020-09-20,-508,39f27d8d-0a9d-463e-8a89-4bf5c8c580fe,37.2996245,-106.5063565
2020-09-21,-2310,39f27d8d-0a9d-463e-8a89-4bf5c8c580fe,37.2996245,-106.5063565
2020-09-22,3437,39f27d8d-0a9d-463e-8a89-4bf5c8c580fe,37.2996245,-106.5063565
2020-09-23,-3638,39f27d8d-0a9d-463e-8a89-4bf5c8c580fe,37.2996245,-106.5063565
2020-09-24,-3455,39f27d8d-0a9d-463e-8a89-4bf5c8c580fe,37.2996245,-106.5063565
2020-09-25,-3314,39f27d8d-0a9d-463e-8a89-4bf5c8c580fe,37.2996245,-106.5063565
2020-09-26,-2963,39f27d8d-0a9d-463e-8a89-4bf5c8c580fe,37.2996245,-106.5063565
2020-09-27,-2776,39f27d8d-0a9d-463e-8a89-4bf5c8c580fe,37.2996245,-106.5063565
2020-09-28,-4064,39f27d8d-0a9d-463e-8a89-4bf5c8c580fe,37.2996245,-106.5063565
2020-09-29,-2824,39f27d8d-0a9d-463e-8a89-4bf5c8c580fe,37.2996245,-106.5063565
2020-09-30,-4140,39f27d8d-0a9d-463e-8a89-4bf5c8c580fe,37.2996245,-106.5063565
2020-10-01,-3405,39f27d8d-0a9d-463e-8a89-4bf5c8c580fe,37.2996245,-106.5063565
2020-10-02,-2431,39f27d8d-0a9d-463e-8a89-4bf5c8c580fe,37.2996245,-106.5063565
2020-10-03,-3492,39f27d8d-0a9d-463e-8a89-4bf5c8c580fe,37.2996245,-106.5063565
2020-10-04,-2867,39f27d8d-0a9d-463e-8a89-4bf5c8c580fe,37.2996245,-106.5063565
2020-10-05,-4124,39f27d8d-0a9d-463e-8a89-4bf5c8c580fe,37.2996245,-106.5063565
2020-10-06,-2156,39f27d8d-0a9d-463e-8a89-4bf5c8c580fe,37.2996245,-106.5063565
2020-10-07,-4133,39f27d8d-0a9d-463e-8a89-4bf5c8c580fe,37.2996245,-106.5063565
2020-10-08,-2843,39f27d8d-0a9d-463e-8a89-4bf5c8c580fe,37.2996245,-106.5063565
2020-10-09,-652,39f27d8d-0a9d-463e-8a89-4bf5c8c580fe,37.2996245,-106.5063565
2020-10-10,-3636,39f27d8d-0a9d-463e-8a89-4bf5c8c580fe,37.2996245,-106.5063565
2020-10-11,-3570,39f27d8d-0a9d-463e-8a89-4bf5c8c580fe,37.2996245,-106.5063565
2020-10-12,-4318,39f27d8d-0a9d-463e-8a89-4bf5c8c580fe,37.2996245,-106.5063565
2020-10-13,-3114,39f27d8d-0a9d-463e-8a89-4bf5c8c580fe,37.2996245,-106.5063565
2020-10-14,-4334,39f27d8d-0a9d-463e-8a89-4bf5c8c580fe,37.2996245,-106.5063565
2020-10-15,-3237,39f27d8d-0a9d-463e-8a89-4bf5c8c580fe,37.2996245,-106.5063565
2020-10-16,-4183,39f27d8d-0a9d-463e-8a89-4bf5c8c580fe,37.2996245,-106.5063565
2020-10-17,-3696,39f27d8d-0a9d-463e-8a89-4bf5c8c580fe,37.2996245,-106.5063565
2020-10-18,-1063,39f27d8d-0a9d-463e-8a89-4bf5c8c580fe,37.2996245,-106.5063565
2020-10-19,-4174,39f27d8d-0a9d-463e-8a89-4bf5c8c580fe,37.2996245,-106.5063565
2020-10-20,-2568,39f27d8d-0a9d-463e-8a89-4bf5c8c580fe,37.2996245,-106.5063565
2020-10-21,-4308,39f27d8d-0a9d-463e-8a89-4bf5c8c580fe,37.2996245,-106.5063565
2020-10-22,-2632,39f27d8d-0a9d-463e-8a89-4bf5c8c580fe,37.2996245,-106.5063565
2020-10-23,-3962,39f27d8d-0a9d-463e-8a89-4bf5c8c580fe,37.2996245,-106.5063565
2020-10-24,-3141,39f27d8d-0a9d-463e-8a89-4bf5c8c580fe,37.2996245,-106.5063565
2020-10-25,4317,39f27d8d-0a9d-463e-8a89-4bf5c8c580fe,37.2996245,-106.5063565
2020-10-26,4597,39f27d8d-0a9d-463e-8a89-4bf5c8c580fe,37.2996245,-106.5063565
2020-10-27,5272,39f27d8d-0a9d-463e-8a89-4bf5c8c580fe,37.2996245,-106.5063565
2020-10-28,3195,39f27d8d-0a9d-463e-8a89-4bf5c8c580fe,37.2996245,-106.5063565
2020-10-29,2331,39f27d8d-0a9d-463e-8a89-4bf5c8c580fe,37.2996245,-106.5063565
2020-10-30,5699,39f27d8d-0a9d-463e-8a89-4bf5c8c580fe,37.2996245,-106.5063565
2020-10-31,749,39f27d8d-0a9d-463e-8a89-4bf5c8c580fe,37.2996245,-106.5063565
2020-11-01,2424,39f27d8d-0a9d-463e-8a89-4bf5c8c580fe,37.2996245,-106.5063565
2020-11-02,188,39f27d8d-0a9d-463e-8a89-4bf5c8c580fe,37.2996245,-106.5063565
2020-11-03,1334,39f27d8d-0a9d-463e-8a89-4bf5c8c580fe,37.2996245,-106.5063565
2020-11-04,-1151,39f27d8d-0a9d-463e-8a89-4bf5c8c580fe,37.2996245,-106.5063565
2020-11-05,-1365,39f27d8d-0a9d-463e-8a89-4bf5c8c580fe,37.2996245,-106.5063565
2020-11-06,1194,39f27d8d-0a9d-463e-8a89-4bf5c8c580fe,37.2996245,-106.5063565
2020-11-07,2407,39f27d8d-0a9d-463e-8a89-4bf5c8c580fe,37.2996245,-106.5063565
2020-11-08,6283,39f27d8d-0a9d-463e-8a89-4bf5c8c580fe,37.2996245,-106.5063565
2020-11-09,1984,39f27d8d-0a9d-463e-8a89-4bf5c8c580fe,37.2996245,-106.5063565
2020-11-10,6306,39f27d8d-0a9d-463e-8a89-4bf5c8c580fe,37.2996245,-106.5063565
2020-11-11,3384,39f27d8d-0a9d-463e-8a89-4bf5c8c580fe,37.2996245,-106.5063565
2020-11-12,2866,39f27d8d-0a9d-463e-8a89-4bf5c8c580fe,37.2996245,-106.5063565
2020-11-13,4832,39f27d8d-0a9d-463e-8a89-4bf5c8c580fe,37.2996245,-106.5063565
2020-11-14,2771,39f27d8d-0a9d-463e-8a89-4bf5c8c580fe,37.2996245,-106.5063565
2020-11-15,4870,39f27d8d-0a9d-463e-8a89-4bf5c8c580fe,37.2996245,-106.5063565
2020-11-16,1691,39f27d8d-0a9d-463e-8a89-4bf5c8c580fe,37.2996245,-106.5063565
2020-11-17,3261,39f27d8d-0a9d-463e-8a89-4bf5c8c580fe,37.2996245,-106.5063565
2020-11-18,1938,39f27d8d-0a9d-463e-8a89-4bf5c8c580fe,37.2996245,-106.5063565
2020-11-19,1122,39f27d8d-0a9d-463e-8a89-4bf5c8c580fe,37.2996245,-106.5063565
2020-11-20,1176,39f27d8d-0a9d-463e-8a89-4bf5c8c580fe,37.2996245,-106.5063565
2020-11-21,161,39f27d8d-0a9d-463e-8a89-4bf5c8c580fe,37.2996245,-106.5063565
2020-11-22,3143,39f27d8d-0a9d-463e-8a89-4bf5c8c580fe,37.2996245,-106.5063565
2020-11-23,2904,39f27d8d-0a9d-463e-8a89-4bf5c8c580fe,37.2996245,-106.5063565
2020-11-24,5194,39f27d8d-0a9d-463e-8a89-4bf5c8c580fe,37.2996245,-106.5063565
2020-11-25,2418,39f27d8d-0a9d-463e-8a89-4bf5c8c580fe,37.2996245,-106.5063565
2020-11-26,2930,39f27d8d-0a9d-463e-8a89-4bf5c8c580fe,37.2996245,-106.5063565
2020-11-27,220,39f27d8d-0a9d-463e-8a89-4bf5c8c580fe,37.2996245,-106.5063565
2020-11-28,1555,39f27d8d-0a9d-463e-8a89-4bf5c8c580fe,37.2996245,-106.5063565
2020-11-29,3099,39f27d8d-0a9d-463e-8a89-4bf5c8c580fe,37.2996245,-106.5063565
2020-11-30,381,39f27d8d-0a9d-463e-8a89-4bf5c8c580fe,37.2996245,-106.5063565
2020-12-01,2739,39f27d8d-0a9d-463e-8a89-4bf5c8c580fe,37.2996245,-106.5063565
2020-12-02,820,39f27d8d-0a9d-463e-8a89-4bf5c8c580fe,37.2996245,-106.5063565
2020-12-03,1624,39f27d8d-0a9d-463e-8a89-4bf5c8c580fe,37.2996245,-106.5063565
2020-12-04,605,39f27d8d-0a9d-463e-8a89-4bf5c8c580fe,37.2996245,-106.5063565
2020-12-05,1052,39f27d8d-0a9d-463e-8a89-4bf5c8c580fe,37.2996245,-106.5063565
2020-12-06,1663,39f27d8d-0a9d-463e-8a89-4bf5c8c580fe,37.2996245,-106.5063565
2020-12-07,608,39f27d8d-0a9d-463e-8a89-4bf5c8c580fe,37.2996245,-106.5063565
2020-12-08,3726,39f27d8d-0a9d-463e-8a89-4bf5c8c580fe,37.2996245,-106.5063565
2020-12-09,286,39f27d8d-0a9d-463e-8a89-4bf5c8c580fe,37.2996245,-106.5063565
2020-12-10,3926,39f27d8d-0a9d-463e-8a89-4bf5c8c580fe,37.2996245,-106.5063565
2020-12-11,2587,39f27d8d-0a9d-463e-8a89-4bf5c8c580fe,37.2996245,-106.5063565
2020-12-12,2694,39f27d8d-0a9d-463e-8a89-4bf5c8c580fe,37.2996245,-106.5063565
2020-12-13,4525,39f27d8d-0a9d-463e-8a89-4bf5c8c580fe,37.2996245,-106.5063565
2020-12-14,4100,39f27d8d-0a9d-463e-8a89-4bf5c8c580fe,37.2996245,-106.5063565
2020-12-15,3552,39f27d8d-0a9d-463e-8a89-4bf5c8c580fe,37.2996245,-106.5063565
2020-12-16,1437,39f27d8d-0a9d-463e-8a89-4bf5c8c580fe,37.2996245,-106.5063565
2020-12-17,4332,39f27d8d-0a9d-463e-8a89-4bf5c8c580fe,37.2996245,-106.5063565
2020-12-18,608,39f27d8d-0a9d-463e-8a89-4bf5c8c580fe,37.2996245,-106.5063565
2020-12-19,3077,39f27d8d-0a9d-463e-8a89-4bf5c8c580fe,37.2996245,-106.5063565
2020-12-20,1825,39f27d8d-0a9d-463e-8a89-4bf5c8c580fe,37.2996245,-106.5063565
2020-12-21,1425,39f27d8d-0a9d-463e-8a89-4bf5c8c580fe,37.2996245,-106.5063565
2020-12-22,2542,39f27d8d-0a9d-463e-8a89-4bf5c8c580fe,37.2996245,-106.5063565
2020-12-23,801,39f27d8d-0a9d-463e-8a89-4bf5c8c580fe,37.2996245,-106.5063565
2020-12-24,4152,39f27d8d-0a9d-463e-8a89-4bf5c8c580fe,37.2996245,-106.5063565
2020-12-25,2248,39f27d8d-0a9d-463e-8a89-4bf5c8c580fe,37.2996245,-106.5063565
2020-12-26,3224,39f27d8d-0a9d-463e-8a89-4bf5c8c580fe,37.2996245,-106.5063565
2020-12-27,3151,39f27d8d-0a9d-463e-8a89-4bf5c8c580fe,37.2996245,-106.5063565
2020-12-28,3660,39f27d8d-0a9d-463e-8a89-4bf5c8c580fe,37.2996245,-106.5063565
2020-12-29,4511,39f27d8d-0a9d-463e-8a89-4bf5c8c580fe,37.2996245,-106.5063565
2020-12-30,3810,39f27d8d-0a9d-463e-8a89-4bf5c8c580fe,37.2996245,-106.5063565
2020-12-31,4295,39f27d8d-0a9d-463e-8a89-4bf5c8c580fe,37.2996245,-106.5063565
2021-01-01,597,39f27d8d-0a9d-463e-8a89-4bf5c8c580fe,37.2996245,-106.5063565
2021-01-02,5787,39f27d8d-0a9d-463e-8a89-4bf5c8c580fe,37.2996245,-106.5063565
2021-01-03,3512,39f27d8d-0a9d-463e-8a89-4bf5c8c580fe,37.2996245,-106.5063565
2021-01-04,4097,39f27d8d-0a9d-463e-8a89-4bf5c8c580fe,37.2996245,-106.5063565
2021-01-05,2758,39f27d8d-0a9d-463e-8a89-4bf5c8c580fe,37.2996245,-106.5063565
2021-01-06,2047,39f27d8d-0a9d-463e-8a89-4bf5c8c580fe,37.2996245,-106.5063565
2021-01-07,3387,39f27d8d-0a9d-463e-8a89-4bf5c8c580fe,37.2996245,-106.5063565
2021-01-08,1160,39f27d8d-0a9d-463e-8a89-4bf5c8c580fe,37.2996245,-106.5063565
2021-01-09,5115,39f27d8d-0a9d-463e-8a89-4bf5c8c580fe,37.2996245,-106.5063565
2021-01-10,3304,39f27d8d-0a9d-463e-8a89-4bf5c8c580fe,37.2996245,-106.5063565
2021-01-11,4061,39f27d8d-0a9d-463e-8a89-4bf5c8c580fe,37.2996245,-106.5063565
2021-01-12,1713,39f27d8d-0a9d-463e-8a89-4bf5c8c580fe,37.2996245,-106.5063565
2021-01-13,2662,39f27d8d-0a9d-463e-8a89-4bf5c8c580fe,37.2996245,-106.5063565
2021-01-14,2939,39f27d8d-0a9d-463e-8a89-4bf5c8c580fe,37.2996245,-106.5063565
2021-01-15,1588,39f27d8d-0a9d-463e-8a89-4bf5c8c580fe,37.2996245,-106.5063565
2021-01-16,907,39f27d8d-0a9d-463e-8a89-4bf5c8c580fe,37.2996245,-106.5063565
2021-01-17,1166,39f27d8d-0a9d-463e-8a89-4bf5c8c580fe,37.2996245,-106.5063565
2021-01-18,4623,39f27d8d-0a9d-463e-8a89-4bf5c8c580fe,37.2996245,-106.5063565
2021-01-19,3195,39f27d8d-0a9d-463e-8a89-4bf5c8c580fe,37.2996245,-106.5063565
2021-01-20,947,39f27d8d-0a9d-463e-8a89-4bf5c8c580fe,37.2996245,-106.5063565
2021-01-21,1216,39f27d8d-0a9d-463e-8a89-4bf5c8c580fe,37.2996245,-106.5063565
2021-01-22,2685,39f27d8d-0a9d-463e-8a89-4bf5c8c580fe,37.2996245,-106.5063565
2021-01-23,3455,39f27d8d-0a9d-463e-8a89-4bf5c8c580fe,37.2996245,-106.5063565
2021-01-24,3123,39f27d8d-0a9d-463e-8a89-4bf5c8c580fe,37.2996245,-106.5063565
2021-01-25,3821,39f27d8d-0a9d-463e-8a89-4bf5c8c580fe,37.2996245,-106.5063565
2021-01-26,3125,39f27d8d-0a9d-463e-8a89-4bf5c8c580fe,37.2996245,-106.5063565
2021-01-27,4688,39f27d8d-0a9d-463e-8a89-4bf5c8c580fe,37.2996245,-106.5063565
2021-01-28,2853,39f27d8d-0a9d-463e-8a89-4bf5c8c580fe,37.2996245,-106.5063565
2021-01-29,2258,39f27d8d-0a9d-463e-8a89-4bf5c8c580fe,37.2996245,-106.5063565
2021-01-30,3155,39f27d8d-0a9d-463e-8a89-4bf5c8c580fe,37.2996245,-106.5063565
2021-01-31,2615,39f27d8d-0a9d-463e-8a89-4bf5c8c580fe,37.2996245,-106.5063565
2021-02-01,3154,39f27d8d-0a9d-463e-8a89-4bf5c8c580fe,37.2996245,-106.5063565
2021-02-02,2826,39f27d8d-0a9d-463e-8a89-4bf5c8c580fe,37.2996245,-106.5063565
2021-02-03,4030,39f27d8d-0a9d-463e-8a89-4bf5c8c580fe,37.2996245,-106.5063565
2021-02-04,2588,39f27d8d-0a9d-463e-8a89-4bf5c8c580fe,37.2996245,-106.5063565
2021-02-05,2781,39f27d8d-0a9d-463e-8a89-4bf5c8c580fe,37.2996245,-106.5063565
2021-02-06,1977,39f27d8d-0a9d-463e-8a89-4bf5c8c580fe,37.2996245,-106.5063565
2021-02-07,2229,39f27d8d-0a9d-463e-8a89-4bf5c8c580fe,37.2996245,-106.5063565
2021-02-08,3202,39f27d8d-0a9d-463e-8a89-4bf5c8c580fe,37.2996245,-106.5063565
2021-02-09,2370,39f27d8d-0a9d-463e-8a89-4bf5c8c580fe,37.2996245,-106.5063565
2021-02-10,3628,39f27d8d-0a9d-463e-8a89-4bf5c8c580fe,37.2996245,-106.5063565
2021-02-11,2418,39f27d8d-0a9d-463e-8a89-4bf5c8c580fe,37.2996245,-106.5063565
2021-02-12,2942,39f27d8d-0a9d-463e-8a89-4bf5c8c580fe,37.2996245,-106.5063565
2021-02-13,1661,39f27d8d-0a9d-463e-8a89-4bf5c8c580fe,37.2996245,-106.5063565
2021-02-14,3100,39f27d8d-0a9d-463e-8a89-4bf5c8c580fe,37.2996245,-106.5063565
2021-02-15,4393,39f27d8d-0a9d-463e-8a89-4bf5c8c580fe,37.2996245,-106.5063565
2021-02-16,2913,39f27d8d-0a9d-463e-8a89-4bf5c8c580fe,37.2996245,-106.5063565
2021-02-17,3843,39f27d8d-0a9d-463e-8a89-4bf5c8c580fe,37.2996245,-106.5063565
2021-02-18,1196,39f27d8d-0a9d-463e-8a89-4bf5c8c580fe,37.2996245,-106.5063565
2021-02-19,5157,39f27d8d-0a9d-463e-8a89-4bf5c8c580fe,37.2996245,-106.5063565
2021-02-20,2371,39f27d8d-0a9d-463e-8a89-4bf5c8c580fe,37.2996245,-106.5063565
2021-02-21,3091,39f27d8d-0a9d-463e-8a89-4bf5c8c580fe,37.2996245,-106.5063565
2021-02-22,3096,39f27d8d-0a9d-463e-8a89-4bf5c8c580fe,37.2996245,-106.5063565
2021-02-23,2653,39f27d8d-0a9d-463e-8a89-4bf5c8c580fe,37.2996245,-106.5063565
2021-02-24,3641,39f27d8d-0a9d-463e-8a89-4bf5c8c580fe,37.2996245,-106.5063565
2021-02-25,4077,39f27d8d-0a9d-463e-8a89-4bf5c8c580fe,37.2996245,-106.5063565
2021-02-26,4020,39f27d8d-0a9d-463e-8a89-4bf5c8c580fe,37.2996245,-106.5063565
2021-02-27,3136,39f27d8d-0a9d-463e-8a89-4bf5c8c580fe,37.2996245,-106.5063565
2021-02-28,4324,39f27d8d-0a9d-463e-8a89-4bf5c8c580fe,37.2996245,-106.5063565
2021-03-01,1978,39f27d8d-0a9d-463e-8a89-4bf5c8c580fe,37.2996245,-106.5063565
2021-03-02,2244,39f27d8d-0a9d-463e-8a89-4bf5c8c580fe,37.2996245,-106.5063565
2021-03-03,3194,39f27d8d-0a9d-463e-8a89-4bf5c8c580fe,37.2996245,-106.5063565
2021-03-04,4817,39f27d8d-0a9d-463e-8a89-4bf5c8c580fe,37.2996245,-106.5063565
2021-03-05,5097,39f27d8d-0a9d-463e-8a89-4bf5c8c580fe,37.2996245,-106.5063565
2021-03-06,2513,39f27d8d-0a9d-463e-8a89-4bf5c8c580fe,37.2996245,-106.5063565
2021-03-07,5276,39f27d8d-0a9d-463e-8a89-4bf5c8c580fe,37.2996245,-106.5063565
2021-03-08,2251,39f27d8d-0a9d-463e-8a89-4bf5c8c580fe,37.2996245,-106.5063565
2021-03-09,3869,39f27d8d-0a9d-463e-8a89-4bf5c8c580fe,37.2996245,-106.5063565
2021-03-10,2277,39f27d8d-0a9d-463e-8a89-4bf5c8c580fe,37.2996245,-106.5063565
2021-03-11,1378,39f27d8d-0a9d-463e-8a89-4bf5c8c580fe,37.2996245,-106.5063565
2021-03-12,3708,39f27d8d-0a9d-463e-8a89-4bf5c8c580fe,37.2996245,-106.5063565
2021-03-13,2822,39f27d8d-0a9d-463e-8a89-4bf5c8c580fe,37.2996245,-106.5063565
2021-03-14,4006,39f27d8d-0a9d-463e-8a89-4bf5c8c580fe,37.2996245,-106.5063565
2021-03-15,2299,39f27d8d-0a9d-463e-8a89-4bf5c8c580fe,37.2996245,-106.5063565
2021-03-16,4358,39f27d8d-0a9d-463e-8a89-4bf5c8c580fe,37.2996245,-106.5063565
2021-03-17,1257,39f27d8d-0a9d-463e-8a89-4bf5c8c580fe,37.2996245,-106.5063565
2021-03-18,3336,39f27d8d-0a9d-463e-8a89-4bf5c8c580fe,37.2996245,-106.5063565
2021-03-19,3434,39f27d8d-0a9d-463e-8a89-4bf5c8c580fe,37.2996245,-106.5063565
2021-03-20,2151,39f27d8d-0a9d-463e-8a89-4bf5c8c580fe,37.2996245,-106.5063565
2021-03-21,3360,39f27d8d-0a9d-463e-8a89-4bf5c8c580fe,37.2996245,-106.5063565
2021-03-22,2332,39f27d8d-0a9d-463e-8a89-4bf5c8c580fe,37.2996245,-106.5063565
2021-03-23,1439,39f27d8d-0a9d-463e-8a89-4bf5c8c580fe,37.2996245,-106.5063565
2021-03-24,4895,39f27d8d-0a9d-463e-8a89-4bf5c8c580fe,37.2996245,-106.5063565
2021-03-25,3006,39f27d8d-0a9d-463e-8a89-4bf5c8c580fe,37.2996245,-106.5063565
2021-03-26,4190,39f27d8d-0a9d-463e-8a89-4bf5c8c580fe,37.2996245,-106.5063565
2021-03-27,4324,39f27d8d-0a9d-463e-8a89-4bf5c8c580fe,37.2996245,-106.5063565
2021-03-28,5666,39f27d8d-0a9d-463e-8a89-4bf5c8c580fe,37.2996245,-106.5063565
2021-03-29,2446,39f27d8d-0a9d-463e-8a89-4bf5c8c580fe,37.2996245,-106.5063565
2021-03-30,5804,39f27d8d-0a9d-463e-8a89-4bf5c8c580fe,37.2996245,-106.5063565
2021-03-31,3201,39f27d8d-0a9d-463e-8a89-4bf5c8c580fe,37.2996245,-106.5063565
2021-04-01,5996,39f27d8d-0a9d-463e-8a89-4bf5c8c580fe,37.2996245,-106.5063565
2021-04-02,3176,39f27d8d-0a9d-463e-8a89-4bf5c8c580fe,37.2996245,-106.5063565
2021-04-03,3654,39f27d8d-0a9d-463e-8a89-4bf5c8c580fe,37.2996245,-106.5063565
2021-04-04,2366,39f27d8d-0a9d-463e-8a89-4bf5c8c580fe,37.2996245,-106.5063565
2021-04-05,1544,39f27d8d-0a9d-463e-8a89-4bf5c8c580fe,37.2996245,-106.5063565
2021-04-06,4709,39f27d8d-0a9d-463e-8a89-4bf5c8c580fe,37.2996245,-106.5063565
2021-04-07,739,39f27d8d-0a9d-463e-8a89-4bf5c8c580fe,37.2996245,-106.5063565
2021-04-08,4838,39f27d8d-0a9d-463e-8a89-4bf5c8c580fe,37.2996245,-106.5063565
2021-04-09,1691,39f27d8d-0a9d-463e-8a89-4bf5c8c580fe,37.2996245,-106.5063565
2021-04-10,2672,39f27d8d-0a9d-463e-8a89-4bf5c8c580fe,37.2996245,-106.5063565
2021-04-11,620,39f27d8d-0a9d-463e-8a89-4bf5c8c580fe,37.2996245,-106.5063565
2021-04-12,65,39f27d8d-0a9d-463e-8a89-4bf5c8c580fe,37.2996245,-106.5063565
2021-04-13,3091,39f27d8d-0a9d-463e-8a89-4bf5c8c580fe,37.2996245,-106.5063565
2021-04-14,383,39f27d8d-0a9d-463e-8a89-4bf5c8c580fe,37.2996245,-106.5063565
2021-04-15,2695,39f27d8d-0a9d-463e-8a89-4bf5c8c580fe,37.2996245,-106.5063565
2021-04-16,740,39f27d8d-0a9d-463e-8a89-4bf5c8c580fe,37.2996245,-106.5063565
2021-04-17,3994,39f27d8d-0a9d-463e-8a89-4bf5c8c580fe,37.2996245,-106.5063565
2021-04-18,5673,39f27d8d-0a9d-463e-8a89-4bf5c8c580fe,37.2996245,-106.5063565
2021-04-19,3751,39f27d8d-0a9d-463e-8a89-4bf5c8c580fe,37.2996245,-106.5063565
2021-04-20,1276,39f27d8d-0a9d-463e-8a89-4bf5c8c580fe,37.2996245,-106.5063565
2021-04-21,1540,39f27d8d-0a9d-463e-8a89-4bf5c8c580fe,37.2996245,-106.5063565
2021-04-22,1933,39f27d8d-0a9d-463e-8a89-4bf5c8c580fe,37.2996245,-106.5063565
2021-04-23,1855,39f27d8d-0a9d-463e-8a89-4bf5c8c580fe,37.2996245,-106.5063565
2021-04-24,3038,39f27d8d-0a9d-463e-8a89-4bf5c8c580fe,37.2996245,-106.5063565
2021-04-25,-458,39f27d8d-0a9d-463e-8a89-4bf5c8c580fe,37.2996245,-106.5063565
2021-04-26,-861,39f27d8d-0a9d-463e-8a89-4bf5c8c580fe,37.2996245,-106.5063565
2021-04-27,5182,39f27d8d-0a9d-463e-8a89-4bf5c8c580fe,37.2996245,-106.5063565
2021-04-28,-1906,39f27d8d-0a9d-463e-8a89-4bf5c8c580fe,37.2996245,-106.5063565
2021-04-29,-1730,39f27d8d-0a9d-463e-8a89-4bf5c8c580fe,37.2996245,-106.5063565
2021-04-30,-1941,39f27d8d-0a9d-463e-8a89-4bf5c8c580fe,37.2996245,-106.5063565
2021-05-01,-872,39f27d8d-0a9d-463e-8a89-4bf5c8c580fe,37.2996245,-106.5063565
2021-05-02,-2136,39f27d8d-0a9d-463e-8a89-4bf5c8c580fe,37.2996245,-106.5063565
2021-05-03,4802,39f27d8d-0a9d-463e-8a89-4bf5c8c580fe,37.2996245,-106.5063565
2021-05-04,687,39f27d8d-0a9d-463e-8a89-4bf5c8c580fe,37.2996245,-106.5063565
2021-05-05,-2835,39f27d8d-0a9d-463e-8a89-4bf5c8c580fe,37.2996245,-106.5063565
2021-05-06,-2881,39f27d8d-0a9d-463e-8a89-4bf5c8c580fe,37.2996245,-106.5063565
2021-05-07,-1688,39f27d8d-0a9d-463e-8a89-4bf5c8c580fe,37.2996245,-106.5063565
2021-05-08,-3149,39f27d8d-0a9d-463e-8a89-4bf5c8c580fe,37.2996245,-106.5063565
2021-05-09,-2564,39f27d8d-0a9d-463e-8a89-4bf5c8c580fe,37.2996245,-106.5063565
2021-05-10,2281,39f27d8d-0a9d-463e-8a89-4bf5c8c580fe,37.2996245,-106.5063565
2021-05-11,-962,39f27d8d-0a9d-463e-8a89-4bf5c8c580fe,37.2996245,-106.5063565
2021-05-12,-3975,39f27d8d-0a9d-463e-8a89-4bf5c8c580fe,37.2996245,-106.5063565
2021-05-13,-3072,39f27d8d-0a9d-463e-8a89-4bf5c8c580fe,37.2996245,-106.5063565
2021-05-14,-3704,39f27d8d-0a9d-463e-8a89-4bf5c8c580fe,37.2996245,-106.5063565
2021-05-15,-2974,39f27d8d-0a9d-463e-8a89-4bf5c8c580fe,37.2996245,-106.5063565
2021-05-16,-2145,39f27d8d-0a9d-463e-8a89-4bf5c8c580fe,37.2996245,-106.5063565
2021-05-17,2280,39f27d8d-0a9d-463e-8a89-4bf5c8c580fe,37.2996245,-106.5063565
2021-05-18,2878,39f27d8d-0a9d-463e-8a89-4bf5c8c580fe,37.2996245,-106.5063565
2021-05-19,3618,39f27d8d-0a9d-463e-8a89-4bf5c8c580fe,37.2996245,-106.5063565
2021-05-20,-774,39f27d8d-0a9d-463e-8a89-4bf5c8c580fe,37.2996245,-106.5063565
2021-05-21,1259,39f27d8d-0a9d-463e-8a89-4bf5c8c580fe,37.2996245,-106.5063565
2021-05-22,5514,39f27d8d-0a9d-463e-8a89-4bf5c8c580fe,37.2996245,-106.5063565
2021-05-23,-2757,39f27d8d-0a9d-463e-8a89-4bf5c8c580fe,37.2996245,-106.5063565
2021-05-24,-3995,39f27d8d-0a9d-463e-8a89-4bf5c8c580fe,37.2996245,-106.5063565
2021-05-25,-3458,39f27d8d-0a9d-463e-8a89-4bf5c8c580fe,37.2996245,-106.5063565
2021-05-26,3684,39f27d8d-0a9d-463e-8a89-4bf5c8c580fe,37.2996245,-106.5063565
2021-05-27,2837,39f27d8d-0a9d-463e-8a89-4bf5c8c580fe,37.2996245,-106.5063565
2021-05-28,316,39f27d8d-0a9d-463e-8a89-4bf5c8c580fe,37.2996245,-106.5063565
2021-05-29,802,39f27d8d-0a9d-463e-8a89-4bf5c8c580fe,37.2996245,-106.5063565
2021-05-30,-3568,39f27d8d-0a9d-463e-8a89-4bf5c8c580fe,37.2996245,-106.5063565
2021-05-31,-2281,39f27d8d-0a9d-463e-8a89-4bf5c8c580fe,37.2996245,-106.5063565
2021-06-01,-2724,39f27d8d-0a9d-463e-8a89-4bf5c8c580fe,37.2996245,-106.5063565
2021-06-02,-2366,39f27d8d-0a9d-463e-8a89-4bf5c8c580fe,37.2996245,-106.5063565
2021-06-03,405,39f27d8d-0a9d-463e-8a89-4bf5c8c580fe,37.2996245,-106.5063565
2021-06-04,-4633,39f27d8d-0a9d-463e-8a89-4bf5c8c580fe,37.2996245,-106.5063565
2021-06-05,3786,39f27d8d-0a9d-463e-8a89-4bf5c8c580fe,37.2996245,-106.5063565
2021-06-06,-1321,39f27d8d-0a9d-463e-8a89-4bf5c8c580fe,37.2996245,-106.5063565
2021-06-07,-2497,39f27d8d-0a9d-463e-8a89-4bf5c8c580fe,37.2996245,-106.5063565
2021-06-08,-3589,39f27d8d-0a9d-463e-8a89-4bf5c8c580fe,37.2996245,-106.5063565
2021-06-09,-3147,39f27d8d-0a9d-463e-8a89-4bf5c8c580fe,37.2996245,-106.5063565
2021-06-10,-3214,39f27d8d-0a9d-463e-8a89-4bf5c8c580fe,37.2996245,-106.5063565
2021-06-11,-4608,39f27d8d-0a9d-463e-8a89-4bf5c8c580fe,37.2996245,-106.5063565
2021-06-12,-2649,39f27d8d-0a9d-463e-8a89-4bf5c8c580fe,37.2996245,-106.5063565
2021-06-13,-4319,39f27d8d-0a9d-463e-8a89-4bf5c8c580fe,37.2996245,-106.5063565
2021-06-14,-2589,39f27d8d-0a9d-463e-8a89-4bf5c8c580fe,37.2996245,-106.5063565
2021-06-15,-3650,39f27d8d-0a9d-463e-8a89-4bf5c8c580fe,37.2996245,-106.5063565
2021-06-16,2267,39f27d8d-0a9d-463e-8a89-4bf5c8c580fe,37.2996245,-106.5063565
2021-06-17,-3061,39f27d8d-0a9d-463e-8a89-4bf5c8c580fe,37.2996245,-106.5063565
2021-06-18,-4054,39f27d8d-0a9d-463e-8a89-4bf5c8c580fe,37.2996245,-106.5063565
2021-06-19,2496,39f27d8d-0a9d-463e-8a89-4bf5c8c580fe,37.2996245,-106.5063565
2021-06-20,-4520,39f27d8d-0a9d-463e-8a89-4bf5c8c580fe,37.2996245,-106.5063565
2021-06-21,-2755,39f27d8d-0a9d-463e-8a89-4bf5c8c580fe,37.2996245,-106.5063565
2021-06-22,-3396,39f27d8d-0a9d-463e-8a89-4bf5c8c580fe,37.2996245,-106.5063565
2021-06-23,-2979,39f27d8d-0a9d-463e-8a89-4bf5c8c580fe,37.2996245,-106.5063565
2021-06-24,-3244,39f27d8d-0a9d-463e-8a89-4bf5c8c580fe,37.2996245,-106.5063565
2021-06-25,-1418,39f27d8d-0a9d-463e-8a89-4bf5c8c580fe,37.2996245,-106.5063565
2021-06-26,-191,39f27d8d-0a9d-463e-8a89-4bf5c8c580fe,37.2996245,-106.5063565
2021-06-27,1613,39f27d8d-0a9d-463e-8a89-4bf5c8c580fe,37.2996245,-106.5063565
2021-06-28,-59,39f27d8d-0a9d-463e-8a89-4bf5c8c580fe,37.2996245,-106.5063565
2021-06-30,290,39f27d8d-0a9d-463e-8a89-4bf5c8c580fe,37.2996245,-106.5063565
2021-07-01,-2458,39f27d8d-0a9d-463e-8a89-4bf5c8c580fe,37.2996245,-106.5063565
2021-07-02,-767,39f27d8d-0a9d-463e-8a89-4bf5c8c580fe,37.2996245,-106.5063565
2021-07-03,-167,39f27d8d-0a9d-463e-8a89-4bf5c8c580fe,37.2996245,-106.5063565
2021-07-04,539,39f27d8d-0a9d-463e-8a89-4bf5c8c580fe,37.2996245,-106.5063565
2021-07-05,5327,39f27d8d-0a9d-463e-8a89-4bf5c8c580fe,37.2996245,-106.5063565
2021-07-06,-982,39f27d8d-0a9d-463e-8a89-4bf5c8c580fe,37.2996245,-106.5063565
2021-07-07,567,39f27d8d-0a9d-463e-8a89-4bf5c8c580fe,37.2996245,-106.5063565
2021-07-08,-206,39f27d8d-0a9d-463e-8a89-4bf5c8c580fe,37.2996245,-106.5063565
2021-07-09,653,39f27d8d-0a9d-463e-8a89-4bf5c8c580fe,37.2996245,-106.5063565
2021-07-10,-2486,39f27d8d-0a9d-463e-8a89-4bf5c8c580fe,37.2996245,-106.5063565
2021-07-11,1906,39f27d8d-0a9d-463e-8a89-4bf5c8c580fe,37.2996245,-106.5063565
2021-07-12,1300,39f27d8d-0a9d-463e-8a89-4bf5c8c580fe,37.2996245,-106.5063565
2021-07-13,-1985,39f27d8d-0a9d-463e-8a89-4bf5c8c580fe,37.2996245,-106.5063565
2021-07-14,5719,39f27d8d-0a9d-463e-8a89-4bf5c8c580fe,37.2996245,-106.5063565
2021-07-15,-3744,39f27d8d-0a9d-463e-8a89-4bf5c8c580fe,37.2996245,-106.5063565
2021-07-16,2008,39f27d8d-0a9d-463e-8a89-4bf5c8c580fe,37.2996245,-106.5063565
2021-07-17,1757,39f27d8d-0a9d-463e-8a89-4bf5c8c580fe,37.2996245,-106.5063565
2021-07-18,-2851,39f27d8d-0a9d-463e-8a89-4bf5c8c580fe,37.2996245,-106.5063565
2021-07-19,-2402,39f27d8d-0a9d-463e-8a89-4bf5c8c580fe,37.2996245,-106.5063565
2021-07-20,-3441,39f27d8d-0a9d-463e-8a89-4bf5c8c580fe,37.2996245,-106.5063565
2021-07-21,8009,39f27d8d-0a9d-463e-8a89-4bf5c8c580fe,37.2996245,-106.5063565
2021-07-22,1425,39f27d8d-0a9d-463e-8a89-4bf5c8c580fe,37.2996245,-106.5063565
2021-07-23,436,39f27d8d-0a9d-463e-8a89-4bf5c8c580fe,37.2996245,-106.5063565
2021-07-24,-420,39f27d8d-0a9d-463e-8a89-4bf5c8c580fe,37.2996245,-106.5063565
2021-07-25,625,39f27d8d-0a9d-463e-8a89-4bf5c8c580fe,37.2996245,-106.5063565
2021-07-26,4829,39f27d8d-0a9d-463e-8a89-4bf5c8c580fe,37.2996245,-106.5063565
2021-07-27,-215,39f27d8d-0a9d-463e-8a89-4bf5c8c580fe,37.2996245,-106.5063565
2021-07-28,-1666,39f27d8d-0a9d-463e-8a89-4bf5c8c580fe,37.2996245,-106.5063565
2021-07-29,-3951,39f27d8d-0a9d-463e-8a89-4bf5c8c580fe,37.2996245,-106.5063565
2021-07-30,1822,39f27d8d-0a9d-463e-8a89-4bf5c8c580fe,37.2996245,-106.5063565
2021-07-31,-1594,39f27d8d-0a9d-463e-8a89-4bf5c8c580fe,37.2996245,-106.5063565
2021-08-01,1718,39f27d8d-0a9d-463e-8a89-4bf5c8c580fe,37.2996245,-106.5063565
2021-08-02,-2047,39f27d8d-0a9d-463e-8a89-4bf5c8c580fe,37.2996245,-106.5063565
2021-08-03,3241,39f27d8d-0a9d-463e-8a89-4bf5c8c580fe,37.2996245,-106.5063565
2021-08-04,-945,39f27d8d-0a9d-463e-8a89-4bf5c8c580fe,37.2996245,-106.5063565
2021-08-05,-1026,39f27d8d-0a9d-463e-8a89-4bf5c8c580fe,37.2996245,-106.5063565
2021-08-06,-405,39f27d8d-0a9d-463e-8a89-4bf5c8c580fe,37.2996245,-106.5063565
2021-08-07,-2661,39f27d8d-0a9d-463e-8a89-4bf5c8c580fe,37.2996245,-106.5063565
2021-08-08,-1666,39f27d8d-0a9d-463e-8a89-4bf5c8c580fe,37.2996245,-106.5063565
2021-08-09,-3628,39f27d8d-0a9d-463e-8a89-4bf5c8c580fe,37.2996245,-106.5063565
2021-08-10,-743,39f27d8d-0a9d-463e-8a89-4bf5c8c580fe,37.2996245,-106.5063565
2021-08-11,-2937,39f27d8d-0a9d-463e-8a89-4bf5c8c580fe,37.2996245,-106.5063565
2021-08-12,-1471,39f27d8d-0a9d-463e-8a89-4bf5c8c580fe,37.2996245,-106.5063565
2021-08-13,-1990,39f27d8d-0a9d-463e-8a89-4bf5c8c580fe,37.2996245,-106.5063565
2021-08-14,-3978,39f27d8d-0a9d-463e-8a89-4bf5c8c580fe,37.2996245,-106.5063565
2021-08-15,2448,39f27d8d-0a9d-463e-8a89-4bf5c8c580fe,37.2996245,-106.5063565
2021-08-16,3108,39f27d8d-0a9d-463e-8a89-4bf5c8c580fe,37.2996245,-106.5063565
2021-08-17,-2115,39f27d8d-0a9d-463e-8a89-4bf5c8c580fe,37.2996245,-106.5063565
2021-08-18,-1015,39f27d8d-0a9d-463e-8a89-4bf5c8c580fe,37.2996245,-106.5063565
2021-08-19,-1331,39f27d8d-0a9d-463e-8a89-4bf5c8c580fe,37.2996245,-106.5063565
2021-08-20,-3034,39f27d8d-0a9d-463e-8a89-4bf5c8c580fe,37.2996245,-106.5063565
2021-08-21,1730,39f27d8d-0a9d-463e-8a89-4bf5c8c580fe,37.2996245,-106.5063565
2021-08-22,-3214,39f27d8d-0a9d-463e-8a89-4bf5c8c580fe,37.2996245,-106.5063565
2021-08-23,-4291,39f27d8d-0a9d-463e-8a89-4bf5c8c580fe,37.2996245,-106.5063565
2021-08-24,-3255,39f27d8d-0a9d-463e-8a89-4bf5c8c580fe,37.2996245,-106.5063565
2021-08-25,-3603,39f27d8d-0a9d-463e-8a89-4bf5c8c580fe,37.2996245,-106.5063565
2021-08-26,-3066,39f27d8d-0a9d-463e-8a89-4bf5c8c580fe,37.2996245,-106.5063565
2021-08-27,-635,39f27d8d-0a9d-463e-8a89-4bf5c8c580fe,37.2996245,-106.5063565
2021-08-28,-310,39f27d8d-0a9d-463e-8a89-4bf5c8c580fe,37.2996245,-106.5063565
2021-08-29,-2601,39f27d8d-0a9d-463e-8a89-4bf5c8c580fe,37.2996245,-106.5063565
2021-08-30,-3853,39f27d8d-0a9d-463e-8a89-4bf5c8c580fe,37.2996245,-106.5063565
2021-08-31,3331,39f27d8d-0a9d-463e-8a89-4bf5c8c580fe,37.2996245,-106.5063565
2021-09-01,115,39f27d8d-0a9d-463e-8a89-4bf5c8c580fe,37.2996245,-106.5063565
2021-09-02,1870,39f27d8d-0a9d-463e-8a89-4bf5c8c580fe,37.2996245,-106.5063565
2021-09-03,-2793,39f27d8d-0a9d-463e-8a89-4bf5c8c580fe,37.2996245,-106.5063565
2021-09-04,333,39f27d8d-0a9d-463e-8a89-4bf5c8c580fe,37.2996245,-106.5063565
2021-09-05,-3193,39f27d8d-0a9d-463e-8a89-4bf5c8c580fe,37.2996245,-106.5063565
2021-09-06,-4040,39f27d8d-0a9d-463e-8a89-4bf5c8c580fe,37.2996245,-106.5063565
2021-09-07,-2329,39f27d8d-0a9d-463e-8a89-4bf5c8c580fe,37.2996245,-106.5063565
2021-09-08,-3871,39f27d8d-0a9d-463e-8a89-4bf5c8c580fe,37.2996245,-106.5063565
2021-09-09,-2769,39f27d8d-0a9d-463e-8a89-4bf5c8c580fe,37.2996245,-106.5063565
2021-09-10,-3626,39f27d8d-0a9d-463e-8a89-4bf5c8c580fe,37.2996245,-106.5063565
2021-09-11,-3254,39f27d8d-0a9d-463e-8a89-4bf5c8c580fe,37.2996245,-106.5063565
2021-09-12,-3087,39f27d8d-0a9d-463e-8a89-4bf5c8c580fe,37.2996245,-106.5063565
2021-09-13,-187,39f27d8d-0a9d-463e-8a89-4bf5c8c580fe,37.2996245,-106.5063565
2021-09-14,153,39f27d8d-0a9d-463e-8a89-4bf5c8c580fe,37.2996245,-106.5063565
2021-09-15,-3536,39f27d8d-0a9d-463e-8a89-4bf5c8c580fe,37.2996245,-106.5063565
2021-09-16,-3074,39f27d8d-0a9d-463e-8a89-4bf5c8c580fe,37.2996245,-106.5063565
2021-09-17,-3850,39f27d8d-0a9d-463e-8a89-4bf5c8c580fe,37.2996245,-106.5063565
2021-09-18,-3092,39f27d8d-0a9d-463e-8a89-4bf5c8c580fe,37.2996245,-106.5063565
2021-09-19,-943,39f27d8d-0a9d-463e-8a89-4bf5c8c580fe,37.2996245,-106.5063565
2021-09-20,1741,39f27d8d-0a9d-463e-8a89-4bf5c8c580fe,37.2996245,-106.5063565
2021-09-21,-3089,39f27d8d-0a9d-463e-8a89-4bf5c8c580fe,37.2996245,-106.5063565
2021-09-23,-2790,39f27d8d-0a9d-463e-8a89-4bf5c8c580fe,37.2996245,-106.5063565
2021-09-24,-4045,39f27d8d-0a9d-463e-8a89-4bf5c8c580fe,37.2996245,-106.5063565
2021-09-25,-3024,39f27d8d-0a9d-463e-8a89-4bf5c8c580fe,37.2996245,-106.5063565
2021-09-26,-3195,39f27d8d-0a9d-463e-8a89-4bf5c8c580fe,37.2996245,-106.5063565
2021-09-27,767,39f27d8d-0a9d-463e-8a89-4bf5c8c580fe,37.2996245,-106.5063565
2021-09-28,706,39f27d8d-0a9d-463e-8a89-4bf5c8c580fe,37.2996245,-106.5063565
2021-09-29,-1655,39f27d8d-0a9d-463e-8a89-4bf5c8c580fe,37.2996245,-106.5063565
2021-09-30,-265,39f27d8d-0a9d-463e-8a89-4bf5c8c580fe,37.2996245,-106.5063565
2021-10-01,1286,39f27d8d-0a9d-463e-8a89-4bf5c8c580fe,37.2996245,-106.5063565
2021-10-02,571,39f27d8d-0a9d-463e-8a89-4bf5c8c580fe,37.2996245,-106.5063565
2021-10-03,2395,39f27d8d-0a9d-463e-8a89-4bf5c8c580fe,37.2996245,-106.5063565
2021-10-04,-2456,39f27d8d-0a9d-463e-8a89-4bf5c8c580fe,37.2996245,-106.5063565
2021-10-05,-2873,39f27d8d-0a9d-463e-8a89-4bf5c8c580fe,37.2996245,-106.5063565
2021-10-06,1776,39f27d8d-0a9d-463e-8a89-4bf5c8c580fe,37.2996245,-106.5063565
2021-10-07,-2407,39f27d8d-0a9d-463e-8a89-4bf5c8c580fe,37.2996245,-106.5063565
2021-10-08,-3389,39f27d8d-0a9d-463e-8a89-4bf5c8c580fe,37.2996245,-106.5063565
2021-10-09,761,39f27d8d-0a9d-463e-8a89-4bf5c8c580fe,37.2996245,-106.5063565
2021-10-10,89,39f27d8d-0a9d-463e-8a89-4bf5c8c580fe,37.2996245,-106.5063565
2021-10-11,-2846,39f27d8d-0a9d-463e-8a89-4bf5c8c580fe,37.2996245,-106.5063565
2021-10-12,4554,39f27d8d-0a9d-463e-8a89-4bf5c8c580fe,37.2996245,-106.5063565
2021-10-13,4243,39f27d8d-0a9d-463e-8a89-4bf5c8c580fe,37.2996245,-106.5063565
2021-10-14,2174,39f27d8d-0a9d-463e-8a89-4bf5c8c580fe,37.2996245,-106.5063565
2021-10-15,3751,39f27d8d-0a9d-463e-8a89-4bf5c8c580fe,37.2996245,-106.5063565
2021-10-16,-26,39f27d8d-0a9d-463e-8a89-4bf5c8c580fe,37.2996245,-106.5063565
2021-10-17,2932,39f27d8d-0a9d-463e-8a89-4bf5c8c580fe,37.2996245,-106.5063565
2021-10-18,-1842,39f27d8d-0a9d-463e-8a89-4bf5c8c580fe,37.2996245,-106.5063565
2021-10-19,2692,39f27d8d-0a9d-463e-8a89-4bf5c8c580fe,37.2996245,-106.5063565
2021-10-20,-2058,39f27d8d-0a9d-463e-8a89-4bf5c8c580fe,37.2996245,-106.5063565
2021-10-21,-314,39f27d8d-0a9d-463e-8a89-4bf5c8c580fe,37.2996245,-106.5063565
2021-10-22,-2497,39f27d8d-0a9d-463e-8a89-4bf5c8c580fe,37.2996245,-106.5063565
2021-10-23,-945,39f27d8d-0a9d-463e-8a89-4bf5c8c580fe,37.2996245,-106.5063565
2021-10-24,-3606,39f27d8d-0a9d-463e-8a89-4bf5c8c580fe,37.2996245,-106.5063565
2021-10-25,-1689,39f27d8d-0a9d-463e-8a89-4bf5c8c580fe,37.2996245,-106.5063565
2021-10-26,3673,39f27d8d-0a9d-463e-8a89-4bf5c8c580fe,37.2996245,-106.5063565
2021-10-27,2020,39f27d8d-0a9d-463e-8a89-4bf5c8c580fe,37.2996245,-106.5063565
2021-10-28,1571,39f27d8d-0a9d-463e-8a89-4bf5c8c580fe,37.2996245,-106.5063565
2021-10-29,-1528,39f27d8d-0a9d-463e-8a89-4bf5c8c580fe,37.2996245,-106.5063565
2021-10-30,-1965,39f27d8d-0a9d-463e-8a89-4bf5c8c580fe,37.2996245,-106.5063565
2021-10-31,1158,39f27d8d-0a9d-463e-8a89-4bf5c8c580fe,37.2996245,-106.5063565
2021-11-01,-1692,39f27d8d-0a9d-463e-8a89-4bf5c8c580fe,37.2996245,-106.5063565
2021-11-02,-1274,39f27d8d-0a9d-463e-8a89-4bf5c8c580fe,37.2996245,-106.5063565
2021-11-03,20,39f27d8d-0a9d-463e-8a89-4bf5c8c580fe,37.2996245,-106.5063565
2021-11-04,-3019,39f27d8d-0a9d-463e-8a89-4bf5c8c580fe,37.2996245,-106.5063565
2021-11-05,-2885,39f27d8d-0a9d-463e-8a89-4bf5c8c580fe,37.2996245,-106.5063565
2021-11-06,-2714,39f27d8d-0a9d-463e-8a89-4bf5c8c580fe,37.2996245,-106.5063565
2021-11-07,-3067,39f27d8d-0a9d-463e-8a89-4bf5c8c580fe,37.2996245,-106.5063565
2021-11-08,-2802,39f27d8d-0a9d-463e-8a89-4bf5c8c580fe,37.2996245,-106.5063565
2021-11-09,-2810,39f27d8d-0a9d-463e-8a89-4bf5c8c580fe,37.2996245,-106.5063565
2021-11-10,-93,39f27d8d-0a9d-463e-8a89-4bf5c8c580fe,37.2996245,-106.5063565
2021-11-11,-3215,39f27d8d-0a9d-463e-8a89-4bf5c8c580fe,37.2996245,-106.5063565
2021-11-12,-2283,39f27d8d-0a9d-463e-8a89-4bf5c8c580fe,37.2996245,-106.5063565
2021-11-13,-2951,39f27d8d-0a9d-463e-8a89-4bf5c8c580fe,37.2996245,-106.5063565
2021-11-14,-606,39f27d8d-0a9d-463e-8a89-4bf5c8c580fe,37.2996245,-106.5063565
2021-11-15,-2565,39f27d8d-0a9d-463e-8a89-4bf5c8c580fe,37.2996245,-106.5063565
2021-11-16,-2687,39f27d8d-0a9d-463e-8a89-4bf5c8c580fe,37.2996245,-106.5063565
2021-11-17,-2450,39f27d8d-0a9d-463e-8a89-4bf5c8c580fe,37.2996245,-106.5063565
2021-11-18,-1362,39f27d8d-0a9d-463e-8a89-4bf5c8c580fe,37.2996245,-106.5063565
2021-11-19,-1025,39f27d8d-0a9d-463e-8a89-4bf5c8c580fe,37.2996245,-106.5063565
2021-11-20,-2295,39f27d8d-0a9d-463e-8a89-4bf5c8c580fe,37.2996245,-106.5063565
2021-11-21,-2878,39f27d8d-0a9d-463e-8a89-4bf5c8c580fe,37.2996245,-106.5063565
2021-11-22,-3232,39f27d8d-0a9d-463e-8a89-4bf5c8c580fe,37.2996245,-106.5063565
2021-11-23,-1749,39f27d8d-0a9d-463e-8a89-4bf5c8c580fe,37.2996245,-106.5063565
2021-11-24,-725,39f27d8d-0a9d-463e-8a89-4bf5c8c580fe,37.2996245,-106.5063565
2021-11-25,-2631,39f27d8d-0a9d-463e-8a89-4bf5c8c580fe,37.2996245,-106.5063565
2021-11-26,-1557,39f27d8d-0a9d-463e-8a89-4bf5c8c580fe,37.2996245,-106.5063565
2021-11-27,-3104,39f27d8d-0a9d-463e-8a89-4bf5c8c580fe,37.2996245,-106.5063565
2021-11-28,-2453,39f27d8d-0a9d-463e-8a89-4bf5c8c580fe,37.2996245,-106.5063565
2021-11-29,-2801,39f27d8d-0a9d-463e-8a89-4bf5c8c580fe,37.2996245,-106.5063565
2021-11-30,-2625,39f27d8d-0a9d-463e-8a89-4bf5c8c580fe,37.2996245,-106.5063565
2021-12-01,-1704,39f27d8d-0a9d-463e-8a89-4bf5c8c580fe,37.2996245,-106.5063565
2021-12-02,-2975,39f27d8d-0a9d-463e-8a89-4bf5c8c580fe,37.2996245,-106.5063565
2021-12-03,-2438,39f27d8d-0a9d-463e-8a89-4bf5c8c580fe,37.2996245,-106.5063565
2021-12-04,-3789,39f27d8d-0a9d-463e-8a89-4bf5c8c580fe,37.2996245,-106.5063565
2021-12-05,-2395,39f27d8d-0a9d-463e-8a89-4bf5c8c580fe,37.2996245,-106.5063565
2021-12-06,-3233,39f27d8d-0a9d-463e-8a89-4bf5c8c580fe,37.2996245,-106.5063565
2021-12-07,2472,39f27d8d-0a9d-463e-8a89-4bf5c8c580fe,37.2996245,-106.5063565
2021-12-08,1211,39f27d8d-0a9d-463e-8a89-4bf5c8c580fe,37.2996245,-106.5063565
2021-12-09,1994,39f27d8d-0a9d-463e-8a89-4bf5c8c580fe,37.2996245,-106.5063565
2021-12-10,4628,39f27d8d-0a9d-463e-8a89-4bf5c8c580fe,37.2996245,-106.5063565
2021-12-11,4591,39f27d8d-0a9d-463e-8a89-4bf5c8c580fe,37.2996245,-106.5063565
2021-12-12,2826,39f27d8d-0a9d-463e-8a89-4bf5c8c580fe,37.2996245,-106.5063565
2021-12-13,4386,39f27d8d-0a9d-463e-8a89-4bf5c8c580fe,37.2996245,-106.5063565
2021-12-14,2149,39f27d8d-0a9d-463e-8a89-4bf5c8c580fe,37.2996245,-106.5063565
2021-12-15,3657,39f27d8d-0a9d-463e-8a89-4bf5c8c580fe,37.2996245,-106.5063565
2021-12-16,1974,39f27d8d-0a9d-463e-8a89-4bf5c8c580fe,37.2996245,-106.5063565
2021-12-17,1401,39f27d8d-0a9d-463e-8a89-4bf5c8c580fe,37.2996245,-106.5063565
2021-12-18,3365,39f27d8d-0a9d-463e-8a89-4bf5c8c580fe,37.2996245,-106.5063565
2021-12-19,970,39f27d8d-0a9d-463e-8a89-4bf5c8c580fe,37.2996245,-106.5063565
2021-12-20,4679,39f27d8d-0a9d-463e-8a89-4bf5c8c580fe,37.2996245,-106.5063565
2021-12-21,1627,39f27d8d-0a9d-463e-8a89-4bf5c8c580fe,37.2996245,-106.5063565
2021-12-22,3290,39f27d8d-0a9d-463e-8a89-4bf5c8c580fe,37.2996245,-106.5063565
2021-12-23,1371,39f27d8d-0a9d-463e-8a89-4bf5c8c580fe,37.2996245,-106.5063565
2021-12-24,4748,39f27d8d-0a9d-463e-8a89-4bf5c8c580fe,37.2996245,-106.5063565
2021-12-25,3148,39f27d8d-0a9d-463e-8a89-4bf5c8c580fe,37.2996245,-106.5063565
2021-12-26,4390,39f27d8d-0a9d-463e-8a89-4bf5c8c580fe,37.2996245,-106.5063565
2021-12-27,3496,39f27d8d-0a9d-463e-8a89-4bf5c8c580fe,37.2996245,-106.5063565
2021-12-28,1239,39f27d8d-0a9d-463e-8a89-4bf5c8c580fe,37.2996245,-106.5063565
2021-12-29,3691,39f27d8d-0a9d-463e-8a89-4bf5c8c580fe,37.2996245,-106.5063565
2021-12-30,2236,39f27d8d-0a9d-463e-8a89-4bf5c8c580fe,37.2996245,-106.5063565
