date,mod10a1_ndsi,cell_id,latitude,longitude
2020-01-01,3704,cdb755e4-70a7-4ba1-b0c0-53052030566e,38.994985,-106.6950035
2020-01-02,5051,cdb755e4-70a7-4ba1-b0c0-53052030566e,38.994985,-106.6950035
2020-01-03,5271,cdb755e4-70a7-4ba1-b0c0-53052030566e,38.994985,-106.6950035
2020-01-04,5109,cdb755e4-70a7-4ba1-b0c0-53052030566e,38.994985,-106.6950035
2020-01-05,6415,cdb755e4-70a7-4ba1-b0c0-53052030566e,38.994985,-106.6950035
2020-01-06,3089,cdb755e4-70a7-4ba1-b0c0-53052030566e,38.994985,-106.6950035
2020-01-07,6216,cdb755e4-70a7-4ba1-b0c0-53052030566e,38.994985,-106.6950035
2020-01-08,4076,cdb755e4-70a7-4ba1-b0c0-53052030566e,38.994985,-106.6950035
2020-01-09,3486,cdb755e4-70a7-4ba1-b0c0-53052030566e,38.994985,-106.6950035
2020-01-10,3468,cdb755e4-70a7-4ba1-b0c0-53052030566e,38.994985,-106.6950035
2020-01-11,3456,cdb755e4-70a7-4ba1-b0c0-53052030566e,38.994985,-106.6950035
2020-01-12,3268,cdb755e4-70a7-4ba1-b0c0-53052030566e,38.994985,-106.6950035
2020-01-13,3986,cdb755e4-70a7-4ba1-b0c0-53052030566e,38.994985,-106.6950035
2020-01-14,6131,cdb755e4-70a7-4ba1-b0c0-53052030566e,38.994985,-106.6950035
2020-01-15,5273,cdb755e4-70a7-4ba1-b0c0-53052030566e,38.994985,-106.6950035
2020-01-16,4387,cdb755e4-70a7-4ba1-b0c0-53052030566e,38.994985,-106.6950035
2020-01-17,2827,cdb755e4-70a7-4ba1-b0c0-53052030566e,38.994985,-106.6950035
2020-01-18,4137,cdb755e4-70a7-4ba1-b0c0-53052030566e,38.994985,-106.6950035
2020-01-19,6294,cdb755e4-70a7-4ba1-b0c0-53052030566e,38.994985,-106.6950035
2020-01-20,6043,cdb755e4-70a7-4ba1-b0c0-53052030566e,38.994985,-106.6950035
2020-01-21,3565,cdb755e4-70a7-4ba1-b0c0-53052030566e,38.994985,-106.6950035
2020-01-22,3511,cdb755e4-70a7-4ba1-b0c0-53052030566e,38.994985,-106.6950035
2020-01-23,2680,cdb755e4-70a7-4ba1-b0c0-53052030566e,38.994985,-106.6950035
2020-01-24,4964,cdb755e4-70a7-4ba1-b0c0-53052030566e,38.994985,-106.6950035
2020-01-25,3799,cdb755e4-70a7-4ba1-b0c0-53052030566e,38.994985,-106.6950035
2020-01-26,4216,cdb755e4-70a7-4ba1-b0c0-53052030566e,38.994985,-106.6950035
2020-01-27,3788,cdb755e4-70a7-4ba1-b0c0-53052030566e,38.994985,-106.6950035
2020-01-28,5048,cdb755e4-70a7-4ba1-b0c0-53052030566e,38.994985,-106.6950035
2020-01-29,3100,cdb755e4-70a7-4ba1-b0c0-53052030566e,38.994985,-106.6950035
2020-01-30,4453,cdb755e4-70a7-4ba1-b0c0-53052030566e,38.994985,-106.6950035
2020-01-31,2815,cdb755e4-70a7-4ba1-b0c0-53052030566e,38.994985,-106.6950035
2020-02-01,6227,cdb755e4-70a7-4ba1-b0c0-53052030566e,38.994985,-106.6950035
2020-02-02,5731,cdb755e4-70a7-4ba1-b0c0-53052030566e,38.994985,-106.6950035
2020-02-03,1281,cdb755e4-70a7-4ba1-b0c0-53052030566e,38.994985,-106.6950035
2020-02-04,3137,cdb755e4-70a7-4ba1-b0c0-53052030566e,38.994985,-106.6950035
2020-02-05,4891,cdb755e4-70a7-4ba1-b0c0-53052030566e,38.994985,-106.6950035
2020-02-06,4067,cdb755e4-70a7-4ba1-b0c0-53052030566e,38.994985,-106.6950035
2020-02-07,1139,cdb755e4-70a7-4ba1-b0c0-53052030566e,38.994985,-106.6950035
2020-02-08,6169,cdb755e4-70a7-4ba1-b0c0-53052030566e,38.994985,-106.6950035
2020-02-09,2477,cdb755e4-70a7-4ba1-b0c0-53052030566e,38.994985,-106.6950035
2020-02-10,1771,cdb755e4-70a7-4ba1-b0c0-53052030566e,38.994985,-106.6950035
2020-02-11,4916,cdb755e4-70a7-4ba1-b0c0-53052030566e,38.994985,-106.6950035
2020-02-12,4275,cdb755e4-70a7-4ba1-b0c0-53052030566e,38.994985,-106.6950035
2020-02-13,1168,cdb755e4-70a7-4ba1-b0c0-53052030566e,38.994985,-106.6950035
2020-02-14,4357,cdb755e4-70a7-4ba1-b0c0-53052030566e,38.994985,-106.6950035
2020-02-15,7631,cdb755e4-70a7-4ba1-b0c0-53052030566e,38.994985,-106.6950035
2020-02-16,3108,cdb755e4-70a7-4ba1-b0c0-53052030566e,38.994985,-106.6950035
2020-02-17,5740,cdb755e4-70a7-4ba1-b0c0-53052030566e,38.994985,-106.6950035
2020-02-18,5129,cdb755e4-70a7-4ba1-b0c0-53052030566e,38.994985,-106.6950035
2020-02-19,5374,cdb755e4-70a7-4ba1-b0c0-53052030566e,38.994985,-106.6950035
2020-02-20,6031,cdb755e4-70a7-4ba1-b0c0-53052030566e,38.994985,-106.6950035
2020-02-21,5079,cdb755e4-70a7-4ba1-b0c0-53052030566e,38.994985,-106.6950035
2020-02-22,6669,cdb755e4-70a7-4ba1-b0c0-53052030566e,38.994985,-106.6950035
2020-02-23,4428,cdb755e4-70a7-4ba1-b0c0-53052030566e,38.994985,-106.6950035
2020-02-24,4408,cdb755e4-70a7-4ba1-b0c0-53052030566e,38.994985,-106.6950035
2020-02-25,2573,cdb755e4-70a7-4ba1-b0c0-53052030566e,38.994985,-106.6950035
2020-02-26,5517,cdb755e4-70a7-4ba1-b0c0-53052030566e,38.994985,-106.6950035
2020-02-27,4969,cdb755e4-70a7-4ba1-b0c0-53052030566e,38.994985,-106.6950035
2020-02-28,5910,cdb755e4-70a7-4ba1-b0c0-53052030566e,38.994985,-106.6950035
2020-02-29,7529,cdb755e4-70a7-4ba1-b0c0-53052030566e,38.994985,-106.6950035
2020-03-01,480,cdb755e4-70a7-4ba1-b0c0-53052030566e,38.994985,-106.6950035
2020-03-02,6267,cdb755e4-70a7-4ba1-b0c0-53052030566e,38.994985,-106.6950035
2020-03-03,5431,cdb755e4-70a7-4ba1-b0c0-53052030566e,38.994985,-106.6950035
2020-03-04,7619,cdb755e4-70a7-4ba1-b0c0-53052030566e,38.994985,-106.6950035
2020-03-05,7186,cdb755e4-70a7-4ba1-b0c0-53052030566e,38.994985,-106.6950035
2020-03-06,6731,cdb755e4-70a7-4ba1-b0c0-53052030566e,38.994985,-106.6950035
2020-03-07,6458,cdb755e4-70a7-4ba1-b0c0-53052030566e,38.994985,-106.6950035
2020-03-08,4151,cdb755e4-70a7-4ba1-b0c0-53052030566e,38.994985,-106.6950035
2020-03-09,5887,cdb755e4-70a7-4ba1-b0c0-53052030566e,38.994985,-106.6950035
2020-03-10,2364,cdb755e4-70a7-4ba1-b0c0-53052030566e,38.994985,-106.6950035
2020-03-11,3021,cdb755e4-70a7-4ba1-b0c0-53052030566e,38.994985,-106.6950035
2020-03-12,3071,cdb755e4-70a7-4ba1-b0c0-53052030566e,38.994985,-106.6950035
2020-03-13,1443,cdb755e4-70a7-4ba1-b0c0-53052030566e,38.994985,-106.6950035
2020-03-14,3552,cdb755e4-70a7-4ba1-b0c0-53052030566e,38.994985,-106.6950035
2020-03-15,2343,cdb755e4-70a7-4ba1-b0c0-53052030566e,38.994985,-106.6950035
2020-03-16,7797,cdb755e4-70a7-4ba1-b0c0-53052030566e,38.994985,-106.6950035
2020-03-17,5379,cdb755e4-70a7-4ba1-b0c0-53052030566e,38.994985,-106.6950035
2020-03-18,2197,cdb755e4-70a7-4ba1-b0c0-53052030566e,38.994985,-106.6950035
2020-03-19,3716,cdb755e4-70a7-4ba1-b0c0-53052030566e,38.994985,-106.6950035
2020-03-20,2910,cdb755e4-70a7-4ba1-b0c0-53052030566e,38.994985,-106.6950035
2020-03-21,3995,cdb755e4-70a7-4ba1-b0c0-53052030566e,38.994985,-106.6950035
2020-03-22,5545,cdb755e4-70a7-4ba1-b0c0-53052030566e,38.994985,-106.6950035
2020-03-23,3387,cdb755e4-70a7-4ba1-b0c0-53052030566e,38.994985,-106.6950035
2020-03-24,4698,cdb755e4-70a7-4ba1-b0c0-53052030566e,38.994985,-106.6950035
2020-03-25,3008,cdb755e4-70a7-4ba1-b0c0-53052030566e,38.994985,-106.6950035
2020-03-26,5593,cdb755e4-70a7-4ba1-b0c0-53052030566e,38.994985,-106.6950035
2020-03-27,6296,cdb755e4-70a7-4ba1-b0c0-53052030566e,38.994985,-106.6950035
2020-03-28,4246,cdb755e4-70a7-4ba1-b0c0-53052030566e,38.994985,-106.6950035
2020-03-29,3112,cdb755e4-70a7-4ba1-b0c0-53052030566e,38.994985,-106.6950035
2020-03-30,4303,cdb755e4-70a7-4ba1-b0c0-53052030566e,38.994985,-106.6950035
2020-03-31,5325,cdb755e4-70a7-4ba1-b0c0-53052030566e,38.994985,-106.6950035
2020-04-01,6300,cdb755e4-70a7-4ba1-b0c0-53052030566e,38.994985,-106.6950035
2020-04-02,3149,cdb755e4-70a7-4ba1-b0c0-53052030566e,38.994985,-106.6950035
2020-04-03,5930,cdb755e4-70a7-4ba1-b0c0-53052030566e,38.994985,-106.6950035
2020-04-04,1169,cdb755e4-70a7-4ba1-b0c0-53052030566e,38.994985,-106.6950035
2020-04-05,5434,cdb755e4-70a7-4ba1-b0c0-53052030566e,38.994985,-106.6950035
2020-04-06,7077,cdb755e4-70a7-4ba1-b0c0-53052030566e,38.994985,-106.6950035
2020-04-07,5646,cdb755e4-70a7-4ba1-b0c0-53052030566e,38.994985,-106.6950035
2020-04-08,6044,cdb755e4-70a7-4ba1-b0c0-53052030566e,38.994985,-106.6950035
2020-04-09,4191,cdb755e4-70a7-4ba1-b0c0-53052030566e,38.994985,-106.6950035
2020-04-10,4354,cdb755e4-70a7-4ba1-b0c0-53052030566e,38.994985,-106.6950035
2020-04-11,4369,cdb755e4-70a7-4ba1-b0c0-53052030566e,38.994985,-106.6950035
2020-04-12,1730,cdb755e4-70a7-4ba1-b0c0-53052030566e,38.994985,-106.6950035
2020-04-13,3589,cdb755e4-70a7-4ba1-b0c0-53052030566e,38.994985,-106.6950035
2020-04-14,4458,cdb755e4-70a7-4ba1-b0c0-53052030566e,38.994985,-106.6950035
2020-04-15,774,cdb755e4-70a7-4ba1-b0c0-53052030566e,38.994985,-106.6950035
2020-04-16,5499,cdb755e4-70a7-4ba1-b0c0-53052030566e,38.994985,-106.6950035
2020-04-17,6424,cdb755e4-70a7-4ba1-b0c0-53052030566e,38.994985,-106.6950035
2020-04-18,5248,cdb755e4-70a7-4ba1-b0c0-53052030566e,38.994985,-106.6950035
2020-04-19,5210,cdb755e4-70a7-4ba1-b0c0-53052030566e,38.994985,-106.6950035
2020-04-20,2458,cdb755e4-70a7-4ba1-b0c0-53052030566e,38.994985,-106.6950035
2020-04-21,1697,cdb755e4-70a7-4ba1-b0c0-53052030566e,38.994985,-106.6950035
2020-04-22,1641,cdb755e4-70a7-4ba1-b0c0-53052030566e,38.994985,-106.6950035
2020-04-23,2235,cdb755e4-70a7-4ba1-b0c0-53052030566e,38.994985,-106.6950035
2020-04-24,1642,cdb755e4-70a7-4ba1-b0c0-53052030566e,38.994985,-106.6950035
2020-04-25,4005,cdb755e4-70a7-4ba1-b0c0-53052030566e,38.994985,-106.6950035
2020-04-26,4327,cdb755e4-70a7-4ba1-b0c0-53052030566e,38.994985,-106.6950035
2020-04-27,4606,cdb755e4-70a7-4ba1-b0c0-53052030566e,38.994985,-106.6950035
2020-04-28,2646,cdb755e4-70a7-4ba1-b0c0-53052030566e,38.994985,-106.6950035
2020-04-29,2966,cdb755e4-70a7-4ba1-b0c0-53052030566e,38.994985,-106.6950035
2020-04-30,1702,cdb755e4-70a7-4ba1-b0c0-53052030566e,38.994985,-106.6950035
2020-05-01,4351,cdb755e4-70a7-4ba1-b0c0-53052030566e,38.994985,-106.6950035
2020-05-02,1579,cdb755e4-70a7-4ba1-b0c0-53052030566e,38.994985,-106.6950035
2020-05-03,-742,cdb755e4-70a7-4ba1-b0c0-53052030566e,38.994985,-106.6950035
2020-05-04,474,cdb755e4-70a7-4ba1-b0c0-53052030566e,38.994985,-106.6950035
2020-05-05,-1395,cdb755e4-70a7-4ba1-b0c0-53052030566e,38.994985,-106.6950035
2020-05-06,2297,cdb755e4-70a7-4ba1-b0c0-53052030566e,38.994985,-106.6950035
2020-05-07,-2302,cdb755e4-70a7-4ba1-b0c0-53052030566e,38.994985,-106.6950035
2020-05-08,-1497,cdb755e4-70a7-4ba1-b0c0-53052030566e,38.994985,-106.6950035
2020-05-09,-919,cdb755e4-70a7-4ba1-b0c0-53052030566e,38.994985,-106.6950035
2020-05-10,-2144,cdb755e4-70a7-4ba1-b0c0-53052030566e,38.994985,-106.6950035
2020-05-11,1835,cdb755e4-70a7-4ba1-b0c0-53052030566e,38.994985,-106.6950035
2020-05-12,724,cdb755e4-70a7-4ba1-b0c0-53052030566e,38.994985,-106.6950035
2020-05-13,-1025,cdb755e4-70a7-4ba1-b0c0-53052030566e,38.994985,-106.6950035
2020-05-14,478,cdb755e4-70a7-4ba1-b0c0-53052030566e,38.994985,-106.6950035
2020-05-15,1766,cdb755e4-70a7-4ba1-b0c0-53052030566e,38.994985,-106.6950035
2020-05-16,326,cdb755e4-70a7-4ba1-b0c0-53052030566e,38.994985,-106.6950035
2020-05-17,2118,cdb755e4-70a7-4ba1-b0c0-53052030566e,38.994985,-106.6950035
2020-05-18,-3072,cdb755e4-70a7-4ba1-b0c0-53052030566e,38.994985,-106.6950035
2020-05-19,150,cdb755e4-70a7-4ba1-b0c0-53052030566e,38.994985,-106.6950035
2020-05-20,-1558,cdb755e4-70a7-4ba1-b0c0-53052030566e,38.994985,-106.6950035
2020-05-21,-2750,cdb755e4-70a7-4ba1-b0c0-53052030566e,38.994985,-106.6950035
2020-05-22,-1752,cdb755e4-70a7-4ba1-b0c0-53052030566e,38.994985,-106.6950035
2020-05-23,-322,cdb755e4-70a7-4ba1-b0c0-53052030566e,38.994985,-106.6950035
2020-05-24,2283,cdb755e4-70a7-4ba1-b0c0-53052030566e,38.994985,-106.6950035
2020-05-25,-1274,cdb755e4-70a7-4ba1-b0c0-53052030566e,38.994985,-106.6950035
2020-05-26,-1717,cdb755e4-70a7-4ba1-b0c0-53052030566e,38.994985,-106.6950035
2020-05-27,-349,cdb755e4-70a7-4ba1-b0c0-53052030566e,38.994985,-106.6950035
2020-05-28,-2589,cdb755e4-70a7-4ba1-b0c0-53052030566e,38.994985,-106.6950035
2020-05-29,-1320,cdb755e4-70a7-4ba1-b0c0-53052030566e,38.994985,-106.6950035
2020-05-30,5421,cdb755e4-70a7-4ba1-b0c0-53052030566e,38.994985,-106.6950035
2020-05-31,1576,cdb755e4-70a7-4ba1-b0c0-53052030566e,38.994985,-106.6950035
2020-06-01,2349,cdb755e4-70a7-4ba1-b0c0-53052030566e,38.994985,-106.6950035
2020-06-02,-3240,cdb755e4-70a7-4ba1-b0c0-53052030566e,38.994985,-106.6950035
2020-06-03,-2839,cdb755e4-70a7-4ba1-b0c0-53052030566e,38.994985,-106.6950035
2020-06-04,-1279,cdb755e4-70a7-4ba1-b0c0-53052030566e,38.994985,-106.6950035
2020-06-05,-3009,cdb755e4-70a7-4ba1-b0c0-53052030566e,38.994985,-106.6950035
2020-06-06,1160,cdb755e4-70a7-4ba1-b0c0-53052030566e,38.994985,-106.6950035
2020-06-07,-1885,cdb755e4-70a7-4ba1-b0c0-53052030566e,38.994985,-106.6950035
2020-06-08,-4095,cdb755e4-70a7-4ba1-b0c0-53052030566e,38.994985,-106.6950035
2020-06-09,1438,cdb755e4-70a7-4ba1-b0c0-53052030566e,38.994985,-106.6950035
2020-06-10,-3182,cdb755e4-70a7-4ba1-b0c0-53052030566e,38.994985,-106.6950035
2020-06-11,-3348,cdb755e4-70a7-4ba1-b0c0-53052030566e,38.994985,-106.6950035
2020-06-12,-3059,cdb755e4-70a7-4ba1-b0c0-53052030566e,38.994985,-106.6950035
2020-06-13,132,cdb755e4-70a7-4ba1-b0c0-53052030566e,38.994985,-106.6950035
2020-06-14,-407,cdb755e4-70a7-4ba1-b0c0-53052030566e,38.994985,-106.6950035
2020-06-15,-2220,cdb755e4-70a7-4ba1-b0c0-53052030566e,38.994985,-106.6950035
2020-06-16,-1478,cdb755e4-70a7-4ba1-b0c0-53052030566e,38.994985,-106.6950035
2020-06-17,-4022,cdb755e4-70a7-4ba1-b0c0-53052030566e,38.994985,-106.6950035
2020-06-18,-1338,cdb755e4-70a7-4ba1-b0c0-53052030566e,38.994985,-106.6950035
2020-06-19,97,cdb755e4-70a7-4ba1-b0c0-53052030566e,38.994985,-106.6950035
2020-06-20,-3646,cdb755e4-70a7-4ba1-b0c0-53052030566e,38.994985,-106.6950035
2020-06-21,-2378,cdb755e4-70a7-4ba1-b0c0-53052030566e,38.994985,-106.6950035
2020-06-22,-1295,cdb755e4-70a7-4ba1-b0c0-53052030566e,38.994985,-106.6950035
2020-06-23,-290,cdb755e4-70a7-4ba1-b0c0-53052030566e,38.994985,-106.6950035
2020-06-24,-3703,cdb755e4-70a7-4ba1-b0c0-53052030566e,38.994985,-106.6950035
2020-06-25,2986,cdb755e4-70a7-4ba1-b0c0-53052030566e,38.994985,-106.6950035
2020-06-26,-3854,cdb755e4-70a7-4ba1-b0c0-53052030566e,38.994985,-106.6950035
2020-06-27,-3513,cdb755e4-70a7-4ba1-b0c0-53052030566e,38.994985,-106.6950035
2020-06-28,1425,cdb755e4-70a7-4ba1-b0c0-53052030566e,38.994985,-106.6950035
2020-06-29,-2990,cdb755e4-70a7-4ba1-b0c0-53052030566e,38.994985,-106.6950035
2020-06-30,-2805,cdb755e4-70a7-4ba1-b0c0-53052030566e,38.994985,-106.6950035
2020-07-01,-4248,cdb755e4-70a7-4ba1-b0c0-53052030566e,38.994985,-106.6950035
2020-07-02,-2686,cdb755e4-70a7-4ba1-b0c0-53052030566e,38.994985,-106.6950035
2020-07-03,-3639,cdb755e4-70a7-4ba1-b0c0-53052030566e,38.994985,-106.6950035
2020-07-04,5403,cdb755e4-70a7-4ba1-b0c0-53052030566e,38.994985,-106.6950035
2020-07-05,-3203,cdb755e4-70a7-4ba1-b0c0-53052030566e,38.994985,-106.6950035
2020-07-06,2520,cdb755e4-70a7-4ba1-b0c0-53052030566e,38.994985,-106.6950035
2020-07-07,-2751,cdb755e4-70a7-4ba1-b0c0-53052030566e,38.994985,-106.6950035
2020-07-08,-3592,cdb755e4-70a7-4ba1-b0c0-53052030566e,38.994985,-106.6950035
2020-07-09,-2447,cdb755e4-70a7-4ba1-b0c0-53052030566e,38.994985,-106.6950035
2020-07-10,-4431,cdb755e4-70a7-4ba1-b0c0-53052030566e,38.994985,-106.6950035
2020-07-11,-2780,cdb755e4-70a7-4ba1-b0c0-53052030566e,38.994985,-106.6950035
2020-07-12,3845,cdb755e4-70a7-4ba1-b0c0-53052030566e,38.994985,-106.6950035
2020-07-13,-1739,cdb755e4-70a7-4ba1-b0c0-53052030566e,38.994985,-106.6950035
2020-07-14,-1297,cdb755e4-70a7-4ba1-b0c0-53052030566e,38.994985,-106.6950035
2020-07-15,-168,cdb755e4-70a7-4ba1-b0c0-53052030566e,38.994985,-106.6950035
2020-07-16,-577,cdb755e4-70a7-4ba1-b0c0-53052030566e,38.994985,-106.6950035
2020-07-17,1877,cdb755e4-70a7-4ba1-b0c0-53052030566e,38.994985,-106.6950035
2020-07-18,-2085,cdb755e4-70a7-4ba1-b0c0-53052030566e,38.994985,-106.6950035
2020-07-19,5299,cdb755e4-70a7-4ba1-b0c0-53052030566e,38.994985,-106.6950035
2020-07-20,-2212,cdb755e4-70a7-4ba1-b0c0-53052030566e,38.994985,-106.6950035
2020-07-21,896,cdb755e4-70a7-4ba1-b0c0-53052030566e,38.994985,-106.6950035
2020-07-22,-2324,cdb755e4-70a7-4ba1-b0c0-53052030566e,38.994985,-106.6950035
2020-07-23,-2483,cdb755e4-70a7-4ba1-b0c0-53052030566e,38.994985,-106.6950035
2020-07-24,1131,cdb755e4-70a7-4ba1-b0c0-53052030566e,38.994985,-106.6950035
2020-07-25,-411,cdb755e4-70a7-4ba1-b0c0-53052030566e,38.994985,-106.6950035
2020-07-26,-2553,cdb755e4-70a7-4ba1-b0c0-53052030566e,38.994985,-106.6950035
2020-07-27,161,cdb755e4-70a7-4ba1-b0c0-53052030566e,38.994985,-106.6950035
2020-07-28,22,cdb755e4-70a7-4ba1-b0c0-53052030566e,38.994985,-106.6950035
2020-07-29,1363,cdb755e4-70a7-4ba1-b0c0-53052030566e,38.994985,-106.6950035
2020-07-30,-3360,cdb755e4-70a7-4ba1-b0c0-53052030566e,38.994985,-106.6950035
2020-07-31,-3706,cdb755e4-70a7-4ba1-b0c0-53052030566e,38.994985,-106.6950035
2020-08-01,-2354,cdb755e4-70a7-4ba1-b0c0-53052030566e,38.994985,-106.6950035
2020-08-02,-3807,cdb755e4-70a7-4ba1-b0c0-53052030566e,38.994985,-106.6950035
2020-08-03,4948,cdb755e4-70a7-4ba1-b0c0-53052030566e,38.994985,-106.6950035
2020-08-04,2027,cdb755e4-70a7-4ba1-b0c0-53052030566e,38.994985,-106.6950035
2020-08-05,237,cdb755e4-70a7-4ba1-b0c0-53052030566e,38.994985,-106.6950035
2020-08-06,796,cdb755e4-70a7-4ba1-b0c0-53052030566e,38.994985,-106.6950035
2020-08-07,-3887,cdb755e4-70a7-4ba1-b0c0-53052030566e,38.994985,-106.6950035
2020-08-08,-1261,cdb755e4-70a7-4ba1-b0c0-53052030566e,38.994985,-106.6950035
2020-08-09,-4007,cdb755e4-70a7-4ba1-b0c0-53052030566e,38.994985,-106.6950035
2020-08-10,-508,cdb755e4-70a7-4ba1-b0c0-53052030566e,38.994985,-106.6950035
2020-08-11,-2815,cdb755e4-70a7-4ba1-b0c0-53052030566e,38.994985,-106.6950035
2020-08-12,39,cdb755e4-70a7-4ba1-b0c0-53052030566e,38.994985,-106.6950035
2020-08-13,-3577,cdb755e4-70a7-4ba1-b0c0-53052030566e,38.994985,-106.6950035
2020-08-14,-2892,cdb755e4-70a7-4ba1-b0c0-53052030566e,38.994985,-106.6950035
2020-08-15,-2778,cdb755e4-70a7-4ba1-b0c0-53052030566e,38.994985,-106.6950035
2020-08-16,-14,cdb755e4-70a7-4ba1-b0c0-53052030566e,38.994985,-106.6950035
2020-08-17,-1712,cdb755e4-70a7-4ba1-b0c0-53052030566e,38.994985,-106.6950035
2020-08-18,-1875,cdb755e4-70a7-4ba1-b0c0-53052030566e,38.994985,-106.6950035
2020-08-19,-1635,cdb755e4-70a7-4ba1-b0c0-53052030566e,38.994985,-106.6950035
2020-08-20,-75,cdb755e4-70a7-4ba1-b0c0-53052030566e,38.994985,-106.6950035
2020-08-21,-2383,cdb755e4-70a7-4ba1-b0c0-53052030566e,38.994985,-106.6950035
2020-08-22,-1957,cdb755e4-70a7-4ba1-b0c0-53052030566e,38.994985,-106.6950035
2020-08-23,2796,cdb755e4-70a7-4ba1-b0c0-53052030566e,38.994985,-106.6950035
2020-08-24,-2082,cdb755e4-70a7-4ba1-b0c0-53052030566e,38.994985,-106.6950035
2020-08-25,-2701,cdb755e4-70a7-4ba1-b0c0-53052030566e,38.994985,-106.6950035
2020-08-26,137,cdb755e4-70a7-4ba1-b0c0-53052030566e,38.994985,-106.6950035
2020-08-27,-4245,cdb755e4-70a7-4ba1-b0c0-53052030566e,38.994985,-106.6950035
2020-08-28,5141,cdb755e4-70a7-4ba1-b0c0-53052030566e,38.994985,-106.6950035
2020-08-29,5766,cdb755e4-70a7-4ba1-b0c0-53052030566e,38.994985,-106.6950035
2020-08-30,86,cdb755e4-70a7-4ba1-b0c0-53052030566e,38.994985,-106.6950035
2020-08-31,-2798,cdb755e4-70a7-4ba1-b0c0-53052030566e,38.994985,-106.6950035
2020-09-01,-3235,cdb755e4-70a7-4ba1-b0c0-53052030566e,38.994985,-106.6950035
2020-09-02,-2386,cdb755e4-70a7-4ba1-b0c0-53052030566e,38.994985,-106.6950035
2020-09-03,-3746,cdb755e4-70a7-4ba1-b0c0-53052030566e,38.994985,-106.6950035
2020-09-04,-2975,cdb755e4-70a7-4ba1-b0c0-53052030566e,38.994985,-106.6950035
2020-09-05,-3721,cdb755e4-70a7-4ba1-b0c0-53052030566e,38.994985,-106.6950035
2020-09-06,-2793,cdb755e4-70a7-4ba1-b0c0-53052030566e,38.994985,-106.6950035
2020-09-07,679,cdb755e4-70a7-4ba1-b0c0-53052030566e,38.994985,-106.6950035
2020-09-08,5355,cdb755e4-70a7-4ba1-b0c0-53052030566e,38.994985,-106.6950035
2020-09-09,1015,cdb755e4-70a7-4ba1-b0c0-53052030566e,38.994985,-106.6950035
2020-09-10,1925,cdb755e4-70a7-4ba1-b0c0-53052030566e,38.994985,-106.6950035
2020-09-11,5297,cdb755e4-70a7-4ba1-b0c0-53052030566e,38.994985,-106.6950035
2020-09-12,2913,cdb755e4-70a7-4ba1-b0c0-53052030566e,38.994985,-106.6950035
2020-09-13,-1230,cdb755e4-70a7-4ba1-b0c0-53052030566e,38.994985,-106.6950035
2020-09-14,-3052,cdb755e4-70a7-4ba1-b0c0-53052030566e,38.994985,-106.6950035
2020-09-15,-1811,cdb755e4-70a7-4ba1-b0c0-53052030566e,38.994985,-106.6950035
2020-09-16,-1772,cdb755e4-70a7-4ba1-b0c0-53052030566e,38.994985,-106.6950035
2020-09-17,-700,cdb755e4-70a7-4ba1-b0c0-53052030566e,38.994985,-106.6950035
2020-09-18,966,cdb755e4-70a7-4ba1-b0c0-53052030566e,38.994985,-106.6950035
2020-09-19,-3334,cdb755e4-70a7-4ba1-b0c0-53052030566e,38.994985,-106.6950035
2020-09-20,-662,cdb755e4-70a7-4ba1-b0c0-53052030566e,38.994985,-106.6950035
2020-09-21,-671,cdb755e4-70a7-4ba1-b0c0-53052030566e,38.994985,-106.6950035
2020-09-22,6773,cdb755e4-70a7-4ba1-b0c0-53052030566e,38.994985,-106.6950035
2020-09-23,-1451,cdb755e4-70a7-4ba1-b0c0-53052030566e,38.994985,-106.6950035
2020-09-24,-3016,cdb755e4-70a7-4ba1-b0c0-53052030566e,38.994985,-106.6950035
2020-09-25,-1482,cdb755e4-70a7-4ba1-b0c0-53052030566e,38.994985,-106.6950035
2020-09-26,-3244,cdb755e4-70a7-4ba1-b0c0-53052030566e,38.994985,-106.6950035
2020-09-27,-2101,cdb755e4-70a7-4ba1-b0c0-53052030566e,38.994985,-106.6950035
2020-09-28,-3586,cdb755e4-70a7-4ba1-b0c0-53052030566e,38.994985,-106.6950035
2020-09-29,-3082,cdb755e4-70a7-4ba1-b0c0-53052030566e,38.994985,-106.6950035
2020-09-30,-3723,cdb755e4-70a7-4ba1-b0c0-53052030566e,38.994985,-106.6950035
2020-10-01,-3269,cdb755e4-70a7-4ba1-b0c0-53052030566e,38.994985,-106.6950035
2020-10-02,-1878,cdb755e4-70a7-4ba1-b0c0-53052030566e,38.994985,-106.6950035
2020-10-03,-3722,cdb755e4-70a7-4ba1-b0c0-53052030566e,38.994985,-106.6950035
2020-10-04,-2817,cdb755e4-70a7-4ba1-b0c0-53052030566e,38.994985,-106.6950035
2020-10-05,-3657,cdb755e4-70a7-4ba1-b0c0-53052030566e,38.994985,-106.6950035
2020-10-06,-2248,cdb755e4-70a7-4ba1-b0c0-53052030566e,38.994985,-106.6950035
2020-10-07,-3955,cdb755e4-70a7-4ba1-b0c0-53052030566e,38.994985,-106.6950035
2020-10-08,-2860,cdb755e4-70a7-4ba1-b0c0-53052030566e,38.994985,-106.6950035
2020-10-09,-3580,cdb755e4-70a7-4ba1-b0c0-53052030566e,38.994985,-106.6950035
2020-10-10,-3957,cdb755e4-70a7-4ba1-b0c0-53052030566e,38.994985,-106.6950035
2020-10-11,4237,cdb755e4-70a7-4ba1-b0c0-53052030566e,38.994985,-106.6950035
2020-10-12,-3478,cdb755e4-70a7-4ba1-b0c0-53052030566e,38.994985,-106.6950035
2020-10-13,-2412,cdb755e4-70a7-4ba1-b0c0-53052030566e,38.994985,-106.6950035
2020-10-14,-4258,cdb755e4-70a7-4ba1-b0c0-53052030566e,38.994985,-106.6950035
2020-10-15,-1022,cdb755e4-70a7-4ba1-b0c0-53052030566e,38.994985,-106.6950035
2020-10-16,-3736,cdb755e4-70a7-4ba1-b0c0-53052030566e,38.994985,-106.6950035
2020-10-17,-1030,cdb755e4-70a7-4ba1-b0c0-53052030566e,38.994985,-106.6950035
2020-10-18,-3317,cdb755e4-70a7-4ba1-b0c0-53052030566e,38.994985,-106.6950035
2020-10-19,-2483,cdb755e4-70a7-4ba1-b0c0-53052030566e,38.994985,-106.6950035
2020-10-20,-2819,cdb755e4-70a7-4ba1-b0c0-53052030566e,38.994985,-106.6950035
2020-10-21,-3726,cdb755e4-70a7-4ba1-b0c0-53052030566e,38.994985,-106.6950035
2020-10-22,-3201,cdb755e4-70a7-4ba1-b0c0-53052030566e,38.994985,-106.6950035
2020-10-23,-2832,cdb755e4-70a7-4ba1-b0c0-53052030566e,38.994985,-106.6950035
2020-10-24,-3089,cdb755e4-70a7-4ba1-b0c0-53052030566e,38.994985,-106.6950035
2020-10-25,4999,cdb755e4-70a7-4ba1-b0c0-53052030566e,38.994985,-106.6950035
2020-10-26,4429,cdb755e4-70a7-4ba1-b0c0-53052030566e,38.994985,-106.6950035
2020-10-27,5447,cdb755e4-70a7-4ba1-b0c0-53052030566e,38.994985,-106.6950035
2020-10-28,4201,cdb755e4-70a7-4ba1-b0c0-53052030566e,38.994985,-106.6950035
2020-10-29,1206,cdb755e4-70a7-4ba1-b0c0-53052030566e,38.994985,-106.6950035
2020-10-30,-2659,cdb755e4-70a7-4ba1-b0c0-53052030566e,38.994985,-106.6950035
2020-10-31,-1889,cdb755e4-70a7-4ba1-b0c0-53052030566e,38.994985,-106.6950035
2020-11-01,-3118,cdb755e4-70a7-4ba1-b0c0-53052030566e,38.994985,-106.6950035
2020-11-02,-3262,cdb755e4-70a7-4ba1-b0c0-53052030566e,38.994985,-106.6950035
2020-11-03,2865,cdb755e4-70a7-4ba1-b0c0-53052030566e,38.994985,-106.6950035
2020-11-04,-3110,cdb755e4-70a7-4ba1-b0c0-53052030566e,38.994985,-106.6950035
2020-11-05,-1859,cdb755e4-70a7-4ba1-b0c0-53052030566e,38.994985,-106.6950035
2020-11-06,687,cdb755e4-70a7-4ba1-b0c0-53052030566e,38.994985,-106.6950035
2020-11-07,1060,cdb755e4-70a7-4ba1-b0c0-53052030566e,38.994985,-106.6950035
2020-11-08,2107,cdb755e4-70a7-4ba1-b0c0-53052030566e,38.994985,-106.6950035
2020-11-09,1582,cdb755e4-70a7-4ba1-b0c0-53052030566e,38.994985,-106.6950035
2020-11-10,6061,cdb755e4-70a7-4ba1-b0c0-53052030566e,38.994985,-106.6950035
2020-11-11,6948,cdb755e4-70a7-4ba1-b0c0-53052030566e,38.994985,-106.6950035
2020-11-12,4953,cdb755e4-70a7-4ba1-b0c0-53052030566e,38.994985,-106.6950035
2020-11-13,1148,cdb755e4-70a7-4ba1-b0c0-53052030566e,38.994985,-106.6950035
2020-11-14,3014,cdb755e4-70a7-4ba1-b0c0-53052030566e,38.994985,-106.6950035
2020-11-15,1448,cdb755e4-70a7-4ba1-b0c0-53052030566e,38.994985,-106.6950035
2020-11-16,6057,cdb755e4-70a7-4ba1-b0c0-53052030566e,38.994985,-106.6950035
2020-11-17,5626,cdb755e4-70a7-4ba1-b0c0-53052030566e,38.994985,-106.6950035
2020-11-18,1727,cdb755e4-70a7-4ba1-b0c0-53052030566e,38.994985,-106.6950035
2020-11-19,2381,cdb755e4-70a7-4ba1-b0c0-53052030566e,38.994985,-106.6950035
2020-11-20,1807,cdb755e4-70a7-4ba1-b0c0-53052030566e,38.994985,-106.6950035
2020-11-21,2357,cdb755e4-70a7-4ba1-b0c0-53052030566e,38.994985,-106.6950035
2020-11-22,1611,cdb755e4-70a7-4ba1-b0c0-53052030566e,38.994985,-106.6950035
2020-11-23,3983,cdb755e4-70a7-4ba1-b0c0-53052030566e,38.994985,-106.6950035
2020-11-24,4196,cdb755e4-70a7-4ba1-b0c0-53052030566e,38.994985,-106.6950035
2020-11-25,5950,cdb755e4-70a7-4ba1-b0c0-53052030566e,38.994985,-106.6950035
2020-11-26,1986,cdb755e4-70a7-4ba1-b0c0-53052030566e,38.994985,-106.6950035
2020-11-27,6229,cdb755e4-70a7-4ba1-b0c0-53052030566e,38.994985,-106.6950035
2020-11-28,4394,cdb755e4-70a7-4ba1-b0c0-53052030566e,38.994985,-106.6950035
2020-11-29,5011,cdb755e4-70a7-4ba1-b0c0-53052030566e,38.994985,-106.6950035
2020-11-30,4574,cdb755e4-70a7-4ba1-b0c0-53052030566e,38.994985,-106.6950035
2020-12-01,3995,cdb755e4-70a7-4ba1-b0c0-53052030566e,38.994985,-106.6950035
2020-12-02,4519,cdb755e4-70a7-4ba1-b0c0-53052030566e,38.994985,-106.6950035
2020-12-03,3101,cdb755e4-70a7-4ba1-b0c0-53052030566e,38.994985,-106.6950035
2020-12-04,4226,cdb755e4-70a7-4ba1-b0c0-53052030566e,38.994985,-106.6950035
2020-12-05,3684,cdb755e4-70a7-4ba1-b0c0-53052030566e,38.994985,-106.6950035
2020-12-06,3590,cdb755e4-70a7-4ba1-b0c0-53052030566e,38.994985,-106.6950035
2020-12-07,3700,cdb755e4-70a7-4ba1-b0c0-53052030566e,38.994985,-106.6950035
2020-12-08,1765,cdb755e4-70a7-4ba1-b0c0-53052030566e,38.994985,-106.6950035
2020-12-09,3398,cdb755e4-70a7-4ba1-b0c0-53052030566e,38.994985,-106.6950035
2020-12-10,3876,cdb755e4-70a7-4ba1-b0c0-53052030566e,38.994985,-106.6950035
2020-12-11,3160,cdb755e4-70a7-4ba1-b0c0-53052030566e,38.994985,-106.6950035
2020-12-12,4006,cdb755e4-70a7-4ba1-b0c0-53052030566e,38.994985,-106.6950035
2020-12-13,6185,cdb755e4-70a7-4ba1-b0c0-53052030566e,38.994985,-106.6950035
2020-12-14,2649,cdb755e4-70a7-4ba1-b0c0-53052030566e,38.994985,-106.6950035
2020-12-15,4817,cdb755e4-70a7-4ba1-b0c0-53052030566e,38.994985,-106.6950035
2020-12-16,305,cdb755e4-70a7-4ba1-b0c0-53052030566e,38.994985,-106.6950035
2020-12-17,5549,cdb755e4-70a7-4ba1-b0c0-53052030566e,38.994985,-106.6950035
2020-12-18,2801,cdb755e4-70a7-4ba1-b0c0-53052030566e,38.994985,-106.6950035
2020-12-19,5512,cdb755e4-70a7-4ba1-b0c0-53052030566e,38.994985,-106.6950035
2020-12-20,3528,cdb755e4-70a7-4ba1-b0c0-53052030566e,38.994985,-106.6950035
2020-12-21,4358,cdb755e4-70a7-4ba1-b0c0-53052030566e,38.994985,-106.6950035
2020-12-22,4048,cdb755e4-70a7-4ba1-b0c0-53052030566e,38.994985,-106.6950035
2020-12-23,2443,cdb755e4-70a7-4ba1-b0c0-53052030566e,38.994985,-106.6950035
2020-12-24,5553,cdb755e4-70a7-4ba1-b0c0-53052030566e,38.994985,-106.6950035
2020-12-25,4917,cdb755e4-70a7-4ba1-b0c0-53052030566e,38.994985,-106.6950035
2020-12-26,5015,cdb755e4-70a7-4ba1-b0c0-53052030566e,38.994985,-106.6950035
2020-12-27,4682,cdb755e4-70a7-4ba1-b0c0-53052030566e,38.994985,-106.6950035
2020-12-28,1845,cdb755e4-70a7-4ba1-b0c0-53052030566e,38.994985,-106.6950035
2020-12-29,4084,cdb755e4-70a7-4ba1-b0c0-53052030566e,38.994985,-106.6950035
2020-12-30,5160,cdb755e4-70a7-4ba1-b0c0-53052030566e,38.994985,-106.6950035
2020-12-31,6899,cdb755e4-70a7-4ba1-b0c0-53052030566e,38.994985,-106.6950035
2021-01-01,6222,cdb755e4-70a7-4ba1-b0c0-53052030566e,38.994985,-106.6950035
2021-01-02,5992,cdb755e4-70a7-4ba1-b0c0-53052030566e,38.994985,-106.6950035
2021-01-03,4885,cdb755e4-70a7-4ba1-b0c0-53052030566e,38.994985,-106.6950035
2021-01-04,5116,cdb755e4-70a7-4ba1-b0c0-53052030566e,38.994985,-106.6950035
2021-01-05,3687,cdb755e4-70a7-4ba1-b0c0-53052030566e,38.994985,-106.6950035
2021-01-06,4322,cdb755e4-70a7-4ba1-b0c0-53052030566e,38.994985,-106.6950035
2021-01-07,6706,cdb755e4-70a7-4ba1-b0c0-53052030566e,38.994985,-106.6950035
2021-01-08,4058,cdb755e4-70a7-4ba1-b0c0-53052030566e,38.994985,-106.6950035
2021-01-09,6600,cdb755e4-70a7-4ba1-b0c0-53052030566e,38.994985,-106.6950035
2021-01-10,5936,cdb755e4-70a7-4ba1-b0c0-53052030566e,38.994985,-106.6950035
2021-01-11,5986,cdb755e4-70a7-4ba1-b0c0-53052030566e,38.994985,-106.6950035
2021-01-12,6246,cdb755e4-70a7-4ba1-b0c0-53052030566e,38.994985,-106.6950035
2021-01-13,1134,cdb755e4-70a7-4ba1-b0c0-53052030566e,38.994985,-106.6950035
2021-01-14,2692,cdb755e4-70a7-4ba1-b0c0-53052030566e,38.994985,-106.6950035
2021-01-15,3845,cdb755e4-70a7-4ba1-b0c0-53052030566e,38.994985,-106.6950035
2021-01-16,820,cdb755e4-70a7-4ba1-b0c0-53052030566e,38.994985,-106.6950035
2021-01-17,5003,cdb755e4-70a7-4ba1-b0c0-53052030566e,38.994985,-106.6950035
2021-01-18,4524,cdb755e4-70a7-4ba1-b0c0-53052030566e,38.994985,-106.6950035
2021-01-19,3206,cdb755e4-70a7-4ba1-b0c0-53052030566e,38.994985,-106.6950035
2021-01-20,281,cdb755e4-70a7-4ba1-b0c0-53052030566e,38.994985,-106.6950035
2021-01-21,2798,cdb755e4-70a7-4ba1-b0c0-53052030566e,38.994985,-106.6950035
2021-01-22,1735,cdb755e4-70a7-4ba1-b0c0-53052030566e,38.994985,-106.6950035
2021-01-23,4044,cdb755e4-70a7-4ba1-b0c0-53052030566e,38.994985,-106.6950035
2021-01-24,4537,cdb755e4-70a7-4ba1-b0c0-53052030566e,38.994985,-106.6950035
2021-01-25,4622,cdb755e4-70a7-4ba1-b0c0-53052030566e,38.994985,-106.6950035
2021-01-26,2873,cdb755e4-70a7-4ba1-b0c0-53052030566e,38.994985,-106.6950035
2021-01-27,5505,cdb755e4-70a7-4ba1-b0c0-53052030566e,38.994985,-106.6950035
2021-01-28,3525,cdb755e4-70a7-4ba1-b0c0-53052030566e,38.994985,-106.6950035
2021-01-29,2869,cdb755e4-70a7-4ba1-b0c0-53052030566e,38.994985,-106.6950035
2021-01-30,4853,cdb755e4-70a7-4ba1-b0c0-53052030566e,38.994985,-106.6950035
2021-01-31,4305,cdb755e4-70a7-4ba1-b0c0-53052030566e,38.994985,-106.6950035
2021-02-01,4405,cdb755e4-70a7-4ba1-b0c0-53052030566e,38.994985,-106.6950035
2021-02-02,6121,cdb755e4-70a7-4ba1-b0c0-53052030566e,38.994985,-106.6950035
2021-02-03,4638,cdb755e4-70a7-4ba1-b0c0-53052030566e,38.994985,-106.6950035
2021-02-04,4053,cdb755e4-70a7-4ba1-b0c0-53052030566e,38.994985,-106.6950035
2021-02-05,1872,cdb755e4-70a7-4ba1-b0c0-53052030566e,38.994985,-106.6950035
2021-02-06,5029,cdb755e4-70a7-4ba1-b0c0-53052030566e,38.994985,-106.6950035
2021-02-07,5076,cdb755e4-70a7-4ba1-b0c0-53052030566e,38.994985,-106.6950035
2021-02-08,6008,cdb755e4-70a7-4ba1-b0c0-53052030566e,38.994985,-106.6950035
2021-02-09,3858,cdb755e4-70a7-4ba1-b0c0-53052030566e,38.994985,-106.6950035
2021-02-10,1677,cdb755e4-70a7-4ba1-b0c0-53052030566e,38.994985,-106.6950035
2021-02-11,6210,cdb755e4-70a7-4ba1-b0c0-53052030566e,38.994985,-106.6950035
2021-02-12,4829,cdb755e4-70a7-4ba1-b0c0-53052030566e,38.994985,-106.6950035
2021-02-13,3031,cdb755e4-70a7-4ba1-b0c0-53052030566e,38.994985,-106.6950035
2021-02-14,4473,cdb755e4-70a7-4ba1-b0c0-53052030566e,38.994985,-106.6950035
2021-02-15,5682,cdb755e4-70a7-4ba1-b0c0-53052030566e,38.994985,-106.6950035
2021-02-16,3924,cdb755e4-70a7-4ba1-b0c0-53052030566e,38.994985,-106.6950035
2021-02-17,4619,cdb755e4-70a7-4ba1-b0c0-53052030566e,38.994985,-106.6950035
2021-02-18,4161,cdb755e4-70a7-4ba1-b0c0-53052030566e,38.994985,-106.6950035
2021-02-19,1496,cdb755e4-70a7-4ba1-b0c0-53052030566e,38.994985,-106.6950035
2021-02-20,3837,cdb755e4-70a7-4ba1-b0c0-53052030566e,38.994985,-106.6950035
2021-02-21,4734,cdb755e4-70a7-4ba1-b0c0-53052030566e,38.994985,-106.6950035
2021-02-22,6489,cdb755e4-70a7-4ba1-b0c0-53052030566e,38.994985,-106.6950035
2021-02-23,5352,cdb755e4-70a7-4ba1-b0c0-53052030566e,38.994985,-106.6950035
2021-02-24,7474,cdb755e4-70a7-4ba1-b0c0-53052030566e,38.994985,-106.6950035
2021-02-25,4037,cdb755e4-70a7-4ba1-b0c0-53052030566e,38.994985,-106.6950035
2021-02-26,6891,cdb755e4-70a7-4ba1-b0c0-53052030566e,38.994985,-106.6950035
2021-02-27,3371,cdb755e4-70a7-4ba1-b0c0-53052030566e,38.994985,-106.6950035
2021-02-28,5941,cdb755e4-70a7-4ba1-b0c0-53052030566e,38.994985,-106.6950035
2021-03-01,6613,cdb755e4-70a7-4ba1-b0c0-53052030566e,38.994985,-106.6950035
2021-03-02,5633,cdb755e4-70a7-4ba1-b0c0-53052030566e,38.994985,-106.6950035
2021-03-03,7544,cdb755e4-70a7-4ba1-b0c0-53052030566e,38.994985,-106.6950035
2021-03-04,3996,cdb755e4-70a7-4ba1-b0c0-53052030566e,38.994985,-106.6950035
2021-03-05,6938,cdb755e4-70a7-4ba1-b0c0-53052030566e,38.994985,-106.6950035
2021-03-06,5470,cdb755e4-70a7-4ba1-b0c0-53052030566e,38.994985,-106.6950035
2021-03-07,6758,cdb755e4-70a7-4ba1-b0c0-53052030566e,38.994985,-106.6950035
2021-03-08,4046,cdb755e4-70a7-4ba1-b0c0-53052030566e,38.994985,-106.6950035
2021-03-09,4672,cdb755e4-70a7-4ba1-b0c0-53052030566e,38.994985,-106.6950035
2021-03-10,3594,cdb755e4-70a7-4ba1-b0c0-53052030566e,38.994985,-106.6950035
2021-03-11,4022,cdb755e4-70a7-4ba1-b0c0-53052030566e,38.994985,-106.6950035
2021-03-12,7076,cdb755e4-70a7-4ba1-b0c0-53052030566e,38.994985,-106.6950035
2021-03-13,3828,cdb755e4-70a7-4ba1-b0c0-53052030566e,38.994985,-106.6950035
2021-03-14,5295,cdb755e4-70a7-4ba1-b0c0-53052030566e,38.994985,-106.6950035
2021-03-15,2451,cdb755e4-70a7-4ba1-b0c0-53052030566e,38.994985,-106.6950035
2021-03-16,3953,cdb755e4-70a7-4ba1-b0c0-53052030566e,38.994985,-106.6950035
2021-03-17,1589,cdb755e4-70a7-4ba1-b0c0-53052030566e,38.994985,-106.6950035
2021-03-18,5906,cdb755e4-70a7-4ba1-b0c0-53052030566e,38.994985,-106.6950035
2021-03-19,7053,cdb755e4-70a7-4ba1-b0c0-53052030566e,38.994985,-106.6950035
2021-03-20,3284,cdb755e4-70a7-4ba1-b0c0-53052030566e,38.994985,-106.6950035
2021-03-21,4583,cdb755e4-70a7-4ba1-b0c0-53052030566e,38.994985,-106.6950035
2021-03-22,1660,cdb755e4-70a7-4ba1-b0c0-53052030566e,38.994985,-106.6950035
2021-03-23,4453,cdb755e4-70a7-4ba1-b0c0-53052030566e,38.994985,-106.6950035
2021-03-24,2282,cdb755e4-70a7-4ba1-b0c0-53052030566e,38.994985,-106.6950035
2021-03-25,2924,cdb755e4-70a7-4ba1-b0c0-53052030566e,38.994985,-106.6950035
2021-03-26,5503,cdb755e4-70a7-4ba1-b0c0-53052030566e,38.994985,-106.6950035
2021-03-27,4977,cdb755e4-70a7-4ba1-b0c0-53052030566e,38.994985,-106.6950035
2021-03-28,7168,cdb755e4-70a7-4ba1-b0c0-53052030566e,38.994985,-106.6950035
2021-03-29,4679,cdb755e4-70a7-4ba1-b0c0-53052030566e,38.994985,-106.6950035
2021-03-30,5003,cdb755e4-70a7-4ba1-b0c0-53052030566e,38.994985,-106.6950035
2021-03-31,5974,cdb755e4-70a7-4ba1-b0c0-53052030566e,38.994985,-106.6950035
2021-04-01,6434,cdb755e4-70a7-4ba1-b0c0-53052030566e,38.994985,-106.6950035
2021-04-02,7140,cdb755e4-70a7-4ba1-b0c0-53052030566e,38.994985,-106.6950035
2021-04-03,4606,cdb755e4-70a7-4ba1-b0c0-53052030566e,38.994985,-106.6950035
2021-04-04,6756,cdb755e4-70a7-4ba1-b0c0-53052030566e,38.994985,-106.6950035
2021-04-05,4864,cdb755e4-70a7-4ba1-b0c0-53052030566e,38.994985,-106.6950035
2021-04-06,5372,cdb755e4-70a7-4ba1-b0c0-53052030566e,38.994985,-106.6950035
2021-04-07,4141,cdb755e4-70a7-4ba1-b0c0-53052030566e,38.994985,-106.6950035
2021-04-08,4244,cdb755e4-70a7-4ba1-b0c0-53052030566e,38.994985,-106.6950035
2021-04-09,4904,cdb755e4-70a7-4ba1-b0c0-53052030566e,38.994985,-106.6950035
2021-04-10,3152,cdb755e4-70a7-4ba1-b0c0-53052030566e,38.994985,-106.6950035
2021-04-11,4231,cdb755e4-70a7-4ba1-b0c0-53052030566e,38.994985,-106.6950035
2021-04-12,4130,cdb755e4-70a7-4ba1-b0c0-53052030566e,38.994985,-106.6950035
2021-04-13,4264,cdb755e4-70a7-4ba1-b0c0-53052030566e,38.994985,-106.6950035
2021-04-14,3723,cdb755e4-70a7-4ba1-b0c0-53052030566e,38.994985,-106.6950035
2021-04-15,5200,cdb755e4-70a7-4ba1-b0c0-53052030566e,38.994985,-106.6950035
2021-04-16,3180,cdb755e4-70a7-4ba1-b0c0-53052030566e,38.994985,-106.6950035
2021-04-17,1119,cdb755e4-70a7-4ba1-b0c0-53052030566e,38.994985,-106.6950035
2021-04-18,930,cdb755e4-70a7-4ba1-b0c0-53052030566e,38.994985,-106.6950035
2021-04-19,3036,cdb755e4-70a7-4ba1-b0c0-53052030566e,38.994985,-106.6950035
2021-04-20,5708,cdb755e4-70a7-4ba1-b0c0-53052030566e,38.994985,-106.6950035
2021-04-21,3417,cdb755e4-70a7-4ba1-b0c0-53052030566e,38.994985,-106.6950035
2021-04-22,4447,cdb755e4-70a7-4ba1-b0c0-53052030566e,38.994985,-106.6950035
2021-04-23,3787,cdb755e4-70a7-4ba1-b0c0-53052030566e,38.994985,-106.6950035
2021-04-24,3494,cdb755e4-70a7-4ba1-b0c0-53052030566e,38.994985,-106.6950035
2021-04-25,3005,cdb755e4-70a7-4ba1-b0c0-53052030566e,38.994985,-106.6950035
2021-04-26,1109,cdb755e4-70a7-4ba1-b0c0-53052030566e,38.994985,-106.6950035
2021-04-27,5176,cdb755e4-70a7-4ba1-b0c0-53052030566e,38.994985,-106.6950035
2021-04-28,1842,cdb755e4-70a7-4ba1-b0c0-53052030566e,38.994985,-106.6950035
2021-04-29,1000,cdb755e4-70a7-4ba1-b0c0-53052030566e,38.994985,-106.6950035
2021-04-30,3161,cdb755e4-70a7-4ba1-b0c0-53052030566e,38.994985,-106.6950035
2021-05-01,3089,cdb755e4-70a7-4ba1-b0c0-53052030566e,38.994985,-106.6950035
2021-05-02,1927,cdb755e4-70a7-4ba1-b0c0-53052030566e,38.994985,-106.6950035
2021-05-03,3546,cdb755e4-70a7-4ba1-b0c0-53052030566e,38.994985,-106.6950035
2021-05-04,5885,cdb755e4-70a7-4ba1-b0c0-53052030566e,38.994985,-106.6950035
2021-05-05,1893,cdb755e4-70a7-4ba1-b0c0-53052030566e,38.994985,-106.6950035
2021-05-06,109,cdb755e4-70a7-4ba1-b0c0-53052030566e,38.994985,-106.6950035
2021-05-07,2761,cdb755e4-70a7-4ba1-b0c0-53052030566e,38.994985,-106.6950035
2021-05-08,989,cdb755e4-70a7-4ba1-b0c0-53052030566e,38.994985,-106.6950035
2021-05-09,2608,cdb755e4-70a7-4ba1-b0c0-53052030566e,38.994985,-106.6950035
2021-05-10,3265,cdb755e4-70a7-4ba1-b0c0-53052030566e,38.994985,-106.6950035
2021-05-11,3088,cdb755e4-70a7-4ba1-b0c0-53052030566e,38.994985,-106.6950035
2021-05-12,-921,cdb755e4-70a7-4ba1-b0c0-53052030566e,38.994985,-106.6950035
2021-05-13,-967,cdb755e4-70a7-4ba1-b0c0-53052030566e,38.994985,-106.6950035
2021-05-14,412,cdb755e4-70a7-4ba1-b0c0-53052030566e,38.994985,-106.6950035
2021-05-15,2474,cdb755e4-70a7-4ba1-b0c0-53052030566e,38.994985,-106.6950035
2021-05-16,1663,cdb755e4-70a7-4ba1-b0c0-53052030566e,38.994985,-106.6950035
2021-05-17,3892,cdb755e4-70a7-4ba1-b0c0-53052030566e,38.994985,-106.6950035
2021-05-18,2433,cdb755e4-70a7-4ba1-b0c0-53052030566e,38.994985,-106.6950035
2021-05-19,298,cdb755e4-70a7-4ba1-b0c0-53052030566e,38.994985,-106.6950035
2021-05-20,783,cdb755e4-70a7-4ba1-b0c0-53052030566e,38.994985,-106.6950035
2021-05-21,2771,cdb755e4-70a7-4ba1-b0c0-53052030566e,38.994985,-106.6950035
2021-05-22,4089,cdb755e4-70a7-4ba1-b0c0-53052030566e,38.994985,-106.6950035
2021-05-23,3348,cdb755e4-70a7-4ba1-b0c0-53052030566e,38.994985,-106.6950035
2021-05-24,-3353,cdb755e4-70a7-4ba1-b0c0-53052030566e,38.994985,-106.6950035
2021-05-25,-1334,cdb755e4-70a7-4ba1-b0c0-53052030566e,38.994985,-106.6950035
2021-05-26,491,cdb755e4-70a7-4ba1-b0c0-53052030566e,38.994985,-106.6950035
2021-05-27,-920,cdb755e4-70a7-4ba1-b0c0-53052030566e,38.994985,-106.6950035
2021-05-28,-3940,cdb755e4-70a7-4ba1-b0c0-53052030566e,38.994985,-106.6950035
2021-05-29,5364,cdb755e4-70a7-4ba1-b0c0-53052030566e,38.994985,-106.6950035
2021-05-30,1906,cdb755e4-70a7-4ba1-b0c0-53052030566e,38.994985,-106.6950035
2021-05-31,1822,cdb755e4-70a7-4ba1-b0c0-53052030566e,38.994985,-106.6950035
2021-06-01,-701,cdb755e4-70a7-4ba1-b0c0-53052030566e,38.994985,-106.6950035
2021-06-02,334,cdb755e4-70a7-4ba1-b0c0-53052030566e,38.994985,-106.6950035
2021-06-03,-1214,cdb755e4-70a7-4ba1-b0c0-53052030566e,38.994985,-106.6950035
2021-06-04,-3354,cdb755e4-70a7-4ba1-b0c0-53052030566e,38.994985,-106.6950035
2021-06-05,-3038,cdb755e4-70a7-4ba1-b0c0-53052030566e,38.994985,-106.6950035
2021-06-06,3507,cdb755e4-70a7-4ba1-b0c0-53052030566e,38.994985,-106.6950035
2021-06-07,-2534,cdb755e4-70a7-4ba1-b0c0-53052030566e,38.994985,-106.6950035
2021-06-08,-2926,cdb755e4-70a7-4ba1-b0c0-53052030566e,38.994985,-106.6950035
2021-06-09,-4028,cdb755e4-70a7-4ba1-b0c0-53052030566e,38.994985,-106.6950035
2021-06-10,1157,cdb755e4-70a7-4ba1-b0c0-53052030566e,38.994985,-106.6950035
2021-06-11,-3750,cdb755e4-70a7-4ba1-b0c0-53052030566e,38.994985,-106.6950035
2021-06-12,-3197,cdb755e4-70a7-4ba1-b0c0-53052030566e,38.994985,-106.6950035
2021-06-13,-3993,cdb755e4-70a7-4ba1-b0c0-53052030566e,38.994985,-106.6950035
2021-06-14,-3346,cdb755e4-70a7-4ba1-b0c0-53052030566e,38.994985,-106.6950035
2021-06-15,-3249,cdb755e4-70a7-4ba1-b0c0-53052030566e,38.994985,-106.6950035
2021-06-16,-3286,cdb755e4-70a7-4ba1-b0c0-53052030566e,38.994985,-106.6950035
2021-06-17,-793,cdb755e4-70a7-4ba1-b0c0-53052030566e,38.994985,-106.6950035
2021-06-18,3293,cdb755e4-70a7-4ba1-b0c0-53052030566e,38.994985,-106.6950035
2021-06-19,3621,cdb755e4-70a7-4ba1-b0c0-53052030566e,38.994985,-106.6950035
2021-06-20,-3836,cdb755e4-70a7-4ba1-b0c0-53052030566e,38.994985,-106.6950035
2021-06-21,-3368,cdb755e4-70a7-4ba1-b0c0-53052030566e,38.994985,-106.6950035
2021-06-22,-712,cdb755e4-70a7-4ba1-b0c0-53052030566e,38.994985,-106.6950035
2021-06-23,-1022,cdb755e4-70a7-4ba1-b0c0-53052030566e,38.994985,-106.6950035
2021-06-24,-72,cdb755e4-70a7-4ba1-b0c0-53052030566e,38.994985,-106.6950035
2021-06-25,-3371,cdb755e4-70a7-4ba1-b0c0-53052030566e,38.994985,-106.6950035
2021-06-26,292,cdb755e4-70a7-4ba1-b0c0-53052030566e,38.994985,-106.6950035
2021-06-27,-3879,cdb755e4-70a7-4ba1-b0c0-53052030566e,38.994985,-106.6950035
2021-06-28,1085,cdb755e4-70a7-4ba1-b0c0-53052030566e,38.994985,-106.6950035
2021-06-29,-1778,cdb755e4-70a7-4ba1-b0c0-53052030566e,38.994985,-106.6950035
2021-06-30,-1557,cdb755e4-70a7-4ba1-b0c0-53052030566e,38.994985,-106.6950035
2021-07-01,5727,cdb755e4-70a7-4ba1-b0c0-53052030566e,38.994985,-106.6950035
2021-07-02,-3213,cdb755e4-70a7-4ba1-b0c0-53052030566e,38.994985,-106.6950035
2021-07-03,-986,cdb755e4-70a7-4ba1-b0c0-53052030566e,38.994985,-106.6950035
2021-07-04,-3719,cdb755e4-70a7-4ba1-b0c0-53052030566e,38.994985,-106.6950035
2021-07-05,4967,cdb755e4-70a7-4ba1-b0c0-53052030566e,38.994985,-106.6950035
2021-07-06,-3882,cdb755e4-70a7-4ba1-b0c0-53052030566e,38.994985,-106.6950035
2021-07-07,-3179,cdb755e4-70a7-4ba1-b0c0-53052030566e,38.994985,-106.6950035
2021-07-08,455,cdb755e4-70a7-4ba1-b0c0-53052030566e,38.994985,-106.6950035
2021-07-09,-2221,cdb755e4-70a7-4ba1-b0c0-53052030566e,38.994985,-106.6950035
2021-07-10,-3050,cdb755e4-70a7-4ba1-b0c0-53052030566e,38.994985,-106.6950035
2021-07-11,-2222,cdb755e4-70a7-4ba1-b0c0-53052030566e,38.994985,-106.6950035
2021-07-12,3817,cdb755e4-70a7-4ba1-b0c0-53052030566e,38.994985,-106.6950035
2021-07-13,4907,cdb755e4-70a7-4ba1-b0c0-53052030566e,38.994985,-106.6950035
2021-07-14,6421,cdb755e4-70a7-4ba1-b0c0-53052030566e,38.994985,-106.6950035
2021-07-15,-3600,cdb755e4-70a7-4ba1-b0c0-53052030566e,38.994985,-106.6950035
2021-07-16,2066,cdb755e4-70a7-4ba1-b0c0-53052030566e,38.994985,-106.6950035
2021-07-17,-3078,cdb755e4-70a7-4ba1-b0c0-53052030566e,38.994985,-106.6950035
2021-07-18,-2750,cdb755e4-70a7-4ba1-b0c0-53052030566e,38.994985,-106.6950035
2021-07-19,-2542,cdb755e4-70a7-4ba1-b0c0-53052030566e,38.994985,-106.6950035
2021-07-20,-2657,cdb755e4-70a7-4ba1-b0c0-53052030566e,38.994985,-106.6950035
2021-07-21,-471,cdb755e4-70a7-4ba1-b0c0-53052030566e,38.994985,-106.6950035
2021-07-22,-2059,cdb755e4-70a7-4ba1-b0c0-53052030566e,38.994985,-106.6950035
2021-07-23,2274,cdb755e4-70a7-4ba1-b0c0-53052030566e,38.994985,-106.6950035
2021-07-24,1169,cdb755e4-70a7-4ba1-b0c0-53052030566e,38.994985,-106.6950035
2021-07-25,2832,cdb755e4-70a7-4ba1-b0c0-53052030566e,38.994985,-106.6950035
2021-07-26,-2276,cdb755e4-70a7-4ba1-b0c0-53052030566e,38.994985,-106.6950035
2021-07-27,-926,cdb755e4-70a7-4ba1-b0c0-53052030566e,38.994985,-106.6950035
2021-07-28,-36,cdb755e4-70a7-4ba1-b0c0-53052030566e,38.994985,-106.6950035
2021-07-29,-3965,cdb755e4-70a7-4ba1-b0c0-53052030566e,38.994985,-106.6950035
2021-07-30,917,cdb755e4-70a7-4ba1-b0c0-53052030566e,38.994985,-106.6950035
2021-07-31,877,cdb755e4-70a7-4ba1-b0c0-53052030566e,38.994985,-106.6950035
2021-08-01,2217,cdb755e4-70a7-4ba1-b0c0-53052030566e,38.994985,-106.6950035
2021-08-02,2495,cdb755e4-70a7-4ba1-b0c0-53052030566e,38.994985,-106.6950035
2021-08-03,786,cdb755e4-70a7-4ba1-b0c0-53052030566e,38.994985,-106.6950035
2021-08-04,-2308,cdb755e4-70a7-4ba1-b0c0-53052030566e,38.994985,-106.6950035
2021-08-05,-2886,cdb755e4-70a7-4ba1-b0c0-53052030566e,38.994985,-106.6950035
2021-08-06,1960,cdb755e4-70a7-4ba1-b0c0-53052030566e,38.994985,-106.6950035
2021-08-07,-1677,cdb755e4-70a7-4ba1-b0c0-53052030566e,38.994985,-106.6950035
2021-08-08,-693,cdb755e4-70a7-4ba1-b0c0-53052030566e,38.994985,-106.6950035
2021-08-09,-1493,cdb755e4-70a7-4ba1-b0c0-53052030566e,38.994985,-106.6950035
2021-08-10,-1921,cdb755e4-70a7-4ba1-b0c0-53052030566e,38.994985,-106.6950035
2021-08-11,-2127,cdb755e4-70a7-4ba1-b0c0-53052030566e,38.994985,-106.6950035
2021-08-12,-1621,cdb755e4-70a7-4ba1-b0c0-53052030566e,38.994985,-106.6950035
2021-08-13,347,cdb755e4-70a7-4ba1-b0c0-53052030566e,38.994985,-106.6950035
2021-08-14,-1523,cdb755e4-70a7-4ba1-b0c0-53052030566e,38.994985,-106.6950035
2021-08-15,59,cdb755e4-70a7-4ba1-b0c0-53052030566e,38.994985,-106.6950035
2021-08-16,-2811,cdb755e4-70a7-4ba1-b0c0-53052030566e,38.994985,-106.6950035
2021-08-17,-1252,cdb755e4-70a7-4ba1-b0c0-53052030566e,38.994985,-106.6950035
2021-08-18,-1751,cdb755e4-70a7-4ba1-b0c0-53052030566e,38.994985,-106.6950035
2021-08-19,2803,cdb755e4-70a7-4ba1-b0c0-53052030566e,38.994985,-106.6950035
2021-08-20,-1587,cdb755e4-70a7-4ba1-b0c0-53052030566e,38.994985,-106.6950035
2021-08-21,-417,cdb755e4-70a7-4ba1-b0c0-53052030566e,38.994985,-106.6950035
2021-08-22,-2238,cdb755e4-70a7-4ba1-b0c0-53052030566e,38.994985,-106.6950035
2021-08-23,-3623,cdb755e4-70a7-4ba1-b0c0-53052030566e,38.994985,-106.6950035
2021-08-24,-2736,cdb755e4-70a7-4ba1-b0c0-53052030566e,38.994985,-106.6950035
2021-08-25,-3142,cdb755e4-70a7-4ba1-b0c0-53052030566e,38.994985,-106.6950035
2021-08-26,5180,cdb755e4-70a7-4ba1-b0c0-53052030566e,38.994985,-106.6950035
2021-08-27,-1355,cdb755e4-70a7-4ba1-b0c0-53052030566e,38.994985,-106.6950035
2021-08-28,-3694,cdb755e4-70a7-4ba1-b0c0-53052030566e,38.994985,-106.6950035
2021-08-29,-1331,cdb755e4-70a7-4ba1-b0c0-53052030566e,38.994985,-106.6950035
2021-08-30,-3735,cdb755e4-70a7-4ba1-b0c0-53052030566e,38.994985,-106.6950035
2021-08-31,-255,cdb755e4-70a7-4ba1-b0c0-53052030566e,38.994985,-106.6950035
2021-09-01,1619,cdb755e4-70a7-4ba1-b0c0-53052030566e,38.994985,-106.6950035
2021-09-02,5467,cdb755e4-70a7-4ba1-b0c0-53052030566e,38.994985,-106.6950035
2021-09-03,-738,cdb755e4-70a7-4ba1-b0c0-53052030566e,38.994985,-106.6950035
2021-09-04,-3094,cdb755e4-70a7-4ba1-b0c0-53052030566e,38.994985,-106.6950035
2021-09-05,-2311,cdb755e4-70a7-4ba1-b0c0-53052030566e,38.994985,-106.6950035
2021-09-06,-3567,cdb755e4-70a7-4ba1-b0c0-53052030566e,38.994985,-106.6950035
2021-09-07,-1408,cdb755e4-70a7-4ba1-b0c0-53052030566e,38.994985,-106.6950035
2021-09-08,-3463,cdb755e4-70a7-4ba1-b0c0-53052030566e,38.994985,-106.6950035
2021-09-09,-2422,cdb755e4-70a7-4ba1-b0c0-53052030566e,38.994985,-106.6950035
2021-09-10,-1459,cdb755e4-70a7-4ba1-b0c0-53052030566e,38.994985,-106.6950035
2021-09-11,-2689,cdb755e4-70a7-4ba1-b0c0-53052030566e,38.994985,-106.6950035
2021-09-12,-2249,cdb755e4-70a7-4ba1-b0c0-53052030566e,38.994985,-106.6950035
2021-09-13,-755,cdb755e4-70a7-4ba1-b0c0-53052030566e,38.994985,-106.6950035
2021-09-14,2240,cdb755e4-70a7-4ba1-b0c0-53052030566e,38.994985,-106.6950035
2021-09-15,-3429,cdb755e4-70a7-4ba1-b0c0-53052030566e,38.994985,-106.6950035
2021-09-16,-982,cdb755e4-70a7-4ba1-b0c0-53052030566e,38.994985,-106.6950035
2021-09-17,-3284,cdb755e4-70a7-4ba1-b0c0-53052030566e,38.994985,-106.6950035
2021-09-18,-2971,cdb755e4-70a7-4ba1-b0c0-53052030566e,38.994985,-106.6950035
2021-09-19,-504,cdb755e4-70a7-4ba1-b0c0-53052030566e,38.994985,-106.6950035
2021-09-20,-2912,cdb755e4-70a7-4ba1-b0c0-53052030566e,38.994985,-106.6950035
2021-09-21,-2197,cdb755e4-70a7-4ba1-b0c0-53052030566e,38.994985,-106.6950035
2021-09-23,-2172,cdb755e4-70a7-4ba1-b0c0-53052030566e,38.994985,-106.6950035
2021-09-24,-3239,cdb755e4-70a7-4ba1-b0c0-53052030566e,38.994985,-106.6950035
2021-09-25,-2741,cdb755e4-70a7-4ba1-b0c0-53052030566e,38.994985,-106.6950035
2021-09-26,-2624,cdb755e4-70a7-4ba1-b0c0-53052030566e,38.994985,-106.6950035
2021-09-27,723,cdb755e4-70a7-4ba1-b0c0-53052030566e,38.994985,-106.6950035
2021-09-28,1026,cdb755e4-70a7-4ba1-b0c0-53052030566e,38.994985,-106.6950035
2021-09-29,3262,cdb755e4-70a7-4ba1-b0c0-53052030566e,38.994985,-106.6950035
2021-09-30,3447,cdb755e4-70a7-4ba1-b0c0-53052030566e,38.994985,-106.6950035
2021-10-01,-1638,cdb755e4-70a7-4ba1-b0c0-53052030566e,38.994985,-106.6950035
2021-10-02,523,cdb755e4-70a7-4ba1-b0c0-53052030566e,38.994985,-106.6950035
2021-10-03,-3622,cdb755e4-70a7-4ba1-b0c0-53052030566e,38.994985,-106.6950035
2021-10-04,-3362,cdb755e4-70a7-4ba1-b0c0-53052030566e,38.994985,-106.6950035
2021-10-05,-1291,cdb755e4-70a7-4ba1-b0c0-53052030566e,38.994985,-106.6950035
2021-10-06,501,cdb755e4-70a7-4ba1-b0c0-53052030566e,38.994985,-106.6950035
2021-10-07,-2325,cdb755e4-70a7-4ba1-b0c0-53052030566e,38.994985,-106.6950035
2021-10-08,398,cdb755e4-70a7-4ba1-b0c0-53052030566e,38.994985,-106.6950035
2021-10-09,3695,cdb755e4-70a7-4ba1-b0c0-53052030566e,38.994985,-106.6950035
2021-10-10,-1619,cdb755e4-70a7-4ba1-b0c0-53052030566e,38.994985,-106.6950035
2021-10-11,-3076,cdb755e4-70a7-4ba1-b0c0-53052030566e,38.994985,-106.6950035
2021-10-12,2376,cdb755e4-70a7-4ba1-b0c0-53052030566e,38.994985,-106.6950035
2021-10-13,-716,cdb755e4-70a7-4ba1-b0c0-53052030566e,38.994985,-106.6950035
2021-10-14,5384,cdb755e4-70a7-4ba1-b0c0-53052030566e,38.994985,-106.6950035
2021-10-15,3399,cdb755e4-70a7-4ba1-b0c0-53052030566e,38.994985,-106.6950035
2021-10-16,-1402,cdb755e4-70a7-4ba1-b0c0-53052030566e,38.994985,-106.6950035
2021-10-17,-3756,cdb755e4-70a7-4ba1-b0c0-53052030566e,38.994985,-106.6950035
2021-10-18,-2674,cdb755e4-70a7-4ba1-b0c0-53052030566e,38.994985,-106.6950035
2021-10-19,1653,cdb755e4-70a7-4ba1-b0c0-53052030566e,38.994985,-106.6950035
2021-10-20,-1260,cdb755e4-70a7-4ba1-b0c0-53052030566e,38.994985,-106.6950035
2021-10-21,-2443,cdb755e4-70a7-4ba1-b0c0-53052030566e,38.994985,-106.6950035
2021-10-22,-3458,cdb755e4-70a7-4ba1-b0c0-53052030566e,38.994985,-106.6950035
2021-10-23,2315,cdb755e4-70a7-4ba1-b0c0-53052030566e,38.994985,-106.6950035
2021-10-24,-1387,cdb755e4-70a7-4ba1-b0c0-53052030566e,38.994985,-106.6950035
2021-10-25,-2313,cdb755e4-70a7-4ba1-b0c0-53052030566e,38.994985,-106.6950035
2021-10-26,3919,cdb755e4-70a7-4ba1-b0c0-53052030566e,38.994985,-106.6950035
2021-10-27,1682,cdb755e4-70a7-4ba1-b0c0-53052030566e,38.994985,-106.6950035
2021-10-28,554,cdb755e4-70a7-4ba1-b0c0-53052030566e,38.994985,-106.6950035
2021-10-29,1163,cdb755e4-70a7-4ba1-b0c0-53052030566e,38.994985,-106.6950035
2021-10-30,-1308,cdb755e4-70a7-4ba1-b0c0-53052030566e,38.994985,-106.6950035
2021-10-31,-2325,cdb755e4-70a7-4ba1-b0c0-53052030566e,38.994985,-106.6950035
2021-11-01,136,cdb755e4-70a7-4ba1-b0c0-53052030566e,38.994985,-106.6950035
2021-11-02,4417,cdb755e4-70a7-4ba1-b0c0-53052030566e,38.994985,-106.6950035
2021-11-03,2221,cdb755e4-70a7-4ba1-b0c0-53052030566e,38.994985,-106.6950035
2021-11-04,-1354,cdb755e4-70a7-4ba1-b0c0-53052030566e,38.994985,-106.6950035
2021-11-05,-2349,cdb755e4-70a7-4ba1-b0c0-53052030566e,38.994985,-106.6950035
2021-11-06,-1804,cdb755e4-70a7-4ba1-b0c0-53052030566e,38.994985,-106.6950035
2021-11-07,-2708,cdb755e4-70a7-4ba1-b0c0-53052030566e,38.994985,-106.6950035
2021-11-08,-1301,cdb755e4-70a7-4ba1-b0c0-53052030566e,38.994985,-106.6950035
2021-11-09,1957,cdb755e4-70a7-4ba1-b0c0-53052030566e,38.994985,-106.6950035
2021-11-10,3179,cdb755e4-70a7-4ba1-b0c0-53052030566e,38.994985,-106.6950035
2021-11-11,4920,cdb755e4-70a7-4ba1-b0c0-53052030566e,38.994985,-106.6950035
2021-11-12,3471,cdb755e4-70a7-4ba1-b0c0-53052030566e,38.994985,-106.6950035
2021-11-13,1299,cdb755e4-70a7-4ba1-b0c0-53052030566e,38.994985,-106.6950035
2021-11-14,-739,cdb755e4-70a7-4ba1-b0c0-53052030566e,38.994985,-106.6950035
2021-11-15,-138,cdb755e4-70a7-4ba1-b0c0-53052030566e,38.994985,-106.6950035
2021-11-16,157,cdb755e4-70a7-4ba1-b0c0-53052030566e,38.994985,-106.6950035
2021-11-17,-422,cdb755e4-70a7-4ba1-b0c0-53052030566e,38.994985,-106.6950035
2021-11-18,-2735,cdb755e4-70a7-4ba1-b0c0-53052030566e,38.994985,-106.6950035
2021-11-19,490,cdb755e4-70a7-4ba1-b0c0-53052030566e,38.994985,-106.6950035
2021-11-20,-48,cdb755e4-70a7-4ba1-b0c0-53052030566e,38.994985,-106.6950035
2021-11-21,5207,cdb755e4-70a7-4ba1-b0c0-53052030566e,38.994985,-106.6950035
2021-11-22,-119,cdb755e4-70a7-4ba1-b0c0-53052030566e,38.994985,-106.6950035
2021-11-23,-2113,cdb755e4-70a7-4ba1-b0c0-53052030566e,38.994985,-106.6950035
2021-11-24,1129,cdb755e4-70a7-4ba1-b0c0-53052030566e,38.994985,-106.6950035
2021-11-25,552,cdb755e4-70a7-4ba1-b0c0-53052030566e,38.994985,-106.6950035
2021-11-26,-201,cdb755e4-70a7-4ba1-b0c0-53052030566e,38.994985,-106.6950035
2021-11-27,-3120,cdb755e4-70a7-4ba1-b0c0-53052030566e,38.994985,-106.6950035
2021-11-28,-1055,cdb755e4-70a7-4ba1-b0c0-53052030566e,38.994985,-106.6950035
2021-11-29,-2362,cdb755e4-70a7-4ba1-b0c0-53052030566e,38.994985,-106.6950035
2021-11-30,-2743,cdb755e4-70a7-4ba1-b0c0-53052030566e,38.994985,-106.6950035
2021-12-01,-1702,cdb755e4-70a7-4ba1-b0c0-53052030566e,38.994985,-106.6950035
2021-12-02,-3178,cdb755e4-70a7-4ba1-b0c0-53052030566e,38.994985,-106.6950035
2021-12-03,-1036,cdb755e4-70a7-4ba1-b0c0-53052030566e,38.994985,-106.6950035
2021-12-04,-3009,cdb755e4-70a7-4ba1-b0c0-53052030566e,38.994985,-106.6950035
2021-12-05,-1013,cdb755e4-70a7-4ba1-b0c0-53052030566e,38.994985,-106.6950035
2021-12-06,2202,cdb755e4-70a7-4ba1-b0c0-53052030566e,38.994985,-106.6950035
2021-12-07,1339,cdb755e4-70a7-4ba1-b0c0-53052030566e,38.994985,-106.6950035
2021-12-08,3902,cdb755e4-70a7-4ba1-b0c0-53052030566e,38.994985,-106.6950035
2021-12-09,3662,cdb755e4-70a7-4ba1-b0c0-53052030566e,38.994985,-106.6950035
2021-12-10,3056,cdb755e4-70a7-4ba1-b0c0-53052030566e,38.994985,-106.6950035
2021-12-11,5935,cdb755e4-70a7-4ba1-b0c0-53052030566e,38.994985,-106.6950035
2021-12-12,5929,cdb755e4-70a7-4ba1-b0c0-53052030566e,38.994985,-106.6950035
2021-12-13,5896,cdb755e4-70a7-4ba1-b0c0-53052030566e,38.994985,-106.6950035
2021-12-14,3855,cdb755e4-70a7-4ba1-b0c0-53052030566e,38.994985,-106.6950035
2021-12-15,2586,cdb755e4-70a7-4ba1-b0c0-53052030566e,38.994985,-106.6950035
2021-12-16,5750,cdb755e4-70a7-4ba1-b0c0-53052030566e,38.994985,-106.6950035
2021-12-17,3966,cdb755e4-70a7-4ba1-b0c0-53052030566e,38.994985,-106.6950035
2021-12-18,5769,cdb755e4-70a7-4ba1-b0c0-53052030566e,38.994985,-106.6950035
2021-12-19,4706,cdb755e4-70a7-4ba1-b0c0-53052030566e,38.994985,-106.6950035
2021-12-20,6195,cdb755e4-70a7-4ba1-b0c0-53052030566e,38.994985,-106.6950035
2021-12-21,5689,cdb755e4-70a7-4ba1-b0c0-53052030566e,38.994985,-106.6950035
2021-12-22,4701,cdb755e4-70a7-4ba1-b0c0-53052030566e,38.994985,-106.6950035
2021-12-23,2082,cdb755e4-70a7-4ba1-b0c0-53052030566e,38.994985,-106.6950035
2021-12-24,3854,cdb755e4-70a7-4ba1-b0c0-53052030566e,38.994985,-106.6950035
2021-12-25,5018,cdb755e4-70a7-4ba1-b0c0-53052030566e,38.994985,-106.6950035
2021-12-26,3953,cdb755e4-70a7-4ba1-b0c0-53052030566e,38.994985,-106.6950035
2021-12-27,2544,cdb755e4-70a7-4ba1-b0c0-53052030566e,38.994985,-106.6950035
2021-12-28,3217,cdb755e4-70a7-4ba1-b0c0-53052030566e,38.994985,-106.6950035
2021-12-29,4521,cdb755e4-70a7-4ba1-b0c0-53052030566e,38.994985,-106.6950035
2021-12-30,2109,cdb755e4-70a7-4ba1-b0c0-53052030566e,38.994985,-106.6950035
