date,mod10a1_ndsi,cell_id,latitude,longitude
2020-01-01,2696,562425fe-9934-4f49-8ed5-d3e0c1c87ab9,38.65907,-106.865683
2020-01-02,6634,562425fe-9934-4f49-8ed5-d3e0c1c87ab9,38.65907,-106.865683
2020-01-03,6898,562425fe-9934-4f49-8ed5-d3e0c1c87ab9,38.65907,-106.865683
2020-01-04,7571,562425fe-9934-4f49-8ed5-d3e0c1c87ab9,38.65907,-106.865683
2020-01-05,8416,562425fe-9934-4f49-8ed5-d3e0c1c87ab9,38.65907,-106.865683
2020-01-06,7465,562425fe-9934-4f49-8ed5-d3e0c1c87ab9,38.65907,-106.865683
2020-01-07,7756,562425fe-9934-4f49-8ed5-d3e0c1c87ab9,38.65907,-106.865683
2020-01-08,1902,562425fe-9934-4f49-8ed5-d3e0c1c87ab9,38.65907,-106.865683
2020-01-09,5593,562425fe-9934-4f49-8ed5-d3e0c1c87ab9,38.65907,-106.865683
2020-01-10,5199,562425fe-9934-4f49-8ed5-d3e0c1c87ab9,38.65907,-106.865683
2020-01-11,7039,562425fe-9934-4f49-8ed5-d3e0c1c87ab9,38.65907,-106.865683
2020-01-12,3949,562425fe-9934-4f49-8ed5-d3e0c1c87ab9,38.65907,-106.865683
2020-01-13,4151,562425fe-9934-4f49-8ed5-d3e0c1c87ab9,38.65907,-106.865683
2020-01-14,7496,562425fe-9934-4f49-8ed5-d3e0c1c87ab9,38.65907,-106.865683
2020-01-15,5950,562425fe-9934-4f49-8ed5-d3e0c1c87ab9,38.65907,-106.865683
2020-01-16,5317,562425fe-9934-4f49-8ed5-d3e0c1c87ab9,38.65907,-106.865683
2020-01-17,3793,562425fe-9934-4f49-8ed5-d3e0c1c87ab9,38.65907,-106.865683
2020-01-18,5156,562425fe-9934-4f49-8ed5-d3e0c1c87ab9,38.65907,-106.865683
2020-01-19,6452,562425fe-9934-4f49-8ed5-d3e0c1c87ab9,38.65907,-106.865683
2020-01-20,7826,562425fe-9934-4f49-8ed5-d3e0c1c87ab9,38.65907,-106.865683
2020-01-21,3690,562425fe-9934-4f49-8ed5-d3e0c1c87ab9,38.65907,-106.865683
2020-01-22,6159,562425fe-9934-4f49-8ed5-d3e0c1c87ab9,38.65907,-106.865683
2020-01-23,6138,562425fe-9934-4f49-8ed5-d3e0c1c87ab9,38.65907,-106.865683
2020-01-24,6397,562425fe-9934-4f49-8ed5-d3e0c1c87ab9,38.65907,-106.865683
2020-01-25,8141,562425fe-9934-4f49-8ed5-d3e0c1c87ab9,38.65907,-106.865683
2020-01-26,7491,562425fe-9934-4f49-8ed5-d3e0c1c87ab9,38.65907,-106.865683
2020-01-27,2534,562425fe-9934-4f49-8ed5-d3e0c1c87ab9,38.65907,-106.865683
2020-01-28,7366,562425fe-9934-4f49-8ed5-d3e0c1c87ab9,38.65907,-106.865683
2020-01-29,6234,562425fe-9934-4f49-8ed5-d3e0c1c87ab9,38.65907,-106.865683
2020-01-30,6720,562425fe-9934-4f49-8ed5-d3e0c1c87ab9,38.65907,-106.865683
2020-01-31,3749,562425fe-9934-4f49-8ed5-d3e0c1c87ab9,38.65907,-106.865683
2020-02-01,8317,562425fe-9934-4f49-8ed5-d3e0c1c87ab9,38.65907,-106.865683
2020-02-02,7277,562425fe-9934-4f49-8ed5-d3e0c1c87ab9,38.65907,-106.865683
2020-02-03,8711,562425fe-9934-4f49-8ed5-d3e0c1c87ab9,38.65907,-106.865683
2020-02-04,4547,562425fe-9934-4f49-8ed5-d3e0c1c87ab9,38.65907,-106.865683
2020-02-05,6992,562425fe-9934-4f49-8ed5-d3e0c1c87ab9,38.65907,-106.865683
2020-02-06,4818,562425fe-9934-4f49-8ed5-d3e0c1c87ab9,38.65907,-106.865683
2020-02-07,1764,562425fe-9934-4f49-8ed5-d3e0c1c87ab9,38.65907,-106.865683
2020-02-08,7185,562425fe-9934-4f49-8ed5-d3e0c1c87ab9,38.65907,-106.865683
2020-02-09,5241,562425fe-9934-4f49-8ed5-d3e0c1c87ab9,38.65907,-106.865683
2020-02-10,5761,562425fe-9934-4f49-8ed5-d3e0c1c87ab9,38.65907,-106.865683
2020-02-11,5838,562425fe-9934-4f49-8ed5-d3e0c1c87ab9,38.65907,-106.865683
2020-02-12,8261,562425fe-9934-4f49-8ed5-d3e0c1c87ab9,38.65907,-106.865683
2020-02-13,4930,562425fe-9934-4f49-8ed5-d3e0c1c87ab9,38.65907,-106.865683
2020-02-14,7112,562425fe-9934-4f49-8ed5-d3e0c1c87ab9,38.65907,-106.865683
2020-02-15,7922,562425fe-9934-4f49-8ed5-d3e0c1c87ab9,38.65907,-106.865683
2020-02-16,3247,562425fe-9934-4f49-8ed5-d3e0c1c87ab9,38.65907,-106.865683
2020-02-17,6824,562425fe-9934-4f49-8ed5-d3e0c1c87ab9,38.65907,-106.865683
2020-02-18,5609,562425fe-9934-4f49-8ed5-d3e0c1c87ab9,38.65907,-106.865683
2020-02-19,8134,562425fe-9934-4f49-8ed5-d3e0c1c87ab9,38.65907,-106.865683
2020-02-20,7622,562425fe-9934-4f49-8ed5-d3e0c1c87ab9,38.65907,-106.865683
2020-02-21,7751,562425fe-9934-4f49-8ed5-d3e0c1c87ab9,38.65907,-106.865683
2020-02-22,6264,562425fe-9934-4f49-8ed5-d3e0c1c87ab9,38.65907,-106.865683
2020-02-23,4660,562425fe-9934-4f49-8ed5-d3e0c1c87ab9,38.65907,-106.865683
2020-02-24,6033,562425fe-9934-4f49-8ed5-d3e0c1c87ab9,38.65907,-106.865683
2020-02-25,5847,562425fe-9934-4f49-8ed5-d3e0c1c87ab9,38.65907,-106.865683
2020-02-26,7823,562425fe-9934-4f49-8ed5-d3e0c1c87ab9,38.65907,-106.865683
2020-02-27,7267,562425fe-9934-4f49-8ed5-d3e0c1c87ab9,38.65907,-106.865683
2020-02-28,8039,562425fe-9934-4f49-8ed5-d3e0c1c87ab9,38.65907,-106.865683
2020-02-29,7652,562425fe-9934-4f49-8ed5-d3e0c1c87ab9,38.65907,-106.865683
2020-03-01,7663,562425fe-9934-4f49-8ed5-d3e0c1c87ab9,38.65907,-106.865683
2020-03-02,6540,562425fe-9934-4f49-8ed5-d3e0c1c87ab9,38.65907,-106.865683
2020-03-03,6644,562425fe-9934-4f49-8ed5-d3e0c1c87ab9,38.65907,-106.865683
2020-03-04,8147,562425fe-9934-4f49-8ed5-d3e0c1c87ab9,38.65907,-106.865683
2020-03-05,7200,562425fe-9934-4f49-8ed5-d3e0c1c87ab9,38.65907,-106.865683
2020-03-06,7498,562425fe-9934-4f49-8ed5-d3e0c1c87ab9,38.65907,-106.865683
2020-03-07,7975,562425fe-9934-4f49-8ed5-d3e0c1c87ab9,38.65907,-106.865683
2020-03-08,6602,562425fe-9934-4f49-8ed5-d3e0c1c87ab9,38.65907,-106.865683
2020-03-09,6361,562425fe-9934-4f49-8ed5-d3e0c1c87ab9,38.65907,-106.865683
2020-03-10,3301,562425fe-9934-4f49-8ed5-d3e0c1c87ab9,38.65907,-106.865683
2020-03-11,5014,562425fe-9934-4f49-8ed5-d3e0c1c87ab9,38.65907,-106.865683
2020-03-12,3444,562425fe-9934-4f49-8ed5-d3e0c1c87ab9,38.65907,-106.865683
2020-03-13,2504,562425fe-9934-4f49-8ed5-d3e0c1c87ab9,38.65907,-106.865683
2020-03-14,5142,562425fe-9934-4f49-8ed5-d3e0c1c87ab9,38.65907,-106.865683
2020-03-15,7232,562425fe-9934-4f49-8ed5-d3e0c1c87ab9,38.65907,-106.865683
2020-03-16,4687,562425fe-9934-4f49-8ed5-d3e0c1c87ab9,38.65907,-106.865683
2020-03-17,3027,562425fe-9934-4f49-8ed5-d3e0c1c87ab9,38.65907,-106.865683
2020-03-18,1661,562425fe-9934-4f49-8ed5-d3e0c1c87ab9,38.65907,-106.865683
2020-03-19,3432,562425fe-9934-4f49-8ed5-d3e0c1c87ab9,38.65907,-106.865683
2020-03-20,6667,562425fe-9934-4f49-8ed5-d3e0c1c87ab9,38.65907,-106.865683
2020-03-21,3331,562425fe-9934-4f49-8ed5-d3e0c1c87ab9,38.65907,-106.865683
2020-03-22,4593,562425fe-9934-4f49-8ed5-d3e0c1c87ab9,38.65907,-106.865683
2020-03-23,1799,562425fe-9934-4f49-8ed5-d3e0c1c87ab9,38.65907,-106.865683
2020-03-24,-834,562425fe-9934-4f49-8ed5-d3e0c1c87ab9,38.65907,-106.865683
2020-03-25,1729,562425fe-9934-4f49-8ed5-d3e0c1c87ab9,38.65907,-106.865683
2020-03-26,1846,562425fe-9934-4f49-8ed5-d3e0c1c87ab9,38.65907,-106.865683
2020-03-27,95,562425fe-9934-4f49-8ed5-d3e0c1c87ab9,38.65907,-106.865683
2020-03-28,997,562425fe-9934-4f49-8ed5-d3e0c1c87ab9,38.65907,-106.865683
2020-03-29,2435,562425fe-9934-4f49-8ed5-d3e0c1c87ab9,38.65907,-106.865683
2020-03-30,2301,562425fe-9934-4f49-8ed5-d3e0c1c87ab9,38.65907,-106.865683
2020-03-31,-2972,562425fe-9934-4f49-8ed5-d3e0c1c87ab9,38.65907,-106.865683
2020-04-01,-432,562425fe-9934-4f49-8ed5-d3e0c1c87ab9,38.65907,-106.865683
2020-04-02,151,562425fe-9934-4f49-8ed5-d3e0c1c87ab9,38.65907,-106.865683
2020-04-03,-3885,562425fe-9934-4f49-8ed5-d3e0c1c87ab9,38.65907,-106.865683
2020-04-04,1932,562425fe-9934-4f49-8ed5-d3e0c1c87ab9,38.65907,-106.865683
2020-04-05,-4077,562425fe-9934-4f49-8ed5-d3e0c1c87ab9,38.65907,-106.865683
2020-04-06,-508,562425fe-9934-4f49-8ed5-d3e0c1c87ab9,38.65907,-106.865683
2020-04-07,-4131,562425fe-9934-4f49-8ed5-d3e0c1c87ab9,38.65907,-106.865683
2020-04-08,-3707,562425fe-9934-4f49-8ed5-d3e0c1c87ab9,38.65907,-106.865683
2020-04-09,-3809,562425fe-9934-4f49-8ed5-d3e0c1c87ab9,38.65907,-106.865683
2020-04-10,1662,562425fe-9934-4f49-8ed5-d3e0c1c87ab9,38.65907,-106.865683
2020-04-11,-3508,562425fe-9934-4f49-8ed5-d3e0c1c87ab9,38.65907,-106.865683
2020-04-12,-4316,562425fe-9934-4f49-8ed5-d3e0c1c87ab9,38.65907,-106.865683
2020-04-13,-583,562425fe-9934-4f49-8ed5-d3e0c1c87ab9,38.65907,-106.865683
2020-04-14,-4424,562425fe-9934-4f49-8ed5-d3e0c1c87ab9,38.65907,-106.865683
2020-04-15,-2019,562425fe-9934-4f49-8ed5-d3e0c1c87ab9,38.65907,-106.865683
2020-04-16,1693,562425fe-9934-4f49-8ed5-d3e0c1c87ab9,38.65907,-106.865683
2020-04-17,-4061,562425fe-9934-4f49-8ed5-d3e0c1c87ab9,38.65907,-106.865683
2020-04-18,3707,562425fe-9934-4f49-8ed5-d3e0c1c87ab9,38.65907,-106.865683
2020-04-19,-4173,562425fe-9934-4f49-8ed5-d3e0c1c87ab9,38.65907,-106.865683
2020-04-20,796,562425fe-9934-4f49-8ed5-d3e0c1c87ab9,38.65907,-106.865683
2020-04-21,-942,562425fe-9934-4f49-8ed5-d3e0c1c87ab9,38.65907,-106.865683
2020-04-22,579,562425fe-9934-4f49-8ed5-d3e0c1c87ab9,38.65907,-106.865683
2020-04-23,2418,562425fe-9934-4f49-8ed5-d3e0c1c87ab9,38.65907,-106.865683
2020-04-24,-1197,562425fe-9934-4f49-8ed5-d3e0c1c87ab9,38.65907,-106.865683
2020-04-25,-4066,562425fe-9934-4f49-8ed5-d3e0c1c87ab9,38.65907,-106.865683
2020-04-26,-1379,562425fe-9934-4f49-8ed5-d3e0c1c87ab9,38.65907,-106.865683
2020-04-27,-3859,562425fe-9934-4f49-8ed5-d3e0c1c87ab9,38.65907,-106.865683
2020-04-28,-4501,562425fe-9934-4f49-8ed5-d3e0c1c87ab9,38.65907,-106.865683
2020-04-29,-3771,562425fe-9934-4f49-8ed5-d3e0c1c87ab9,38.65907,-106.865683
2020-04-30,-3540,562425fe-9934-4f49-8ed5-d3e0c1c87ab9,38.65907,-106.865683
2020-05-01,-4250,562425fe-9934-4f49-8ed5-d3e0c1c87ab9,38.65907,-106.865683
2020-05-02,-4196,562425fe-9934-4f49-8ed5-d3e0c1c87ab9,38.65907,-106.865683
2020-05-03,-4330,562425fe-9934-4f49-8ed5-d3e0c1c87ab9,38.65907,-106.865683
2020-05-04,846,562425fe-9934-4f49-8ed5-d3e0c1c87ab9,38.65907,-106.865683
2020-05-05,-4462,562425fe-9934-4f49-8ed5-d3e0c1c87ab9,38.65907,-106.865683
2020-05-06,-1790,562425fe-9934-4f49-8ed5-d3e0c1c87ab9,38.65907,-106.865683
2020-05-07,-4303,562425fe-9934-4f49-8ed5-d3e0c1c87ab9,38.65907,-106.865683
2020-05-08,-4026,562425fe-9934-4f49-8ed5-d3e0c1c87ab9,38.65907,-106.865683
2020-05-09,-4255,562425fe-9934-4f49-8ed5-d3e0c1c87ab9,38.65907,-106.865683
2020-05-10,-3160,562425fe-9934-4f49-8ed5-d3e0c1c87ab9,38.65907,-106.865683
2020-05-11,1074,562425fe-9934-4f49-8ed5-d3e0c1c87ab9,38.65907,-106.865683
2020-05-12,-304,562425fe-9934-4f49-8ed5-d3e0c1c87ab9,38.65907,-106.865683
2020-05-13,-4117,562425fe-9934-4f49-8ed5-d3e0c1c87ab9,38.65907,-106.865683
2020-05-14,-886,562425fe-9934-4f49-8ed5-d3e0c1c87ab9,38.65907,-106.865683
2020-05-15,571,562425fe-9934-4f49-8ed5-d3e0c1c87ab9,38.65907,-106.865683
2020-05-16,-2483,562425fe-9934-4f49-8ed5-d3e0c1c87ab9,38.65907,-106.865683
2020-05-17,-1703,562425fe-9934-4f49-8ed5-d3e0c1c87ab9,38.65907,-106.865683
2020-05-18,-4271,562425fe-9934-4f49-8ed5-d3e0c1c87ab9,38.65907,-106.865683
2020-05-19,-1095,562425fe-9934-4f49-8ed5-d3e0c1c87ab9,38.65907,-106.865683
2020-05-20,-3999,562425fe-9934-4f49-8ed5-d3e0c1c87ab9,38.65907,-106.865683
2020-05-21,-4396,562425fe-9934-4f49-8ed5-d3e0c1c87ab9,38.65907,-106.865683
2020-05-22,-3731,562425fe-9934-4f49-8ed5-d3e0c1c87ab9,38.65907,-106.865683
2020-05-23,-4296,562425fe-9934-4f49-8ed5-d3e0c1c87ab9,38.65907,-106.865683
2020-05-24,5123,562425fe-9934-4f49-8ed5-d3e0c1c87ab9,38.65907,-106.865683
2020-05-25,-4319,562425fe-9934-4f49-8ed5-d3e0c1c87ab9,38.65907,-106.865683
2020-05-26,-4246,562425fe-9934-4f49-8ed5-d3e0c1c87ab9,38.65907,-106.865683
2020-05-27,-1278,562425fe-9934-4f49-8ed5-d3e0c1c87ab9,38.65907,-106.865683
2020-05-28,-4342,562425fe-9934-4f49-8ed5-d3e0c1c87ab9,38.65907,-106.865683
2020-05-29,-3845,562425fe-9934-4f49-8ed5-d3e0c1c87ab9,38.65907,-106.865683
2020-05-30,3234,562425fe-9934-4f49-8ed5-d3e0c1c87ab9,38.65907,-106.865683
2020-05-31,2108,562425fe-9934-4f49-8ed5-d3e0c1c87ab9,38.65907,-106.865683
2020-06-01,-4229,562425fe-9934-4f49-8ed5-d3e0c1c87ab9,38.65907,-106.865683
2020-06-02,701,562425fe-9934-4f49-8ed5-d3e0c1c87ab9,38.65907,-106.865683
2020-06-03,-4266,562425fe-9934-4f49-8ed5-d3e0c1c87ab9,38.65907,-106.865683
2020-06-04,-1073,562425fe-9934-4f49-8ed5-d3e0c1c87ab9,38.65907,-106.865683
2020-06-05,-4042,562425fe-9934-4f49-8ed5-d3e0c1c87ab9,38.65907,-106.865683
2020-06-06,-1226,562425fe-9934-4f49-8ed5-d3e0c1c87ab9,38.65907,-106.865683
2020-06-07,-2024,562425fe-9934-4f49-8ed5-d3e0c1c87ab9,38.65907,-106.865683
2020-06-08,-4480,562425fe-9934-4f49-8ed5-d3e0c1c87ab9,38.65907,-106.865683
2020-06-09,-3256,562425fe-9934-4f49-8ed5-d3e0c1c87ab9,38.65907,-106.865683
2020-06-10,-4305,562425fe-9934-4f49-8ed5-d3e0c1c87ab9,38.65907,-106.865683
2020-06-11,-4330,562425fe-9934-4f49-8ed5-d3e0c1c87ab9,38.65907,-106.865683
2020-06-12,-4235,562425fe-9934-4f49-8ed5-d3e0c1c87ab9,38.65907,-106.865683
2020-06-13,2894,562425fe-9934-4f49-8ed5-d3e0c1c87ab9,38.65907,-106.865683
2020-06-14,-3934,562425fe-9934-4f49-8ed5-d3e0c1c87ab9,38.65907,-106.865683
2020-06-15,-4369,562425fe-9934-4f49-8ed5-d3e0c1c87ab9,38.65907,-106.865683
2020-06-16,69,562425fe-9934-4f49-8ed5-d3e0c1c87ab9,38.65907,-106.865683
2020-06-17,-4370,562425fe-9934-4f49-8ed5-d3e0c1c87ab9,38.65907,-106.865683
2020-06-18,-3829,562425fe-9934-4f49-8ed5-d3e0c1c87ab9,38.65907,-106.865683
2020-06-19,960,562425fe-9934-4f49-8ed5-d3e0c1c87ab9,38.65907,-106.865683
2020-06-20,-4534,562425fe-9934-4f49-8ed5-d3e0c1c87ab9,38.65907,-106.865683
2020-06-21,-1568,562425fe-9934-4f49-8ed5-d3e0c1c87ab9,38.65907,-106.865683
2020-06-22,-3603,562425fe-9934-4f49-8ed5-d3e0c1c87ab9,38.65907,-106.865683
2020-06-23,-3447,562425fe-9934-4f49-8ed5-d3e0c1c87ab9,38.65907,-106.865683
2020-06-24,-4395,562425fe-9934-4f49-8ed5-d3e0c1c87ab9,38.65907,-106.865683
2020-06-25,6491,562425fe-9934-4f49-8ed5-d3e0c1c87ab9,38.65907,-106.865683
2020-06-26,-4295,562425fe-9934-4f49-8ed5-d3e0c1c87ab9,38.65907,-106.865683
2020-06-27,51,562425fe-9934-4f49-8ed5-d3e0c1c87ab9,38.65907,-106.865683
2020-06-28,-1546,562425fe-9934-4f49-8ed5-d3e0c1c87ab9,38.65907,-106.865683
2020-06-29,-4008,562425fe-9934-4f49-8ed5-d3e0c1c87ab9,38.65907,-106.865683
2020-06-30,-4177,562425fe-9934-4f49-8ed5-d3e0c1c87ab9,38.65907,-106.865683
2020-07-01,-4462,562425fe-9934-4f49-8ed5-d3e0c1c87ab9,38.65907,-106.865683
2020-07-02,-3765,562425fe-9934-4f49-8ed5-d3e0c1c87ab9,38.65907,-106.865683
2020-07-03,-3856,562425fe-9934-4f49-8ed5-d3e0c1c87ab9,38.65907,-106.865683
2020-07-04,5094,562425fe-9934-4f49-8ed5-d3e0c1c87ab9,38.65907,-106.865683
2020-07-05,-4172,562425fe-9934-4f49-8ed5-d3e0c1c87ab9,38.65907,-106.865683
2020-07-06,-3546,562425fe-9934-4f49-8ed5-d3e0c1c87ab9,38.65907,-106.865683
2020-07-07,-4109,562425fe-9934-4f49-8ed5-d3e0c1c87ab9,38.65907,-106.865683
2020-07-08,-4547,562425fe-9934-4f49-8ed5-d3e0c1c87ab9,38.65907,-106.865683
2020-07-09,-4114,562425fe-9934-4f49-8ed5-d3e0c1c87ab9,38.65907,-106.865683
2020-07-10,-4570,562425fe-9934-4f49-8ed5-d3e0c1c87ab9,38.65907,-106.865683
2020-07-11,-4217,562425fe-9934-4f49-8ed5-d3e0c1c87ab9,38.65907,-106.865683
2020-07-12,-4262,562425fe-9934-4f49-8ed5-d3e0c1c87ab9,38.65907,-106.865683
2020-07-13,3058,562425fe-9934-4f49-8ed5-d3e0c1c87ab9,38.65907,-106.865683
2020-07-14,-4101,562425fe-9934-4f49-8ed5-d3e0c1c87ab9,38.65907,-106.865683
2020-07-15,4647,562425fe-9934-4f49-8ed5-d3e0c1c87ab9,38.65907,-106.865683
2020-07-16,1060,562425fe-9934-4f49-8ed5-d3e0c1c87ab9,38.65907,-106.865683
2020-07-17,473,562425fe-9934-4f49-8ed5-d3e0c1c87ab9,38.65907,-106.865683
2020-07-18,74,562425fe-9934-4f49-8ed5-d3e0c1c87ab9,38.65907,-106.865683
2020-07-19,-4258,562425fe-9934-4f49-8ed5-d3e0c1c87ab9,38.65907,-106.865683
2020-07-20,-4634,562425fe-9934-4f49-8ed5-d3e0c1c87ab9,38.65907,-106.865683
2020-07-21,-4449,562425fe-9934-4f49-8ed5-d3e0c1c87ab9,38.65907,-106.865683
2020-07-22,2985,562425fe-9934-4f49-8ed5-d3e0c1c87ab9,38.65907,-106.865683
2020-07-23,-4303,562425fe-9934-4f49-8ed5-d3e0c1c87ab9,38.65907,-106.865683
2020-07-24,2009,562425fe-9934-4f49-8ed5-d3e0c1c87ab9,38.65907,-106.865683
2020-07-25,91,562425fe-9934-4f49-8ed5-d3e0c1c87ab9,38.65907,-106.865683
2020-07-26,-4410,562425fe-9934-4f49-8ed5-d3e0c1c87ab9,38.65907,-106.865683
2020-07-27,-2172,562425fe-9934-4f49-8ed5-d3e0c1c87ab9,38.65907,-106.865683
2020-07-28,3910,562425fe-9934-4f49-8ed5-d3e0c1c87ab9,38.65907,-106.865683
2020-07-29,2029,562425fe-9934-4f49-8ed5-d3e0c1c87ab9,38.65907,-106.865683
2020-07-30,-4546,562425fe-9934-4f49-8ed5-d3e0c1c87ab9,38.65907,-106.865683
2020-07-31,-951,562425fe-9934-4f49-8ed5-d3e0c1c87ab9,38.65907,-106.865683
2020-08-01,-4196,562425fe-9934-4f49-8ed5-d3e0c1c87ab9,38.65907,-106.865683
2020-08-02,-2977,562425fe-9934-4f49-8ed5-d3e0c1c87ab9,38.65907,-106.865683
2020-08-03,-3481,562425fe-9934-4f49-8ed5-d3e0c1c87ab9,38.65907,-106.865683
2020-08-04,-4658,562425fe-9934-4f49-8ed5-d3e0c1c87ab9,38.65907,-106.865683
2020-08-05,-3008,562425fe-9934-4f49-8ed5-d3e0c1c87ab9,38.65907,-106.865683
2020-08-06,-4574,562425fe-9934-4f49-8ed5-d3e0c1c87ab9,38.65907,-106.865683
2020-08-07,-4571,562425fe-9934-4f49-8ed5-d3e0c1c87ab9,38.65907,-106.865683
2020-08-08,-4375,562425fe-9934-4f49-8ed5-d3e0c1c87ab9,38.65907,-106.865683
2020-08-09,-4775,562425fe-9934-4f49-8ed5-d3e0c1c87ab9,38.65907,-106.865683
2020-08-10,-3628,562425fe-9934-4f49-8ed5-d3e0c1c87ab9,38.65907,-106.865683
2020-08-11,-1195,562425fe-9934-4f49-8ed5-d3e0c1c87ab9,38.65907,-106.865683
2020-08-12,-957,562425fe-9934-4f49-8ed5-d3e0c1c87ab9,38.65907,-106.865683
2020-08-13,-4565,562425fe-9934-4f49-8ed5-d3e0c1c87ab9,38.65907,-106.865683
2020-08-14,-4141,562425fe-9934-4f49-8ed5-d3e0c1c87ab9,38.65907,-106.865683
2020-08-15,-4349,562425fe-9934-4f49-8ed5-d3e0c1c87ab9,38.65907,-106.865683
2020-08-16,-4110,562425fe-9934-4f49-8ed5-d3e0c1c87ab9,38.65907,-106.865683
2020-08-17,-4020,562425fe-9934-4f49-8ed5-d3e0c1c87ab9,38.65907,-106.865683
2020-08-18,-3911,562425fe-9934-4f49-8ed5-d3e0c1c87ab9,38.65907,-106.865683
2020-08-19,-2902,562425fe-9934-4f49-8ed5-d3e0c1c87ab9,38.65907,-106.865683
2020-08-20,-4665,562425fe-9934-4f49-8ed5-d3e0c1c87ab9,38.65907,-106.865683
2020-08-21,-3888,562425fe-9934-4f49-8ed5-d3e0c1c87ab9,38.65907,-106.865683
2020-08-22,-4300,562425fe-9934-4f49-8ed5-d3e0c1c87ab9,38.65907,-106.865683
2020-08-23,-2616,562425fe-9934-4f49-8ed5-d3e0c1c87ab9,38.65907,-106.865683
2020-08-24,-4146,562425fe-9934-4f49-8ed5-d3e0c1c87ab9,38.65907,-106.865683
2020-08-25,-4642,562425fe-9934-4f49-8ed5-d3e0c1c87ab9,38.65907,-106.865683
2020-08-26,749,562425fe-9934-4f49-8ed5-d3e0c1c87ab9,38.65907,-106.865683
2020-08-27,-4740,562425fe-9934-4f49-8ed5-d3e0c1c87ab9,38.65907,-106.865683
2020-08-28,5578,562425fe-9934-4f49-8ed5-d3e0c1c87ab9,38.65907,-106.865683
2020-08-30,-3766,562425fe-9934-4f49-8ed5-d3e0c1c87ab9,38.65907,-106.865683
2020-08-31,-4477,562425fe-9934-4f49-8ed5-d3e0c1c87ab9,38.65907,-106.865683
2020-09-01,-2453,562425fe-9934-4f49-8ed5-d3e0c1c87ab9,38.65907,-106.865683
2020-09-02,-4379,562425fe-9934-4f49-8ed5-d3e0c1c87ab9,38.65907,-106.865683
2020-09-03,-4765,562425fe-9934-4f49-8ed5-d3e0c1c87ab9,38.65907,-106.865683
2020-09-04,-4294,562425fe-9934-4f49-8ed5-d3e0c1c87ab9,38.65907,-106.865683
2020-09-05,-4688,562425fe-9934-4f49-8ed5-d3e0c1c87ab9,38.65907,-106.865683
2020-09-06,-3994,562425fe-9934-4f49-8ed5-d3e0c1c87ab9,38.65907,-106.865683
2020-09-07,-1113,562425fe-9934-4f49-8ed5-d3e0c1c87ab9,38.65907,-106.865683
2020-09-08,4174,562425fe-9934-4f49-8ed5-d3e0c1c87ab9,38.65907,-106.865683
2020-09-09,1954,562425fe-9934-4f49-8ed5-d3e0c1c87ab9,38.65907,-106.865683
2020-09-10,586,562425fe-9934-4f49-8ed5-d3e0c1c87ab9,38.65907,-106.865683
2020-09-11,-1361,562425fe-9934-4f49-8ed5-d3e0c1c87ab9,38.65907,-106.865683
2020-09-12,-4579,562425fe-9934-4f49-8ed5-d3e0c1c87ab9,38.65907,-106.865683
2020-09-13,-3980,562425fe-9934-4f49-8ed5-d3e0c1c87ab9,38.65907,-106.865683
2020-09-14,-4604,562425fe-9934-4f49-8ed5-d3e0c1c87ab9,38.65907,-106.865683
2020-09-15,-4370,562425fe-9934-4f49-8ed5-d3e0c1c87ab9,38.65907,-106.865683
2020-09-16,-3742,562425fe-9934-4f49-8ed5-d3e0c1c87ab9,38.65907,-106.865683
2020-09-17,-3187,562425fe-9934-4f49-8ed5-d3e0c1c87ab9,38.65907,-106.865683
2020-09-18,-2961,562425fe-9934-4f49-8ed5-d3e0c1c87ab9,38.65907,-106.865683
2020-09-19,-4046,562425fe-9934-4f49-8ed5-d3e0c1c87ab9,38.65907,-106.865683
2020-09-20,-1323,562425fe-9934-4f49-8ed5-d3e0c1c87ab9,38.65907,-106.865683
2020-09-21,-4599,562425fe-9934-4f49-8ed5-d3e0c1c87ab9,38.65907,-106.865683
2020-09-22,4710,562425fe-9934-4f49-8ed5-d3e0c1c87ab9,38.65907,-106.865683
2020-09-23,-4380,562425fe-9934-4f49-8ed5-d3e0c1c87ab9,38.65907,-106.865683
2020-09-24,-3575,562425fe-9934-4f49-8ed5-d3e0c1c87ab9,38.65907,-106.865683
2020-09-25,-4077,562425fe-9934-4f49-8ed5-d3e0c1c87ab9,38.65907,-106.865683
2020-09-26,-4445,562425fe-9934-4f49-8ed5-d3e0c1c87ab9,38.65907,-106.865683
2020-09-27,-3667,562425fe-9934-4f49-8ed5-d3e0c1c87ab9,38.65907,-106.865683
2020-09-28,-4642,562425fe-9934-4f49-8ed5-d3e0c1c87ab9,38.65907,-106.865683
2020-09-29,-4146,562425fe-9934-4f49-8ed5-d3e0c1c87ab9,38.65907,-106.865683
2020-09-30,-4482,562425fe-9934-4f49-8ed5-d3e0c1c87ab9,38.65907,-106.865683
2020-10-01,-4456,562425fe-9934-4f49-8ed5-d3e0c1c87ab9,38.65907,-106.865683
2020-10-02,-3775,562425fe-9934-4f49-8ed5-d3e0c1c87ab9,38.65907,-106.865683
2020-10-03,-4650,562425fe-9934-4f49-8ed5-d3e0c1c87ab9,38.65907,-106.865683
2020-10-04,-4045,562425fe-9934-4f49-8ed5-d3e0c1c87ab9,38.65907,-106.865683
2020-10-05,-4528,562425fe-9934-4f49-8ed5-d3e0c1c87ab9,38.65907,-106.865683
2020-10-06,-3697,562425fe-9934-4f49-8ed5-d3e0c1c87ab9,38.65907,-106.865683
2020-10-07,-4476,562425fe-9934-4f49-8ed5-d3e0c1c87ab9,38.65907,-106.865683
2020-10-08,-3475,562425fe-9934-4f49-8ed5-d3e0c1c87ab9,38.65907,-106.865683
2020-10-09,-4515,562425fe-9934-4f49-8ed5-d3e0c1c87ab9,38.65907,-106.865683
2020-10-10,-4538,562425fe-9934-4f49-8ed5-d3e0c1c87ab9,38.65907,-106.865683
2020-10-11,3956,562425fe-9934-4f49-8ed5-d3e0c1c87ab9,38.65907,-106.865683
2020-10-12,-4713,562425fe-9934-4f49-8ed5-d3e0c1c87ab9,38.65907,-106.865683
2020-10-13,-3880,562425fe-9934-4f49-8ed5-d3e0c1c87ab9,38.65907,-106.865683
2020-10-14,-4815,562425fe-9934-4f49-8ed5-d3e0c1c87ab9,38.65907,-106.865683
2020-10-15,-3360,562425fe-9934-4f49-8ed5-d3e0c1c87ab9,38.65907,-106.865683
2020-10-16,-4539,562425fe-9934-4f49-8ed5-d3e0c1c87ab9,38.65907,-106.865683
2020-10-17,-3268,562425fe-9934-4f49-8ed5-d3e0c1c87ab9,38.65907,-106.865683
2020-10-18,-4278,562425fe-9934-4f49-8ed5-d3e0c1c87ab9,38.65907,-106.865683
2020-10-19,-4145,562425fe-9934-4f49-8ed5-d3e0c1c87ab9,38.65907,-106.865683
2020-10-20,-4242,562425fe-9934-4f49-8ed5-d3e0c1c87ab9,38.65907,-106.865683
2020-10-21,-4717,562425fe-9934-4f49-8ed5-d3e0c1c87ab9,38.65907,-106.865683
2020-10-22,-3962,562425fe-9934-4f49-8ed5-d3e0c1c87ab9,38.65907,-106.865683
2020-10-23,-3961,562425fe-9934-4f49-8ed5-d3e0c1c87ab9,38.65907,-106.865683
2020-10-24,-4455,562425fe-9934-4f49-8ed5-d3e0c1c87ab9,38.65907,-106.865683
2020-10-25,2978,562425fe-9934-4f49-8ed5-d3e0c1c87ab9,38.65907,-106.865683
2020-10-26,4639,562425fe-9934-4f49-8ed5-d3e0c1c87ab9,38.65907,-106.865683
2020-10-27,7565,562425fe-9934-4f49-8ed5-d3e0c1c87ab9,38.65907,-106.865683
2020-10-28,515,562425fe-9934-4f49-8ed5-d3e0c1c87ab9,38.65907,-106.865683
2020-10-29,-1589,562425fe-9934-4f49-8ed5-d3e0c1c87ab9,38.65907,-106.865683
2020-10-30,-4650,562425fe-9934-4f49-8ed5-d3e0c1c87ab9,38.65907,-106.865683
2020-10-31,-3669,562425fe-9934-4f49-8ed5-d3e0c1c87ab9,38.65907,-106.865683
2020-11-01,-4555,562425fe-9934-4f49-8ed5-d3e0c1c87ab9,38.65907,-106.865683
2020-11-02,-4470,562425fe-9934-4f49-8ed5-d3e0c1c87ab9,38.65907,-106.865683
2020-11-03,-4347,562425fe-9934-4f49-8ed5-d3e0c1c87ab9,38.65907,-106.865683
2020-11-04,-4528,562425fe-9934-4f49-8ed5-d3e0c1c87ab9,38.65907,-106.865683
2020-11-05,-3815,562425fe-9934-4f49-8ed5-d3e0c1c87ab9,38.65907,-106.865683
2020-11-06,1136,562425fe-9934-4f49-8ed5-d3e0c1c87ab9,38.65907,-106.865683
2020-11-07,386,562425fe-9934-4f49-8ed5-d3e0c1c87ab9,38.65907,-106.865683
2020-11-08,-54,562425fe-9934-4f49-8ed5-d3e0c1c87ab9,38.65907,-106.865683
2020-11-09,1926,562425fe-9934-4f49-8ed5-d3e0c1c87ab9,38.65907,-106.865683
2020-11-10,6342,562425fe-9934-4f49-8ed5-d3e0c1c87ab9,38.65907,-106.865683
2020-11-11,1967,562425fe-9934-4f49-8ed5-d3e0c1c87ab9,38.65907,-106.865683
2020-11-12,951,562425fe-9934-4f49-8ed5-d3e0c1c87ab9,38.65907,-106.865683
2020-11-13,105,562425fe-9934-4f49-8ed5-d3e0c1c87ab9,38.65907,-106.865683
2020-11-14,3649,562425fe-9934-4f49-8ed5-d3e0c1c87ab9,38.65907,-106.865683
2020-11-15,6539,562425fe-9934-4f49-8ed5-d3e0c1c87ab9,38.65907,-106.865683
2020-11-16,3235,562425fe-9934-4f49-8ed5-d3e0c1c87ab9,38.65907,-106.865683
2020-11-17,865,562425fe-9934-4f49-8ed5-d3e0c1c87ab9,38.65907,-106.865683
2020-11-18,290,562425fe-9934-4f49-8ed5-d3e0c1c87ab9,38.65907,-106.865683
2020-11-19,-3633,562425fe-9934-4f49-8ed5-d3e0c1c87ab9,38.65907,-106.865683
2020-11-20,-2591,562425fe-9934-4f49-8ed5-d3e0c1c87ab9,38.65907,-106.865683
2020-11-21,463,562425fe-9934-4f49-8ed5-d3e0c1c87ab9,38.65907,-106.865683
2020-11-22,-4567,562425fe-9934-4f49-8ed5-d3e0c1c87ab9,38.65907,-106.865683
2020-11-23,-1939,562425fe-9934-4f49-8ed5-d3e0c1c87ab9,38.65907,-106.865683
2020-11-24,6205,562425fe-9934-4f49-8ed5-d3e0c1c87ab9,38.65907,-106.865683
2020-11-25,7457,562425fe-9934-4f49-8ed5-d3e0c1c87ab9,38.65907,-106.865683
2020-11-26,8163,562425fe-9934-4f49-8ed5-d3e0c1c87ab9,38.65907,-106.865683
2020-11-27,6793,562425fe-9934-4f49-8ed5-d3e0c1c87ab9,38.65907,-106.865683
2020-11-28,7354,562425fe-9934-4f49-8ed5-d3e0c1c87ab9,38.65907,-106.865683
2020-11-29,7256,562425fe-9934-4f49-8ed5-d3e0c1c87ab9,38.65907,-106.865683
2020-11-30,6605,562425fe-9934-4f49-8ed5-d3e0c1c87ab9,38.65907,-106.865683
2020-12-01,3878,562425fe-9934-4f49-8ed5-d3e0c1c87ab9,38.65907,-106.865683
2020-12-02,5761,562425fe-9934-4f49-8ed5-d3e0c1c87ab9,38.65907,-106.865683
2020-12-03,5977,562425fe-9934-4f49-8ed5-d3e0c1c87ab9,38.65907,-106.865683
2020-12-04,7076,562425fe-9934-4f49-8ed5-d3e0c1c87ab9,38.65907,-106.865683
2020-12-05,7184,562425fe-9934-4f49-8ed5-d3e0c1c87ab9,38.65907,-106.865683
2020-12-06,6240,562425fe-9934-4f49-8ed5-d3e0c1c87ab9,38.65907,-106.865683
2020-12-07,5833,562425fe-9934-4f49-8ed5-d3e0c1c87ab9,38.65907,-106.865683
2020-12-08,4007,562425fe-9934-4f49-8ed5-d3e0c1c87ab9,38.65907,-106.865683
2020-12-09,5767,562425fe-9934-4f49-8ed5-d3e0c1c87ab9,38.65907,-106.865683
2020-12-10,4275,562425fe-9934-4f49-8ed5-d3e0c1c87ab9,38.65907,-106.865683
2020-12-11,3971,562425fe-9934-4f49-8ed5-d3e0c1c87ab9,38.65907,-106.865683
2020-12-12,4121,562425fe-9934-4f49-8ed5-d3e0c1c87ab9,38.65907,-106.865683
2020-12-13,6681,562425fe-9934-4f49-8ed5-d3e0c1c87ab9,38.65907,-106.865683
2020-12-14,2303,562425fe-9934-4f49-8ed5-d3e0c1c87ab9,38.65907,-106.865683
2020-12-15,6725,562425fe-9934-4f49-8ed5-d3e0c1c87ab9,38.65907,-106.865683
2020-12-16,3129,562425fe-9934-4f49-8ed5-d3e0c1c87ab9,38.65907,-106.865683
2020-12-17,6817,562425fe-9934-4f49-8ed5-d3e0c1c87ab9,38.65907,-106.865683
2020-12-18,5411,562425fe-9934-4f49-8ed5-d3e0c1c87ab9,38.65907,-106.865683
2020-12-19,7389,562425fe-9934-4f49-8ed5-d3e0c1c87ab9,38.65907,-106.865683
2020-12-20,4209,562425fe-9934-4f49-8ed5-d3e0c1c87ab9,38.65907,-106.865683
2020-12-21,7719,562425fe-9934-4f49-8ed5-d3e0c1c87ab9,38.65907,-106.865683
2020-12-22,6925,562425fe-9934-4f49-8ed5-d3e0c1c87ab9,38.65907,-106.865683
2020-12-23,5333,562425fe-9934-4f49-8ed5-d3e0c1c87ab9,38.65907,-106.865683
2020-12-24,6859,562425fe-9934-4f49-8ed5-d3e0c1c87ab9,38.65907,-106.865683
2020-12-25,6135,562425fe-9934-4f49-8ed5-d3e0c1c87ab9,38.65907,-106.865683
2020-12-26,8231,562425fe-9934-4f49-8ed5-d3e0c1c87ab9,38.65907,-106.865683
2020-12-27,5546,562425fe-9934-4f49-8ed5-d3e0c1c87ab9,38.65907,-106.865683
2020-12-28,4013,562425fe-9934-4f49-8ed5-d3e0c1c87ab9,38.65907,-106.865683
2020-12-29,5211,562425fe-9934-4f49-8ed5-d3e0c1c87ab9,38.65907,-106.865683
2020-12-30,4321,562425fe-9934-4f49-8ed5-d3e0c1c87ab9,38.65907,-106.865683
2020-12-31,5114,562425fe-9934-4f49-8ed5-d3e0c1c87ab9,38.65907,-106.865683
2021-01-01,6695,562425fe-9934-4f49-8ed5-d3e0c1c87ab9,38.65907,-106.865683
2021-01-02,6881,562425fe-9934-4f49-8ed5-d3e0c1c87ab9,38.65907,-106.865683
2021-01-03,6314,562425fe-9934-4f49-8ed5-d3e0c1c87ab9,38.65907,-106.865683
2021-01-04,8210,562425fe-9934-4f49-8ed5-d3e0c1c87ab9,38.65907,-106.865683
2021-01-05,4566,562425fe-9934-4f49-8ed5-d3e0c1c87ab9,38.65907,-106.865683
2021-01-06,7256,562425fe-9934-4f49-8ed5-d3e0c1c87ab9,38.65907,-106.865683
2021-01-07,7741,562425fe-9934-4f49-8ed5-d3e0c1c87ab9,38.65907,-106.865683
2021-01-08,7945,562425fe-9934-4f49-8ed5-d3e0c1c87ab9,38.65907,-106.865683
2021-01-09,5081,562425fe-9934-4f49-8ed5-d3e0c1c87ab9,38.65907,-106.865683
2021-01-10,6803,562425fe-9934-4f49-8ed5-d3e0c1c87ab9,38.65907,-106.865683
2021-01-11,8491,562425fe-9934-4f49-8ed5-d3e0c1c87ab9,38.65907,-106.865683
2021-01-12,7288,562425fe-9934-4f49-8ed5-d3e0c1c87ab9,38.65907,-106.865683
2021-01-13,8178,562425fe-9934-4f49-8ed5-d3e0c1c87ab9,38.65907,-106.865683
2021-01-14,5977,562425fe-9934-4f49-8ed5-d3e0c1c87ab9,38.65907,-106.865683
2021-01-15,7848,562425fe-9934-4f49-8ed5-d3e0c1c87ab9,38.65907,-106.865683
2021-01-16,7403,562425fe-9934-4f49-8ed5-d3e0c1c87ab9,38.65907,-106.865683
2021-01-17,6320,562425fe-9934-4f49-8ed5-d3e0c1c87ab9,38.65907,-106.865683
2021-01-18,6866,562425fe-9934-4f49-8ed5-d3e0c1c87ab9,38.65907,-106.865683
2021-01-19,3669,562425fe-9934-4f49-8ed5-d3e0c1c87ab9,38.65907,-106.865683
2021-01-20,6844,562425fe-9934-4f49-8ed5-d3e0c1c87ab9,38.65907,-106.865683
2021-01-21,6530,562425fe-9934-4f49-8ed5-d3e0c1c87ab9,38.65907,-106.865683
2021-01-22,3669,562425fe-9934-4f49-8ed5-d3e0c1c87ab9,38.65907,-106.865683
2021-01-23,5171,562425fe-9934-4f49-8ed5-d3e0c1c87ab9,38.65907,-106.865683
2021-01-24,5777,562425fe-9934-4f49-8ed5-d3e0c1c87ab9,38.65907,-106.865683
2021-01-25,5546,562425fe-9934-4f49-8ed5-d3e0c1c87ab9,38.65907,-106.865683
2021-01-26,3482,562425fe-9934-4f49-8ed5-d3e0c1c87ab9,38.65907,-106.865683
2021-01-27,6812,562425fe-9934-4f49-8ed5-d3e0c1c87ab9,38.65907,-106.865683
2021-01-28,3544,562425fe-9934-4f49-8ed5-d3e0c1c87ab9,38.65907,-106.865683
2021-01-29,6253,562425fe-9934-4f49-8ed5-d3e0c1c87ab9,38.65907,-106.865683
2021-01-30,6119,562425fe-9934-4f49-8ed5-d3e0c1c87ab9,38.65907,-106.865683
2021-01-31,7067,562425fe-9934-4f49-8ed5-d3e0c1c87ab9,38.65907,-106.865683
2021-02-01,5273,562425fe-9934-4f49-8ed5-d3e0c1c87ab9,38.65907,-106.865683
2021-02-02,2201,562425fe-9934-4f49-8ed5-d3e0c1c87ab9,38.65907,-106.865683
2021-02-03,4279,562425fe-9934-4f49-8ed5-d3e0c1c87ab9,38.65907,-106.865683
2021-02-04,5132,562425fe-9934-4f49-8ed5-d3e0c1c87ab9,38.65907,-106.865683
2021-02-05,5577,562425fe-9934-4f49-8ed5-d3e0c1c87ab9,38.65907,-106.865683
2021-02-06,2365,562425fe-9934-4f49-8ed5-d3e0c1c87ab9,38.65907,-106.865683
2021-02-07,6602,562425fe-9934-4f49-8ed5-d3e0c1c87ab9,38.65907,-106.865683
2021-02-08,6982,562425fe-9934-4f49-8ed5-d3e0c1c87ab9,38.65907,-106.865683
2021-02-09,5009,562425fe-9934-4f49-8ed5-d3e0c1c87ab9,38.65907,-106.865683
2021-02-10,3656,562425fe-9934-4f49-8ed5-d3e0c1c87ab9,38.65907,-106.865683
2021-02-11,6083,562425fe-9934-4f49-8ed5-d3e0c1c87ab9,38.65907,-106.865683
2021-02-12,3617,562425fe-9934-4f49-8ed5-d3e0c1c87ab9,38.65907,-106.865683
2021-02-13,3146,562425fe-9934-4f49-8ed5-d3e0c1c87ab9,38.65907,-106.865683
2021-02-14,6606,562425fe-9934-4f49-8ed5-d3e0c1c87ab9,38.65907,-106.865683
2021-02-15,6793,562425fe-9934-4f49-8ed5-d3e0c1c87ab9,38.65907,-106.865683
2021-02-16,5576,562425fe-9934-4f49-8ed5-d3e0c1c87ab9,38.65907,-106.865683
2021-02-17,7166,562425fe-9934-4f49-8ed5-d3e0c1c87ab9,38.65907,-106.865683
2021-02-18,6543,562425fe-9934-4f49-8ed5-d3e0c1c87ab9,38.65907,-106.865683
2021-02-19,3383,562425fe-9934-4f49-8ed5-d3e0c1c87ab9,38.65907,-106.865683
2021-02-20,6727,562425fe-9934-4f49-8ed5-d3e0c1c87ab9,38.65907,-106.865683
2021-02-21,7760,562425fe-9934-4f49-8ed5-d3e0c1c87ab9,38.65907,-106.865683
2021-02-22,7444,562425fe-9934-4f49-8ed5-d3e0c1c87ab9,38.65907,-106.865683
2021-02-23,7576,562425fe-9934-4f49-8ed5-d3e0c1c87ab9,38.65907,-106.865683
2021-02-24,7905,562425fe-9934-4f49-8ed5-d3e0c1c87ab9,38.65907,-106.865683
2021-02-25,6218,562425fe-9934-4f49-8ed5-d3e0c1c87ab9,38.65907,-106.865683
2021-02-26,6724,562425fe-9934-4f49-8ed5-d3e0c1c87ab9,38.65907,-106.865683
2021-02-27,2384,562425fe-9934-4f49-8ed5-d3e0c1c87ab9,38.65907,-106.865683
2021-02-28,6863,562425fe-9934-4f49-8ed5-d3e0c1c87ab9,38.65907,-106.865683
2021-03-01,6426,562425fe-9934-4f49-8ed5-d3e0c1c87ab9,38.65907,-106.865683
2021-03-02,7904,562425fe-9934-4f49-8ed5-d3e0c1c87ab9,38.65907,-106.865683
2021-03-03,7172,562425fe-9934-4f49-8ed5-d3e0c1c87ab9,38.65907,-106.865683
2021-03-04,4289,562425fe-9934-4f49-8ed5-d3e0c1c87ab9,38.65907,-106.865683
2021-03-05,7068,562425fe-9934-4f49-8ed5-d3e0c1c87ab9,38.65907,-106.865683
2021-03-06,5909,562425fe-9934-4f49-8ed5-d3e0c1c87ab9,38.65907,-106.865683
2021-03-07,7001,562425fe-9934-4f49-8ed5-d3e0c1c87ab9,38.65907,-106.865683
2021-03-08,4726,562425fe-9934-4f49-8ed5-d3e0c1c87ab9,38.65907,-106.865683
2021-03-09,4865,562425fe-9934-4f49-8ed5-d3e0c1c87ab9,38.65907,-106.865683
2021-03-10,4005,562425fe-9934-4f49-8ed5-d3e0c1c87ab9,38.65907,-106.865683
2021-03-11,5540,562425fe-9934-4f49-8ed5-d3e0c1c87ab9,38.65907,-106.865683
2021-03-12,6203,562425fe-9934-4f49-8ed5-d3e0c1c87ab9,38.65907,-106.865683
2021-03-13,4510,562425fe-9934-4f49-8ed5-d3e0c1c87ab9,38.65907,-106.865683
2021-03-14,5390,562425fe-9934-4f49-8ed5-d3e0c1c87ab9,38.65907,-106.865683
2021-03-15,5441,562425fe-9934-4f49-8ed5-d3e0c1c87ab9,38.65907,-106.865683
2021-03-16,6503,562425fe-9934-4f49-8ed5-d3e0c1c87ab9,38.65907,-106.865683
2021-03-17,4995,562425fe-9934-4f49-8ed5-d3e0c1c87ab9,38.65907,-106.865683
2021-03-18,6108,562425fe-9934-4f49-8ed5-d3e0c1c87ab9,38.65907,-106.865683
2021-03-19,5596,562425fe-9934-4f49-8ed5-d3e0c1c87ab9,38.65907,-106.865683
2021-03-20,7730,562425fe-9934-4f49-8ed5-d3e0c1c87ab9,38.65907,-106.865683
2021-03-21,5218,562425fe-9934-4f49-8ed5-d3e0c1c87ab9,38.65907,-106.865683
2021-03-22,2124,562425fe-9934-4f49-8ed5-d3e0c1c87ab9,38.65907,-106.865683
2021-03-23,5389,562425fe-9934-4f49-8ed5-d3e0c1c87ab9,38.65907,-106.865683
2021-03-24,5156,562425fe-9934-4f49-8ed5-d3e0c1c87ab9,38.65907,-106.865683
2021-03-25,3593,562425fe-9934-4f49-8ed5-d3e0c1c87ab9,38.65907,-106.865683
2021-03-26,4624,562425fe-9934-4f49-8ed5-d3e0c1c87ab9,38.65907,-106.865683
2021-03-27,1293,562425fe-9934-4f49-8ed5-d3e0c1c87ab9,38.65907,-106.865683
2021-03-28,4008,562425fe-9934-4f49-8ed5-d3e0c1c87ab9,38.65907,-106.865683
2021-03-29,3668,562425fe-9934-4f49-8ed5-d3e0c1c87ab9,38.65907,-106.865683
2021-03-30,-1156,562425fe-9934-4f49-8ed5-d3e0c1c87ab9,38.65907,-106.865683
2021-03-31,3865,562425fe-9934-4f49-8ed5-d3e0c1c87ab9,38.65907,-106.865683
2021-04-01,-1647,562425fe-9934-4f49-8ed5-d3e0c1c87ab9,38.65907,-106.865683
2021-04-02,490,562425fe-9934-4f49-8ed5-d3e0c1c87ab9,38.65907,-106.865683
2021-04-03,-1920,562425fe-9934-4f49-8ed5-d3e0c1c87ab9,38.65907,-106.865683
2021-04-04,360,562425fe-9934-4f49-8ed5-d3e0c1c87ab9,38.65907,-106.865683
2021-04-05,1273,562425fe-9934-4f49-8ed5-d3e0c1c87ab9,38.65907,-106.865683
2021-04-06,-3747,562425fe-9934-4f49-8ed5-d3e0c1c87ab9,38.65907,-106.865683
2021-04-07,308,562425fe-9934-4f49-8ed5-d3e0c1c87ab9,38.65907,-106.865683
2021-04-08,-4139,562425fe-9934-4f49-8ed5-d3e0c1c87ab9,38.65907,-106.865683
2021-04-09,-3002,562425fe-9934-4f49-8ed5-d3e0c1c87ab9,38.65907,-106.865683
2021-04-10,-4160,562425fe-9934-4f49-8ed5-d3e0c1c87ab9,38.65907,-106.865683
2021-04-11,-3698,562425fe-9934-4f49-8ed5-d3e0c1c87ab9,38.65907,-106.865683
2021-04-12,-4152,562425fe-9934-4f49-8ed5-d3e0c1c87ab9,38.65907,-106.865683
2021-04-13,5412,562425fe-9934-4f49-8ed5-d3e0c1c87ab9,38.65907,-106.865683
2021-04-14,-1744,562425fe-9934-4f49-8ed5-d3e0c1c87ab9,38.65907,-106.865683
2021-04-15,914,562425fe-9934-4f49-8ed5-d3e0c1c87ab9,38.65907,-106.865683
2021-04-16,-1110,562425fe-9934-4f49-8ed5-d3e0c1c87ab9,38.65907,-106.865683
2021-04-17,-2049,562425fe-9934-4f49-8ed5-d3e0c1c87ab9,38.65907,-106.865683
2021-04-18,-2132,562425fe-9934-4f49-8ed5-d3e0c1c87ab9,38.65907,-106.865683
2021-04-19,-4335,562425fe-9934-4f49-8ed5-d3e0c1c87ab9,38.65907,-106.865683
2021-04-20,-3634,562425fe-9934-4f49-8ed5-d3e0c1c87ab9,38.65907,-106.865683
2021-04-21,-2323,562425fe-9934-4f49-8ed5-d3e0c1c87ab9,38.65907,-106.865683
2021-04-22,445,562425fe-9934-4f49-8ed5-d3e0c1c87ab9,38.65907,-106.865683
2021-04-23,5500,562425fe-9934-4f49-8ed5-d3e0c1c87ab9,38.65907,-106.865683
2021-04-24,-534,562425fe-9934-4f49-8ed5-d3e0c1c87ab9,38.65907,-106.865683
2021-04-25,-269,562425fe-9934-4f49-8ed5-d3e0c1c87ab9,38.65907,-106.865683
2021-04-26,-4072,562425fe-9934-4f49-8ed5-d3e0c1c87ab9,38.65907,-106.865683
2021-04-27,290,562425fe-9934-4f49-8ed5-d3e0c1c87ab9,38.65907,-106.865683
2021-04-28,-2543,562425fe-9934-4f49-8ed5-d3e0c1c87ab9,38.65907,-106.865683
2021-04-29,-4702,562425fe-9934-4f49-8ed5-d3e0c1c87ab9,38.65907,-106.865683
2021-04-30,-4024,562425fe-9934-4f49-8ed5-d3e0c1c87ab9,38.65907,-106.865683
2021-05-01,1650,562425fe-9934-4f49-8ed5-d3e0c1c87ab9,38.65907,-106.865683
2021-05-02,2091,562425fe-9934-4f49-8ed5-d3e0c1c87ab9,38.65907,-106.865683
2021-05-03,-66,562425fe-9934-4f49-8ed5-d3e0c1c87ab9,38.65907,-106.865683
2021-05-04,-1130,562425fe-9934-4f49-8ed5-d3e0c1c87ab9,38.65907,-106.865683
2021-05-05,-2581,562425fe-9934-4f49-8ed5-d3e0c1c87ab9,38.65907,-106.865683
2021-05-06,-4360,562425fe-9934-4f49-8ed5-d3e0c1c87ab9,38.65907,-106.865683
2021-05-07,-260,562425fe-9934-4f49-8ed5-d3e0c1c87ab9,38.65907,-106.865683
2021-05-08,-4269,562425fe-9934-4f49-8ed5-d3e0c1c87ab9,38.65907,-106.865683
2021-05-09,3165,562425fe-9934-4f49-8ed5-d3e0c1c87ab9,38.65907,-106.865683
2021-05-10,-1789,562425fe-9934-4f49-8ed5-d3e0c1c87ab9,38.65907,-106.865683
2021-05-11,650,562425fe-9934-4f49-8ed5-d3e0c1c87ab9,38.65907,-106.865683
2021-05-12,-4357,562425fe-9934-4f49-8ed5-d3e0c1c87ab9,38.65907,-106.865683
2021-05-13,-3778,562425fe-9934-4f49-8ed5-d3e0c1c87ab9,38.65907,-106.865683
2021-05-14,1061,562425fe-9934-4f49-8ed5-d3e0c1c87ab9,38.65907,-106.865683
2021-05-15,-569,562425fe-9934-4f49-8ed5-d3e0c1c87ab9,38.65907,-106.865683
2021-05-16,-3753,562425fe-9934-4f49-8ed5-d3e0c1c87ab9,38.65907,-106.865683
2021-05-17,2757,562425fe-9934-4f49-8ed5-d3e0c1c87ab9,38.65907,-106.865683
2021-05-18,2727,562425fe-9934-4f49-8ed5-d3e0c1c87ab9,38.65907,-106.865683
2021-05-19,-4356,562425fe-9934-4f49-8ed5-d3e0c1c87ab9,38.65907,-106.865683
2021-05-20,152,562425fe-9934-4f49-8ed5-d3e0c1c87ab9,38.65907,-106.865683
2021-05-21,3880,562425fe-9934-4f49-8ed5-d3e0c1c87ab9,38.65907,-106.865683
2021-05-22,2064,562425fe-9934-4f49-8ed5-d3e0c1c87ab9,38.65907,-106.865683
2021-05-23,701,562425fe-9934-4f49-8ed5-d3e0c1c87ab9,38.65907,-106.865683
2021-05-24,-4450,562425fe-9934-4f49-8ed5-d3e0c1c87ab9,38.65907,-106.865683
2021-05-25,-3889,562425fe-9934-4f49-8ed5-d3e0c1c87ab9,38.65907,-106.865683
2021-05-26,375,562425fe-9934-4f49-8ed5-d3e0c1c87ab9,38.65907,-106.865683
2021-05-27,-1813,562425fe-9934-4f49-8ed5-d3e0c1c87ab9,38.65907,-106.865683
2021-05-28,-4299,562425fe-9934-4f49-8ed5-d3e0c1c87ab9,38.65907,-106.865683
2021-05-29,1318,562425fe-9934-4f49-8ed5-d3e0c1c87ab9,38.65907,-106.865683
2021-05-30,-835,562425fe-9934-4f49-8ed5-d3e0c1c87ab9,38.65907,-106.865683
2021-05-31,3995,562425fe-9934-4f49-8ed5-d3e0c1c87ab9,38.65907,-106.865683
2021-06-01,-3575,562425fe-9934-4f49-8ed5-d3e0c1c87ab9,38.65907,-106.865683
2021-06-02,-2795,562425fe-9934-4f49-8ed5-d3e0c1c87ab9,38.65907,-106.865683
2021-06-03,-520,562425fe-9934-4f49-8ed5-d3e0c1c87ab9,38.65907,-106.865683
2021-06-04,-4242,562425fe-9934-4f49-8ed5-d3e0c1c87ab9,38.65907,-106.865683
2021-06-05,905,562425fe-9934-4f49-8ed5-d3e0c1c87ab9,38.65907,-106.865683
2021-06-06,-4074,562425fe-9934-4f49-8ed5-d3e0c1c87ab9,38.65907,-106.865683
2021-06-07,-4276,562425fe-9934-4f49-8ed5-d3e0c1c87ab9,38.65907,-106.865683
2021-06-08,-3830,562425fe-9934-4f49-8ed5-d3e0c1c87ab9,38.65907,-106.865683
2021-06-09,-4399,562425fe-9934-4f49-8ed5-d3e0c1c87ab9,38.65907,-106.865683
2021-06-10,2471,562425fe-9934-4f49-8ed5-d3e0c1c87ab9,38.65907,-106.865683
2021-06-11,-4403,562425fe-9934-4f49-8ed5-d3e0c1c87ab9,38.65907,-106.865683
2021-06-12,-3964,562425fe-9934-4f49-8ed5-d3e0c1c87ab9,38.65907,-106.865683
2021-06-13,-4283,562425fe-9934-4f49-8ed5-d3e0c1c87ab9,38.65907,-106.865683
2021-06-14,-4146,562425fe-9934-4f49-8ed5-d3e0c1c87ab9,38.65907,-106.865683
2021-06-15,-4014,562425fe-9934-4f49-8ed5-d3e0c1c87ab9,38.65907,-106.865683
2021-06-16,-4210,562425fe-9934-4f49-8ed5-d3e0c1c87ab9,38.65907,-106.865683
2021-06-17,-3392,562425fe-9934-4f49-8ed5-d3e0c1c87ab9,38.65907,-106.865683
2021-06-18,-1376,562425fe-9934-4f49-8ed5-d3e0c1c87ab9,38.65907,-106.865683
2021-06-19,544,562425fe-9934-4f49-8ed5-d3e0c1c87ab9,38.65907,-106.865683
2021-06-20,-3830,562425fe-9934-4f49-8ed5-d3e0c1c87ab9,38.65907,-106.865683
2021-06-21,-4048,562425fe-9934-4f49-8ed5-d3e0c1c87ab9,38.65907,-106.865683
2021-06-22,-4154,562425fe-9934-4f49-8ed5-d3e0c1c87ab9,38.65907,-106.865683
2021-06-23,-456,562425fe-9934-4f49-8ed5-d3e0c1c87ab9,38.65907,-106.865683
2021-06-24,-3970,562425fe-9934-4f49-8ed5-d3e0c1c87ab9,38.65907,-106.865683
2021-06-25,1483,562425fe-9934-4f49-8ed5-d3e0c1c87ab9,38.65907,-106.865683
2021-06-26,5212,562425fe-9934-4f49-8ed5-d3e0c1c87ab9,38.65907,-106.865683
2021-06-27,-4447,562425fe-9934-4f49-8ed5-d3e0c1c87ab9,38.65907,-106.865683
2021-06-28,-3655,562425fe-9934-4f49-8ed5-d3e0c1c87ab9,38.65907,-106.865683
2021-06-29,-3196,562425fe-9934-4f49-8ed5-d3e0c1c87ab9,38.65907,-106.865683
2021-06-30,-2607,562425fe-9934-4f49-8ed5-d3e0c1c87ab9,38.65907,-106.865683
2021-07-01,-4125,562425fe-9934-4f49-8ed5-d3e0c1c87ab9,38.65907,-106.865683
2021-07-02,-4461,562425fe-9934-4f49-8ed5-d3e0c1c87ab9,38.65907,-106.865683
2021-07-03,-3817,562425fe-9934-4f49-8ed5-d3e0c1c87ab9,38.65907,-106.865683
2021-07-04,-4387,562425fe-9934-4f49-8ed5-d3e0c1c87ab9,38.65907,-106.865683
2021-07-05,2777,562425fe-9934-4f49-8ed5-d3e0c1c87ab9,38.65907,-106.865683
2021-07-06,-4398,562425fe-9934-4f49-8ed5-d3e0c1c87ab9,38.65907,-106.865683
2021-07-07,-4371,562425fe-9934-4f49-8ed5-d3e0c1c87ab9,38.65907,-106.865683
2021-07-08,-4227,562425fe-9934-4f49-8ed5-d3e0c1c87ab9,38.65907,-106.865683
2021-07-09,-4305,562425fe-9934-4f49-8ed5-d3e0c1c87ab9,38.65907,-106.865683
2021-07-10,-4083,562425fe-9934-4f49-8ed5-d3e0c1c87ab9,38.65907,-106.865683
2021-07-11,-3752,562425fe-9934-4f49-8ed5-d3e0c1c87ab9,38.65907,-106.865683
2021-07-12,-909,562425fe-9934-4f49-8ed5-d3e0c1c87ab9,38.65907,-106.865683
2021-07-13,-4502,562425fe-9934-4f49-8ed5-d3e0c1c87ab9,38.65907,-106.865683
2021-07-14,5665,562425fe-9934-4f49-8ed5-d3e0c1c87ab9,38.65907,-106.865683
2021-07-15,-4293,562425fe-9934-4f49-8ed5-d3e0c1c87ab9,38.65907,-106.865683
2021-07-16,-133,562425fe-9934-4f49-8ed5-d3e0c1c87ab9,38.65907,-106.865683
2021-07-17,-2953,562425fe-9934-4f49-8ed5-d3e0c1c87ab9,38.65907,-106.865683
2021-07-18,-4544,562425fe-9934-4f49-8ed5-d3e0c1c87ab9,38.65907,-106.865683
2021-07-19,-3975,562425fe-9934-4f49-8ed5-d3e0c1c87ab9,38.65907,-106.865683
2021-07-20,-4379,562425fe-9934-4f49-8ed5-d3e0c1c87ab9,38.65907,-106.865683
2021-07-21,-1087,562425fe-9934-4f49-8ed5-d3e0c1c87ab9,38.65907,-106.865683
2021-07-22,-3414,562425fe-9934-4f49-8ed5-d3e0c1c87ab9,38.65907,-106.865683
2021-07-23,-3854,562425fe-9934-4f49-8ed5-d3e0c1c87ab9,38.65907,-106.865683
2021-07-24,-413,562425fe-9934-4f49-8ed5-d3e0c1c87ab9,38.65907,-106.865683
2021-07-25,-4339,562425fe-9934-4f49-8ed5-d3e0c1c87ab9,38.65907,-106.865683
2021-07-26,-4195,562425fe-9934-4f49-8ed5-d3e0c1c87ab9,38.65907,-106.865683
2021-07-27,-4548,562425fe-9934-4f49-8ed5-d3e0c1c87ab9,38.65907,-106.865683
2021-07-28,-1028,562425fe-9934-4f49-8ed5-d3e0c1c87ab9,38.65907,-106.865683
2021-07-29,-4642,562425fe-9934-4f49-8ed5-d3e0c1c87ab9,38.65907,-106.865683
2021-07-30,-3838,562425fe-9934-4f49-8ed5-d3e0c1c87ab9,38.65907,-106.865683
2021-07-31,-4316,562425fe-9934-4f49-8ed5-d3e0c1c87ab9,38.65907,-106.865683
2021-08-01,-598,562425fe-9934-4f49-8ed5-d3e0c1c87ab9,38.65907,-106.865683
2021-08-02,-337,562425fe-9934-4f49-8ed5-d3e0c1c87ab9,38.65907,-106.865683
2021-08-03,3113,562425fe-9934-4f49-8ed5-d3e0c1c87ab9,38.65907,-106.865683
2021-08-04,-4004,562425fe-9934-4f49-8ed5-d3e0c1c87ab9,38.65907,-106.865683
2021-08-05,-4386,562425fe-9934-4f49-8ed5-d3e0c1c87ab9,38.65907,-106.865683
2021-08-06,2425,562425fe-9934-4f49-8ed5-d3e0c1c87ab9,38.65907,-106.865683
2021-08-07,-3303,562425fe-9934-4f49-8ed5-d3e0c1c87ab9,38.65907,-106.865683
2021-08-08,-2835,562425fe-9934-4f49-8ed5-d3e0c1c87ab9,38.65907,-106.865683
2021-08-09,-4310,562425fe-9934-4f49-8ed5-d3e0c1c87ab9,38.65907,-106.865683
2021-08-10,-3925,562425fe-9934-4f49-8ed5-d3e0c1c87ab9,38.65907,-106.865683
2021-08-11,-3985,562425fe-9934-4f49-8ed5-d3e0c1c87ab9,38.65907,-106.865683
2021-08-12,-1520,562425fe-9934-4f49-8ed5-d3e0c1c87ab9,38.65907,-106.865683
2021-08-13,-835,562425fe-9934-4f49-8ed5-d3e0c1c87ab9,38.65907,-106.865683
2021-08-14,-4559,562425fe-9934-4f49-8ed5-d3e0c1c87ab9,38.65907,-106.865683
2021-08-15,-1497,562425fe-9934-4f49-8ed5-d3e0c1c87ab9,38.65907,-106.865683
2021-08-16,-4462,562425fe-9934-4f49-8ed5-d3e0c1c87ab9,38.65907,-106.865683
2021-08-17,-3112,562425fe-9934-4f49-8ed5-d3e0c1c87ab9,38.65907,-106.865683
2021-08-18,-4137,562425fe-9934-4f49-8ed5-d3e0c1c87ab9,38.65907,-106.865683
2021-08-19,-451,562425fe-9934-4f49-8ed5-d3e0c1c87ab9,38.65907,-106.865683
2021-08-20,-4001,562425fe-9934-4f49-8ed5-d3e0c1c87ab9,38.65907,-106.865683
2021-08-21,-4607,562425fe-9934-4f49-8ed5-d3e0c1c87ab9,38.65907,-106.865683
2021-08-22,-3731,562425fe-9934-4f49-8ed5-d3e0c1c87ab9,38.65907,-106.865683
2021-08-23,-4656,562425fe-9934-4f49-8ed5-d3e0c1c87ab9,38.65907,-106.865683
2021-08-24,-4407,562425fe-9934-4f49-8ed5-d3e0c1c87ab9,38.65907,-106.865683
2021-08-25,-4488,562425fe-9934-4f49-8ed5-d3e0c1c87ab9,38.65907,-106.865683
2021-08-26,2510,562425fe-9934-4f49-8ed5-d3e0c1c87ab9,38.65907,-106.865683
2021-08-27,-4317,562425fe-9934-4f49-8ed5-d3e0c1c87ab9,38.65907,-106.865683
2021-08-28,-4676,562425fe-9934-4f49-8ed5-d3e0c1c87ab9,38.65907,-106.865683
2021-08-29,-3284,562425fe-9934-4f49-8ed5-d3e0c1c87ab9,38.65907,-106.865683
2021-08-30,-4702,562425fe-9934-4f49-8ed5-d3e0c1c87ab9,38.65907,-106.865683
2021-08-31,-3271,562425fe-9934-4f49-8ed5-d3e0c1c87ab9,38.65907,-106.865683
2021-09-01,5643,562425fe-9934-4f49-8ed5-d3e0c1c87ab9,38.65907,-106.865683
2021-09-02,5326,562425fe-9934-4f49-8ed5-d3e0c1c87ab9,38.65907,-106.865683
2021-09-03,-4206,562425fe-9934-4f49-8ed5-d3e0c1c87ab9,38.65907,-106.865683
2021-09-04,-4503,562425fe-9934-4f49-8ed5-d3e0c1c87ab9,38.65907,-106.865683
2021-09-05,-4198,562425fe-9934-4f49-8ed5-d3e0c1c87ab9,38.65907,-106.865683
2021-09-06,-4636,562425fe-9934-4f49-8ed5-d3e0c1c87ab9,38.65907,-106.865683
2021-09-07,-3173,562425fe-9934-4f49-8ed5-d3e0c1c87ab9,38.65907,-106.865683
2021-09-08,-4268,562425fe-9934-4f49-8ed5-d3e0c1c87ab9,38.65907,-106.865683
2021-09-09,-4114,562425fe-9934-4f49-8ed5-d3e0c1c87ab9,38.65907,-106.865683
2021-09-10,-3846,562425fe-9934-4f49-8ed5-d3e0c1c87ab9,38.65907,-106.865683
2021-09-11,-4361,562425fe-9934-4f49-8ed5-d3e0c1c87ab9,38.65907,-106.865683
2021-09-12,-4230,562425fe-9934-4f49-8ed5-d3e0c1c87ab9,38.65907,-106.865683
2021-09-13,-4573,562425fe-9934-4f49-8ed5-d3e0c1c87ab9,38.65907,-106.865683
2021-09-14,1965,562425fe-9934-4f49-8ed5-d3e0c1c87ab9,38.65907,-106.865683
2021-09-15,-4716,562425fe-9934-4f49-8ed5-d3e0c1c87ab9,38.65907,-106.865683
2021-09-16,-2634,562425fe-9934-4f49-8ed5-d3e0c1c87ab9,38.65907,-106.865683
2021-09-17,-4527,562425fe-9934-4f49-8ed5-d3e0c1c87ab9,38.65907,-106.865683
2021-09-18,-3320,562425fe-9934-4f49-8ed5-d3e0c1c87ab9,38.65907,-106.865683
2021-09-19,-2800,562425fe-9934-4f49-8ed5-d3e0c1c87ab9,38.65907,-106.865683
2021-09-20,-2889,562425fe-9934-4f49-8ed5-d3e0c1c87ab9,38.65907,-106.865683
2021-09-21,-4260,562425fe-9934-4f49-8ed5-d3e0c1c87ab9,38.65907,-106.865683
2021-09-23,-3366,562425fe-9934-4f49-8ed5-d3e0c1c87ab9,38.65907,-106.865683
2021-09-24,-4646,562425fe-9934-4f49-8ed5-d3e0c1c87ab9,38.65907,-106.865683
2021-09-25,-4220,562425fe-9934-4f49-8ed5-d3e0c1c87ab9,38.65907,-106.865683
2021-09-26,-4413,562425fe-9934-4f49-8ed5-d3e0c1c87ab9,38.65907,-106.865683
2021-09-27,738,562425fe-9934-4f49-8ed5-d3e0c1c87ab9,38.65907,-106.865683
2021-09-28,-4084,562425fe-9934-4f49-8ed5-d3e0c1c87ab9,38.65907,-106.865683
2021-09-29,4401,562425fe-9934-4f49-8ed5-d3e0c1c87ab9,38.65907,-106.865683
2021-09-30,944,562425fe-9934-4f49-8ed5-d3e0c1c87ab9,38.65907,-106.865683
2021-10-01,-4305,562425fe-9934-4f49-8ed5-d3e0c1c87ab9,38.65907,-106.865683
2021-10-02,-1009,562425fe-9934-4f49-8ed5-d3e0c1c87ab9,38.65907,-106.865683
2021-10-03,-4540,562425fe-9934-4f49-8ed5-d3e0c1c87ab9,38.65907,-106.865683
2021-10-04,-4545,562425fe-9934-4f49-8ed5-d3e0c1c87ab9,38.65907,-106.865683
2021-10-05,-4331,562425fe-9934-4f49-8ed5-d3e0c1c87ab9,38.65907,-106.865683
2021-10-06,-3916,562425fe-9934-4f49-8ed5-d3e0c1c87ab9,38.65907,-106.865683
2021-10-07,-4155,562425fe-9934-4f49-8ed5-d3e0c1c87ab9,38.65907,-106.865683
2021-10-08,-1447,562425fe-9934-4f49-8ed5-d3e0c1c87ab9,38.65907,-106.865683
2021-10-09,-1731,562425fe-9934-4f49-8ed5-d3e0c1c87ab9,38.65907,-106.865683
2021-10-10,-3222,562425fe-9934-4f49-8ed5-d3e0c1c87ab9,38.65907,-106.865683
2021-10-11,-4513,562425fe-9934-4f49-8ed5-d3e0c1c87ab9,38.65907,-106.865683
2021-10-12,3443,562425fe-9934-4f49-8ed5-d3e0c1c87ab9,38.65907,-106.865683
2021-10-13,864,562425fe-9934-4f49-8ed5-d3e0c1c87ab9,38.65907,-106.865683
2021-10-14,715,562425fe-9934-4f49-8ed5-d3e0c1c87ab9,38.65907,-106.865683
2021-10-15,-4441,562425fe-9934-4f49-8ed5-d3e0c1c87ab9,38.65907,-106.865683
2021-10-16,-3514,562425fe-9934-4f49-8ed5-d3e0c1c87ab9,38.65907,-106.865683
2021-10-17,-4655,562425fe-9934-4f49-8ed5-d3e0c1c87ab9,38.65907,-106.865683
2021-10-18,-3968,562425fe-9934-4f49-8ed5-d3e0c1c87ab9,38.65907,-106.865683
2021-10-19,-4381,562425fe-9934-4f49-8ed5-d3e0c1c87ab9,38.65907,-106.865683
2021-10-20,-4659,562425fe-9934-4f49-8ed5-d3e0c1c87ab9,38.65907,-106.865683
2021-10-21,-3019,562425fe-9934-4f49-8ed5-d3e0c1c87ab9,38.65907,-106.865683
2021-10-22,-3927,562425fe-9934-4f49-8ed5-d3e0c1c87ab9,38.65907,-106.865683
2021-10-23,3328,562425fe-9934-4f49-8ed5-d3e0c1c87ab9,38.65907,-106.865683
2021-10-24,-4410,562425fe-9934-4f49-8ed5-d3e0c1c87ab9,38.65907,-106.865683
2021-10-25,-4130,562425fe-9934-4f49-8ed5-d3e0c1c87ab9,38.65907,-106.865683
2021-10-26,1939,562425fe-9934-4f49-8ed5-d3e0c1c87ab9,38.65907,-106.865683
2021-10-27,-3859,562425fe-9934-4f49-8ed5-d3e0c1c87ab9,38.65907,-106.865683
2021-10-28,-4446,562425fe-9934-4f49-8ed5-d3e0c1c87ab9,38.65907,-106.865683
2021-10-29,-4523,562425fe-9934-4f49-8ed5-d3e0c1c87ab9,38.65907,-106.865683
2021-10-30,-4097,562425fe-9934-4f49-8ed5-d3e0c1c87ab9,38.65907,-106.865683
2021-10-31,-1827,562425fe-9934-4f49-8ed5-d3e0c1c87ab9,38.65907,-106.865683
2021-11-01,-2652,562425fe-9934-4f49-8ed5-d3e0c1c87ab9,38.65907,-106.865683
2021-11-02,5025,562425fe-9934-4f49-8ed5-d3e0c1c87ab9,38.65907,-106.865683
2021-11-03,-3481,562425fe-9934-4f49-8ed5-d3e0c1c87ab9,38.65907,-106.865683
2021-11-04,-4485,562425fe-9934-4f49-8ed5-d3e0c1c87ab9,38.65907,-106.865683
2021-11-05,-4435,562425fe-9934-4f49-8ed5-d3e0c1c87ab9,38.65907,-106.865683
2021-11-06,-4287,562425fe-9934-4f49-8ed5-d3e0c1c87ab9,38.65907,-106.865683
2021-11-07,-4651,562425fe-9934-4f49-8ed5-d3e0c1c87ab9,38.65907,-106.865683
2021-11-08,-3179,562425fe-9934-4f49-8ed5-d3e0c1c87ab9,38.65907,-106.865683
2021-11-09,2225,562425fe-9934-4f49-8ed5-d3e0c1c87ab9,38.65907,-106.865683
2021-11-10,1684,562425fe-9934-4f49-8ed5-d3e0c1c87ab9,38.65907,-106.865683
2021-11-11,-857,562425fe-9934-4f49-8ed5-d3e0c1c87ab9,38.65907,-106.865683
2021-11-12,-4023,562425fe-9934-4f49-8ed5-d3e0c1c87ab9,38.65907,-106.865683
2021-11-13,-4251,562425fe-9934-4f49-8ed5-d3e0c1c87ab9,38.65907,-106.865683
2021-11-14,-2590,562425fe-9934-4f49-8ed5-d3e0c1c87ab9,38.65907,-106.865683
2021-11-15,-4119,562425fe-9934-4f49-8ed5-d3e0c1c87ab9,38.65907,-106.865683
2021-11-16,234,562425fe-9934-4f49-8ed5-d3e0c1c87ab9,38.65907,-106.865683
2021-11-17,-3665,562425fe-9934-4f49-8ed5-d3e0c1c87ab9,38.65907,-106.865683
2021-11-18,-4233,562425fe-9934-4f49-8ed5-d3e0c1c87ab9,38.65907,-106.865683
2021-11-19,-623,562425fe-9934-4f49-8ed5-d3e0c1c87ab9,38.65907,-106.865683
2021-11-20,-3523,562425fe-9934-4f49-8ed5-d3e0c1c87ab9,38.65907,-106.865683
2021-11-21,-4501,562425fe-9934-4f49-8ed5-d3e0c1c87ab9,38.65907,-106.865683
2021-11-22,-4167,562425fe-9934-4f49-8ed5-d3e0c1c87ab9,38.65907,-106.865683
2021-11-23,-2097,562425fe-9934-4f49-8ed5-d3e0c1c87ab9,38.65907,-106.865683
2021-11-24,1896,562425fe-9934-4f49-8ed5-d3e0c1c87ab9,38.65907,-106.865683
2021-11-25,-2407,562425fe-9934-4f49-8ed5-d3e0c1c87ab9,38.65907,-106.865683
2021-11-26,-2842,562425fe-9934-4f49-8ed5-d3e0c1c87ab9,38.65907,-106.865683
2021-11-27,-4494,562425fe-9934-4f49-8ed5-d3e0c1c87ab9,38.65907,-106.865683
2021-11-28,-3621,562425fe-9934-4f49-8ed5-d3e0c1c87ab9,38.65907,-106.865683
2021-11-29,-4342,562425fe-9934-4f49-8ed5-d3e0c1c87ab9,38.65907,-106.865683
2021-11-30,-4490,562425fe-9934-4f49-8ed5-d3e0c1c87ab9,38.65907,-106.865683
2021-12-01,-4017,562425fe-9934-4f49-8ed5-d3e0c1c87ab9,38.65907,-106.865683
2021-12-02,-4674,562425fe-9934-4f49-8ed5-d3e0c1c87ab9,38.65907,-106.865683
2021-12-03,-2858,562425fe-9934-4f49-8ed5-d3e0c1c87ab9,38.65907,-106.865683
2021-12-04,-4522,562425fe-9934-4f49-8ed5-d3e0c1c87ab9,38.65907,-106.865683
2021-12-05,-2853,562425fe-9934-4f49-8ed5-d3e0c1c87ab9,38.65907,-106.865683
2021-12-06,1555,562425fe-9934-4f49-8ed5-d3e0c1c87ab9,38.65907,-106.865683
2021-12-07,-120,562425fe-9934-4f49-8ed5-d3e0c1c87ab9,38.65907,-106.865683
2021-12-08,3333,562425fe-9934-4f49-8ed5-d3e0c1c87ab9,38.65907,-106.865683
2021-12-09,1581,562425fe-9934-4f49-8ed5-d3e0c1c87ab9,38.65907,-106.865683
2021-12-10,6057,562425fe-9934-4f49-8ed5-d3e0c1c87ab9,38.65907,-106.865683
2021-12-11,6939,562425fe-9934-4f49-8ed5-d3e0c1c87ab9,38.65907,-106.865683
2021-12-12,6785,562425fe-9934-4f49-8ed5-d3e0c1c87ab9,38.65907,-106.865683
2021-12-13,8485,562425fe-9934-4f49-8ed5-d3e0c1c87ab9,38.65907,-106.865683
2021-12-14,3240,562425fe-9934-4f49-8ed5-d3e0c1c87ab9,38.65907,-106.865683
2021-12-15,5225,562425fe-9934-4f49-8ed5-d3e0c1c87ab9,38.65907,-106.865683
2021-12-16,6834,562425fe-9934-4f49-8ed5-d3e0c1c87ab9,38.65907,-106.865683
2021-12-17,7407,562425fe-9934-4f49-8ed5-d3e0c1c87ab9,38.65907,-106.865683
2021-12-18,7564,562425fe-9934-4f49-8ed5-d3e0c1c87ab9,38.65907,-106.865683
2021-12-19,6184,562425fe-9934-4f49-8ed5-d3e0c1c87ab9,38.65907,-106.865683
2021-12-20,8031,562425fe-9934-4f49-8ed5-d3e0c1c87ab9,38.65907,-106.865683
2021-12-21,6793,562425fe-9934-4f49-8ed5-d3e0c1c87ab9,38.65907,-106.865683
2021-12-22,7679,562425fe-9934-4f49-8ed5-d3e0c1c87ab9,38.65907,-106.865683
2021-12-23,1530,562425fe-9934-4f49-8ed5-d3e0c1c87ab9,38.65907,-106.865683
2021-12-24,3747,562425fe-9934-4f49-8ed5-d3e0c1c87ab9,38.65907,-106.865683
2021-12-25,4694,562425fe-9934-4f49-8ed5-d3e0c1c87ab9,38.65907,-106.865683
2021-12-26,5636,562425fe-9934-4f49-8ed5-d3e0c1c87ab9,38.65907,-106.865683
2021-12-27,3996,562425fe-9934-4f49-8ed5-d3e0c1c87ab9,38.65907,-106.865683
2021-12-28,3800,562425fe-9934-4f49-8ed5-d3e0c1c87ab9,38.65907,-106.865683
2021-12-29,4573,562425fe-9934-4f49-8ed5-d3e0c1c87ab9,38.65907,-106.865683
2021-12-30,1806,562425fe-9934-4f49-8ed5-d3e0c1c87ab9,38.65907,-106.865683
