date,mod10a1_ndsi,cell_id,latitude,longitude
2020-01-01,1648,9e7189cd-30e4-4293-8813-41b76b4dc657,37.5849165,-107.9526445
2020-01-02,5396,9e7189cd-30e4-4293-8813-41b76b4dc657,37.5849165,-107.9526445
2020-01-03,6013,9e7189cd-30e4-4293-8813-41b76b4dc657,37.5849165,-107.9526445
2020-01-04,3252,9e7189cd-30e4-4293-8813-41b76b4dc657,37.5849165,-107.9526445
2020-01-05,6806,9e7189cd-30e4-4293-8813-41b76b4dc657,37.5849165,-107.9526445
2020-01-06,5316,9e7189cd-30e4-4293-8813-41b76b4dc657,37.5849165,-107.9526445
2020-01-07,7625,9e7189cd-30e4-4293-8813-41b76b4dc657,37.5849165,-107.9526445
2020-01-08,1676,9e7189cd-30e4-4293-8813-41b76b4dc657,37.5849165,-107.9526445
2020-01-09,3769,9e7189cd-30e4-4293-8813-41b76b4dc657,37.5849165,-107.9526445
2020-01-10,5224,9e7189cd-30e4-4293-8813-41b76b4dc657,37.5849165,-107.9526445
2020-01-11,4260,9e7189cd-30e4-4293-8813-41b76b4dc657,37.5849165,-107.9526445
2020-01-12,4136,9e7189cd-30e4-4293-8813-41b76b4dc657,37.5849165,-107.9526445
2020-01-13,336,9e7189cd-30e4-4293-8813-41b76b4dc657,37.5849165,-107.9526445
2020-01-14,6432,9e7189cd-30e4-4293-8813-41b76b4dc657,37.5849165,-107.9526445
2020-01-15,5358,9e7189cd-30e4-4293-8813-41b76b4dc657,37.5849165,-107.9526445
2020-01-16,4105,9e7189cd-30e4-4293-8813-41b76b4dc657,37.5849165,-107.9526445
2020-01-17,1369,9e7189cd-30e4-4293-8813-41b76b4dc657,37.5849165,-107.9526445
2020-01-18,4389,9e7189cd-30e4-4293-8813-41b76b4dc657,37.5849165,-107.9526445
2020-01-19,4547,9e7189cd-30e4-4293-8813-41b76b4dc657,37.5849165,-107.9526445
2020-01-20,3391,9e7189cd-30e4-4293-8813-41b76b4dc657,37.5849165,-107.9526445
2020-01-21,4805,9e7189cd-30e4-4293-8813-41b76b4dc657,37.5849165,-107.9526445
2020-01-22,4434,9e7189cd-30e4-4293-8813-41b76b4dc657,37.5849165,-107.9526445
2020-01-23,5911,9e7189cd-30e4-4293-8813-41b76b4dc657,37.5849165,-107.9526445
2020-01-24,5617,9e7189cd-30e4-4293-8813-41b76b4dc657,37.5849165,-107.9526445
2020-01-25,6113,9e7189cd-30e4-4293-8813-41b76b4dc657,37.5849165,-107.9526445
2020-01-26,6415,9e7189cd-30e4-4293-8813-41b76b4dc657,37.5849165,-107.9526445
2020-01-27,3745,9e7189cd-30e4-4293-8813-41b76b4dc657,37.5849165,-107.9526445
2020-01-28,5284,9e7189cd-30e4-4293-8813-41b76b4dc657,37.5849165,-107.9526445
2020-01-29,4932,9e7189cd-30e4-4293-8813-41b76b4dc657,37.5849165,-107.9526445
2020-01-30,5873,9e7189cd-30e4-4293-8813-41b76b4dc657,37.5849165,-107.9526445
2020-01-31,2029,9e7189cd-30e4-4293-8813-41b76b4dc657,37.5849165,-107.9526445
2020-02-01,2424,9e7189cd-30e4-4293-8813-41b76b4dc657,37.5849165,-107.9526445
2020-02-02,6348,9e7189cd-30e4-4293-8813-41b76b4dc657,37.5849165,-107.9526445
2020-02-03,2581,9e7189cd-30e4-4293-8813-41b76b4dc657,37.5849165,-107.9526445
2020-02-04,4168,9e7189cd-30e4-4293-8813-41b76b4dc657,37.5849165,-107.9526445
2020-02-05,4035,9e7189cd-30e4-4293-8813-41b76b4dc657,37.5849165,-107.9526445
2020-02-06,2897,9e7189cd-30e4-4293-8813-41b76b4dc657,37.5849165,-107.9526445
2020-02-07,2701,9e7189cd-30e4-4293-8813-41b76b4dc657,37.5849165,-107.9526445
2020-02-08,5703,9e7189cd-30e4-4293-8813-41b76b4dc657,37.5849165,-107.9526445
2020-02-09,418,9e7189cd-30e4-4293-8813-41b76b4dc657,37.5849165,-107.9526445
2020-02-10,3559,9e7189cd-30e4-4293-8813-41b76b4dc657,37.5849165,-107.9526445
2020-02-11,151,9e7189cd-30e4-4293-8813-41b76b4dc657,37.5849165,-107.9526445
2020-02-12,4129,9e7189cd-30e4-4293-8813-41b76b4dc657,37.5849165,-107.9526445
2020-02-13,5344,9e7189cd-30e4-4293-8813-41b76b4dc657,37.5849165,-107.9526445
2020-02-14,4077,9e7189cd-30e4-4293-8813-41b76b4dc657,37.5849165,-107.9526445
2020-02-15,5286,9e7189cd-30e4-4293-8813-41b76b4dc657,37.5849165,-107.9526445
2020-02-16,3636,9e7189cd-30e4-4293-8813-41b76b4dc657,37.5849165,-107.9526445
2020-02-17,4578,9e7189cd-30e4-4293-8813-41b76b4dc657,37.5849165,-107.9526445
2020-02-18,4780,9e7189cd-30e4-4293-8813-41b76b4dc657,37.5849165,-107.9526445
2020-02-19,1516,9e7189cd-30e4-4293-8813-41b76b4dc657,37.5849165,-107.9526445
2020-02-20,5106,9e7189cd-30e4-4293-8813-41b76b4dc657,37.5849165,-107.9526445
2020-02-21,3190,9e7189cd-30e4-4293-8813-41b76b4dc657,37.5849165,-107.9526445
2020-02-22,3410,9e7189cd-30e4-4293-8813-41b76b4dc657,37.5849165,-107.9526445
2020-02-23,4645,9e7189cd-30e4-4293-8813-41b76b4dc657,37.5849165,-107.9526445
2020-02-24,4384,9e7189cd-30e4-4293-8813-41b76b4dc657,37.5849165,-107.9526445
2020-02-25,1686,9e7189cd-30e4-4293-8813-41b76b4dc657,37.5849165,-107.9526445
2020-02-26,3490,9e7189cd-30e4-4293-8813-41b76b4dc657,37.5849165,-107.9526445
2020-02-27,4182,9e7189cd-30e4-4293-8813-41b76b4dc657,37.5849165,-107.9526445
2020-02-28,3110,9e7189cd-30e4-4293-8813-41b76b4dc657,37.5849165,-107.9526445
2020-02-29,3798,9e7189cd-30e4-4293-8813-41b76b4dc657,37.5849165,-107.9526445
2020-03-01,806,9e7189cd-30e4-4293-8813-41b76b4dc657,37.5849165,-107.9526445
2020-03-02,4371,9e7189cd-30e4-4293-8813-41b76b4dc657,37.5849165,-107.9526445
2020-03-03,3461,9e7189cd-30e4-4293-8813-41b76b4dc657,37.5849165,-107.9526445
2020-03-04,3826,9e7189cd-30e4-4293-8813-41b76b4dc657,37.5849165,-107.9526445
2020-03-05,2882,9e7189cd-30e4-4293-8813-41b76b4dc657,37.5849165,-107.9526445
2020-03-06,1219,9e7189cd-30e4-4293-8813-41b76b4dc657,37.5849165,-107.9526445
2020-03-07,1380,9e7189cd-30e4-4293-8813-41b76b4dc657,37.5849165,-107.9526445
2020-03-08,1993,9e7189cd-30e4-4293-8813-41b76b4dc657,37.5849165,-107.9526445
2020-03-09,1972,9e7189cd-30e4-4293-8813-41b76b4dc657,37.5849165,-107.9526445
2020-03-10,1882,9e7189cd-30e4-4293-8813-41b76b4dc657,37.5849165,-107.9526445
2020-03-11,4950,9e7189cd-30e4-4293-8813-41b76b4dc657,37.5849165,-107.9526445
2020-03-12,2308,9e7189cd-30e4-4293-8813-41b76b4dc657,37.5849165,-107.9526445
2020-03-13,1920,9e7189cd-30e4-4293-8813-41b76b4dc657,37.5849165,-107.9526445
2020-03-14,1185,9e7189cd-30e4-4293-8813-41b76b4dc657,37.5849165,-107.9526445
2020-03-15,4192,9e7189cd-30e4-4293-8813-41b76b4dc657,37.5849165,-107.9526445
2020-03-16,4944,9e7189cd-30e4-4293-8813-41b76b4dc657,37.5849165,-107.9526445
2020-03-17,3832,9e7189cd-30e4-4293-8813-41b76b4dc657,37.5849165,-107.9526445
2020-03-18,2847,9e7189cd-30e4-4293-8813-41b76b4dc657,37.5849165,-107.9526445
2020-03-19,3238,9e7189cd-30e4-4293-8813-41b76b4dc657,37.5849165,-107.9526445
2020-03-20,3823,9e7189cd-30e4-4293-8813-41b76b4dc657,37.5849165,-107.9526445
2020-03-21,3015,9e7189cd-30e4-4293-8813-41b76b4dc657,37.5849165,-107.9526445
2020-03-22,1739,9e7189cd-30e4-4293-8813-41b76b4dc657,37.5849165,-107.9526445
2020-03-23,2093,9e7189cd-30e4-4293-8813-41b76b4dc657,37.5849165,-107.9526445
2020-03-24,5524,9e7189cd-30e4-4293-8813-41b76b4dc657,37.5849165,-107.9526445
2020-03-25,2445,9e7189cd-30e4-4293-8813-41b76b4dc657,37.5849165,-107.9526445
2020-03-26,3560,9e7189cd-30e4-4293-8813-41b76b4dc657,37.5849165,-107.9526445
2020-03-27,2900,9e7189cd-30e4-4293-8813-41b76b4dc657,37.5849165,-107.9526445
2020-03-28,2600,9e7189cd-30e4-4293-8813-41b76b4dc657,37.5849165,-107.9526445
2020-03-29,4322,9e7189cd-30e4-4293-8813-41b76b4dc657,37.5849165,-107.9526445
2020-03-30,3382,9e7189cd-30e4-4293-8813-41b76b4dc657,37.5849165,-107.9526445
2020-03-31,1526,9e7189cd-30e4-4293-8813-41b76b4dc657,37.5849165,-107.9526445
2020-04-01,2721,9e7189cd-30e4-4293-8813-41b76b4dc657,37.5849165,-107.9526445
2020-04-02,1451,9e7189cd-30e4-4293-8813-41b76b4dc657,37.5849165,-107.9526445
2020-04-03,1544,9e7189cd-30e4-4293-8813-41b76b4dc657,37.5849165,-107.9526445
2020-04-04,365,9e7189cd-30e4-4293-8813-41b76b4dc657,37.5849165,-107.9526445
2020-04-05,520,9e7189cd-30e4-4293-8813-41b76b4dc657,37.5849165,-107.9526445
2020-04-06,-131,9e7189cd-30e4-4293-8813-41b76b4dc657,37.5849165,-107.9526445
2020-04-07,-389,9e7189cd-30e4-4293-8813-41b76b4dc657,37.5849165,-107.9526445
2020-04-08,722,9e7189cd-30e4-4293-8813-41b76b4dc657,37.5849165,-107.9526445
2020-04-09,-44,9e7189cd-30e4-4293-8813-41b76b4dc657,37.5849165,-107.9526445
2020-04-10,-49,9e7189cd-30e4-4293-8813-41b76b4dc657,37.5849165,-107.9526445
2020-04-11,-455,9e7189cd-30e4-4293-8813-41b76b4dc657,37.5849165,-107.9526445
2020-04-12,-36,9e7189cd-30e4-4293-8813-41b76b4dc657,37.5849165,-107.9526445
2020-04-13,1269,9e7189cd-30e4-4293-8813-41b76b4dc657,37.5849165,-107.9526445
2020-04-14,590,9e7189cd-30e4-4293-8813-41b76b4dc657,37.5849165,-107.9526445
2020-04-15,46,9e7189cd-30e4-4293-8813-41b76b4dc657,37.5849165,-107.9526445
2020-04-16,1098,9e7189cd-30e4-4293-8813-41b76b4dc657,37.5849165,-107.9526445
2020-04-17,-812,9e7189cd-30e4-4293-8813-41b76b4dc657,37.5849165,-107.9526445
2020-04-18,-122,9e7189cd-30e4-4293-8813-41b76b4dc657,37.5849165,-107.9526445
2020-04-19,6207,9e7189cd-30e4-4293-8813-41b76b4dc657,37.5849165,-107.9526445
2020-04-20,3934,9e7189cd-30e4-4293-8813-41b76b4dc657,37.5849165,-107.9526445
2020-04-21,-528,9e7189cd-30e4-4293-8813-41b76b4dc657,37.5849165,-107.9526445
2020-04-22,-385,9e7189cd-30e4-4293-8813-41b76b4dc657,37.5849165,-107.9526445
2020-04-23,-2249,9e7189cd-30e4-4293-8813-41b76b4dc657,37.5849165,-107.9526445
2020-04-24,-2056,9e7189cd-30e4-4293-8813-41b76b4dc657,37.5849165,-107.9526445
2020-04-25,-2705,9e7189cd-30e4-4293-8813-41b76b4dc657,37.5849165,-107.9526445
2020-04-26,483,9e7189cd-30e4-4293-8813-41b76b4dc657,37.5849165,-107.9526445
2020-04-27,-405,9e7189cd-30e4-4293-8813-41b76b4dc657,37.5849165,-107.9526445
2020-04-28,-1349,9e7189cd-30e4-4293-8813-41b76b4dc657,37.5849165,-107.9526445
2020-04-29,-2895,9e7189cd-30e4-4293-8813-41b76b4dc657,37.5849165,-107.9526445
2020-04-30,256,9e7189cd-30e4-4293-8813-41b76b4dc657,37.5849165,-107.9526445
2020-05-01,-2898,9e7189cd-30e4-4293-8813-41b76b4dc657,37.5849165,-107.9526445
2020-05-02,-2483,9e7189cd-30e4-4293-8813-41b76b4dc657,37.5849165,-107.9526445
2020-05-03,-2313,9e7189cd-30e4-4293-8813-41b76b4dc657,37.5849165,-107.9526445
2020-05-04,-2163,9e7189cd-30e4-4293-8813-41b76b4dc657,37.5849165,-107.9526445
2020-05-05,-4456,9e7189cd-30e4-4293-8813-41b76b4dc657,37.5849165,-107.9526445
2020-05-06,-1145,9e7189cd-30e4-4293-8813-41b76b4dc657,37.5849165,-107.9526445
2020-05-07,-4288,9e7189cd-30e4-4293-8813-41b76b4dc657,37.5849165,-107.9526445
2020-05-08,-3629,9e7189cd-30e4-4293-8813-41b76b4dc657,37.5849165,-107.9526445
2020-05-09,-4167,9e7189cd-30e4-4293-8813-41b76b4dc657,37.5849165,-107.9526445
2020-05-10,-531,9e7189cd-30e4-4293-8813-41b76b4dc657,37.5849165,-107.9526445
2020-05-11,681,9e7189cd-30e4-4293-8813-41b76b4dc657,37.5849165,-107.9526445
2020-05-12,-4441,9e7189cd-30e4-4293-8813-41b76b4dc657,37.5849165,-107.9526445
2020-05-13,-3307,9e7189cd-30e4-4293-8813-41b76b4dc657,37.5849165,-107.9526445
2020-05-14,-4664,9e7189cd-30e4-4293-8813-41b76b4dc657,37.5849165,-107.9526445
2020-05-15,549,9e7189cd-30e4-4293-8813-41b76b4dc657,37.5849165,-107.9526445
2020-05-16,-501,9e7189cd-30e4-4293-8813-41b76b4dc657,37.5849165,-107.9526445
2020-05-17,-1757,9e7189cd-30e4-4293-8813-41b76b4dc657,37.5849165,-107.9526445
2020-05-18,-3613,9e7189cd-30e4-4293-8813-41b76b4dc657,37.5849165,-107.9526445
2020-05-19,-3034,9e7189cd-30e4-4293-8813-41b76b4dc657,37.5849165,-107.9526445
2020-05-20,-3568,9e7189cd-30e4-4293-8813-41b76b4dc657,37.5849165,-107.9526445
2020-05-21,-4410,9e7189cd-30e4-4293-8813-41b76b4dc657,37.5849165,-107.9526445
2020-05-22,-2983,9e7189cd-30e4-4293-8813-41b76b4dc657,37.5849165,-107.9526445
2020-05-23,-3729,9e7189cd-30e4-4293-8813-41b76b4dc657,37.5849165,-107.9526445
2020-05-24,-3498,9e7189cd-30e4-4293-8813-41b76b4dc657,37.5849165,-107.9526445
2020-05-25,-4233,9e7189cd-30e4-4293-8813-41b76b4dc657,37.5849165,-107.9526445
2020-05-26,-3859,9e7189cd-30e4-4293-8813-41b76b4dc657,37.5849165,-107.9526445
2020-05-27,903,9e7189cd-30e4-4293-8813-41b76b4dc657,37.5849165,-107.9526445
2020-05-28,2591,9e7189cd-30e4-4293-8813-41b76b4dc657,37.5849165,-107.9526445
2020-05-29,-2973,9e7189cd-30e4-4293-8813-41b76b4dc657,37.5849165,-107.9526445
2020-05-31,1388,9e7189cd-30e4-4293-8813-41b76b4dc657,37.5849165,-107.9526445
2020-06-01,4002,9e7189cd-30e4-4293-8813-41b76b4dc657,37.5849165,-107.9526445
2020-06-02,-104,9e7189cd-30e4-4293-8813-41b76b4dc657,37.5849165,-107.9526445
2020-06-03,-2949,9e7189cd-30e4-4293-8813-41b76b4dc657,37.5849165,-107.9526445
2020-06-04,-363,9e7189cd-30e4-4293-8813-41b76b4dc657,37.5849165,-107.9526445
2020-06-05,585,9e7189cd-30e4-4293-8813-41b76b4dc657,37.5849165,-107.9526445
2020-06-06,-1040,9e7189cd-30e4-4293-8813-41b76b4dc657,37.5849165,-107.9526445
2020-06-07,-1055,9e7189cd-30e4-4293-8813-41b76b4dc657,37.5849165,-107.9526445
2020-06-08,-4116,9e7189cd-30e4-4293-8813-41b76b4dc657,37.5849165,-107.9526445
2020-06-09,-3366,9e7189cd-30e4-4293-8813-41b76b4dc657,37.5849165,-107.9526445
2020-06-10,-3899,9e7189cd-30e4-4293-8813-41b76b4dc657,37.5849165,-107.9526445
2020-06-11,-3764,9e7189cd-30e4-4293-8813-41b76b4dc657,37.5849165,-107.9526445
2020-06-12,-3302,9e7189cd-30e4-4293-8813-41b76b4dc657,37.5849165,-107.9526445
2020-06-13,630,9e7189cd-30e4-4293-8813-41b76b4dc657,37.5849165,-107.9526445
2020-06-14,-2747,9e7189cd-30e4-4293-8813-41b76b4dc657,37.5849165,-107.9526445
2020-06-15,-3918,9e7189cd-30e4-4293-8813-41b76b4dc657,37.5849165,-107.9526445
2020-06-16,-910,9e7189cd-30e4-4293-8813-41b76b4dc657,37.5849165,-107.9526445
2020-06-17,-4063,9e7189cd-30e4-4293-8813-41b76b4dc657,37.5849165,-107.9526445
2020-06-18,-3209,9e7189cd-30e4-4293-8813-41b76b4dc657,37.5849165,-107.9526445
2020-06-19,-3162,9e7189cd-30e4-4293-8813-41b76b4dc657,37.5849165,-107.9526445
2020-06-20,-4109,9e7189cd-30e4-4293-8813-41b76b4dc657,37.5849165,-107.9526445
2020-06-21,-874,9e7189cd-30e4-4293-8813-41b76b4dc657,37.5849165,-107.9526445
2020-06-22,46,9e7189cd-30e4-4293-8813-41b76b4dc657,37.5849165,-107.9526445
2020-06-23,-3348,9e7189cd-30e4-4293-8813-41b76b4dc657,37.5849165,-107.9526445
2020-06-24,-4608,9e7189cd-30e4-4293-8813-41b76b4dc657,37.5849165,-107.9526445
2020-06-25,2577,9e7189cd-30e4-4293-8813-41b76b4dc657,37.5849165,-107.9526445
2020-06-26,-2995,9e7189cd-30e4-4293-8813-41b76b4dc657,37.5849165,-107.9526445
2020-06-27,2645,9e7189cd-30e4-4293-8813-41b76b4dc657,37.5849165,-107.9526445
2020-06-28,-3151,9e7189cd-30e4-4293-8813-41b76b4dc657,37.5849165,-107.9526445
2020-06-29,-3090,9e7189cd-30e4-4293-8813-41b76b4dc657,37.5849165,-107.9526445
2020-06-30,-3311,9e7189cd-30e4-4293-8813-41b76b4dc657,37.5849165,-107.9526445
2020-07-01,-4335,9e7189cd-30e4-4293-8813-41b76b4dc657,37.5849165,-107.9526445
2020-07-02,-372,9e7189cd-30e4-4293-8813-41b76b4dc657,37.5849165,-107.9526445
2020-07-03,-2560,9e7189cd-30e4-4293-8813-41b76b4dc657,37.5849165,-107.9526445
2020-07-04,150,9e7189cd-30e4-4293-8813-41b76b4dc657,37.5849165,-107.9526445
2020-07-05,1543,9e7189cd-30e4-4293-8813-41b76b4dc657,37.5849165,-107.9526445
2020-07-06,628,9e7189cd-30e4-4293-8813-41b76b4dc657,37.5849165,-107.9526445
2020-07-07,197,9e7189cd-30e4-4293-8813-41b76b4dc657,37.5849165,-107.9526445
2020-07-08,-2535,9e7189cd-30e4-4293-8813-41b76b4dc657,37.5849165,-107.9526445
2020-07-09,-3372,9e7189cd-30e4-4293-8813-41b76b4dc657,37.5849165,-107.9526445
2020-07-10,-3691,9e7189cd-30e4-4293-8813-41b76b4dc657,37.5849165,-107.9526445
2020-07-11,-3349,9e7189cd-30e4-4293-8813-41b76b4dc657,37.5849165,-107.9526445
2020-07-12,-2281,9e7189cd-30e4-4293-8813-41b76b4dc657,37.5849165,-107.9526445
2020-07-13,-1645,9e7189cd-30e4-4293-8813-41b76b4dc657,37.5849165,-107.9526445
2020-07-14,654,9e7189cd-30e4-4293-8813-41b76b4dc657,37.5849165,-107.9526445
2020-07-15,-859,9e7189cd-30e4-4293-8813-41b76b4dc657,37.5849165,-107.9526445
2020-07-16,535,9e7189cd-30e4-4293-8813-41b76b4dc657,37.5849165,-107.9526445
2020-07-17,-630,9e7189cd-30e4-4293-8813-41b76b4dc657,37.5849165,-107.9526445
2020-07-18,-766,9e7189cd-30e4-4293-8813-41b76b4dc657,37.5849165,-107.9526445
2020-07-19,4387,9e7189cd-30e4-4293-8813-41b76b4dc657,37.5849165,-107.9526445
2020-07-20,4208,9e7189cd-30e4-4293-8813-41b76b4dc657,37.5849165,-107.9526445
2020-07-21,3996,9e7189cd-30e4-4293-8813-41b76b4dc657,37.5849165,-107.9526445
2020-07-22,3401,9e7189cd-30e4-4293-8813-41b76b4dc657,37.5849165,-107.9526445
2020-07-23,1761,9e7189cd-30e4-4293-8813-41b76b4dc657,37.5849165,-107.9526445
2020-07-24,10,9e7189cd-30e4-4293-8813-41b76b4dc657,37.5849165,-107.9526445
2020-07-25,2072,9e7189cd-30e4-4293-8813-41b76b4dc657,37.5849165,-107.9526445
2020-07-26,2386,9e7189cd-30e4-4293-8813-41b76b4dc657,37.5849165,-107.9526445
2020-07-27,-2458,9e7189cd-30e4-4293-8813-41b76b4dc657,37.5849165,-107.9526445
2020-07-28,-3315,9e7189cd-30e4-4293-8813-41b76b4dc657,37.5849165,-107.9526445
2020-07-29,3917,9e7189cd-30e4-4293-8813-41b76b4dc657,37.5849165,-107.9526445
2020-07-30,-3094,9e7189cd-30e4-4293-8813-41b76b4dc657,37.5849165,-107.9526445
2020-07-31,-3195,9e7189cd-30e4-4293-8813-41b76b4dc657,37.5849165,-107.9526445
2020-08-01,-964,9e7189cd-30e4-4293-8813-41b76b4dc657,37.5849165,-107.9526445
2020-08-02,-2962,9e7189cd-30e4-4293-8813-41b76b4dc657,37.5849165,-107.9526445
2020-08-03,-2713,9e7189cd-30e4-4293-8813-41b76b4dc657,37.5849165,-107.9526445
2020-08-04,-4042,9e7189cd-30e4-4293-8813-41b76b4dc657,37.5849165,-107.9526445
2020-08-05,-1454,9e7189cd-30e4-4293-8813-41b76b4dc657,37.5849165,-107.9526445
2020-08-06,-3804,9e7189cd-30e4-4293-8813-41b76b4dc657,37.5849165,-107.9526445
2020-08-07,-4226,9e7189cd-30e4-4293-8813-41b76b4dc657,37.5849165,-107.9526445
2020-08-08,-3040,9e7189cd-30e4-4293-8813-41b76b4dc657,37.5849165,-107.9526445
2020-08-09,-1101,9e7189cd-30e4-4293-8813-41b76b4dc657,37.5849165,-107.9526445
2020-08-10,-555,9e7189cd-30e4-4293-8813-41b76b4dc657,37.5849165,-107.9526445
2020-08-11,-4495,9e7189cd-30e4-4293-8813-41b76b4dc657,37.5849165,-107.9526445
2020-08-12,-3596,9e7189cd-30e4-4293-8813-41b76b4dc657,37.5849165,-107.9526445
2020-08-13,-3568,9e7189cd-30e4-4293-8813-41b76b4dc657,37.5849165,-107.9526445
2020-08-14,-379,9e7189cd-30e4-4293-8813-41b76b4dc657,37.5849165,-107.9526445
2020-08-15,-3437,9e7189cd-30e4-4293-8813-41b76b4dc657,37.5849165,-107.9526445
2020-08-16,-3594,9e7189cd-30e4-4293-8813-41b76b4dc657,37.5849165,-107.9526445
2020-08-17,-2804,9e7189cd-30e4-4293-8813-41b76b4dc657,37.5849165,-107.9526445
2020-08-18,-683,9e7189cd-30e4-4293-8813-41b76b4dc657,37.5849165,-107.9526445
2020-08-19,3331,9e7189cd-30e4-4293-8813-41b76b4dc657,37.5849165,-107.9526445
2020-08-20,297,9e7189cd-30e4-4293-8813-41b76b4dc657,37.5849165,-107.9526445
2020-08-21,-2897,9e7189cd-30e4-4293-8813-41b76b4dc657,37.5849165,-107.9526445
2020-08-22,-1253,9e7189cd-30e4-4293-8813-41b76b4dc657,37.5849165,-107.9526445
2020-08-23,-2343,9e7189cd-30e4-4293-8813-41b76b4dc657,37.5849165,-107.9526445
2020-08-24,-1118,9e7189cd-30e4-4293-8813-41b76b4dc657,37.5849165,-107.9526445
2020-08-25,3120,9e7189cd-30e4-4293-8813-41b76b4dc657,37.5849165,-107.9526445
2020-08-26,-1130,9e7189cd-30e4-4293-8813-41b76b4dc657,37.5849165,-107.9526445
2020-08-27,-4414,9e7189cd-30e4-4293-8813-41b76b4dc657,37.5849165,-107.9526445
2020-08-28,-1677,9e7189cd-30e4-4293-8813-41b76b4dc657,37.5849165,-107.9526445
2020-08-29,362,9e7189cd-30e4-4293-8813-41b76b4dc657,37.5849165,-107.9526445
2020-08-30,-2655,9e7189cd-30e4-4293-8813-41b76b4dc657,37.5849165,-107.9526445
2020-08-31,-1750,9e7189cd-30e4-4293-8813-41b76b4dc657,37.5849165,-107.9526445
2020-09-01,-3656,9e7189cd-30e4-4293-8813-41b76b4dc657,37.5849165,-107.9526445
2020-09-02,-3320,9e7189cd-30e4-4293-8813-41b76b4dc657,37.5849165,-107.9526445
2020-09-03,-4246,9e7189cd-30e4-4293-8813-41b76b4dc657,37.5849165,-107.9526445
2020-09-04,-3345,9e7189cd-30e4-4293-8813-41b76b4dc657,37.5849165,-107.9526445
2020-09-05,-4080,9e7189cd-30e4-4293-8813-41b76b4dc657,37.5849165,-107.9526445
2020-09-06,-3544,9e7189cd-30e4-4293-8813-41b76b4dc657,37.5849165,-107.9526445
2020-09-07,-1260,9e7189cd-30e4-4293-8813-41b76b4dc657,37.5849165,-107.9526445
2020-09-08,5278,9e7189cd-30e4-4293-8813-41b76b4dc657,37.5849165,-107.9526445
2020-09-09,603,9e7189cd-30e4-4293-8813-41b76b4dc657,37.5849165,-107.9526445
2020-09-10,2012,9e7189cd-30e4-4293-8813-41b76b4dc657,37.5849165,-107.9526445
2020-09-11,395,9e7189cd-30e4-4293-8813-41b76b4dc657,37.5849165,-107.9526445
2020-09-12,-2879,9e7189cd-30e4-4293-8813-41b76b4dc657,37.5849165,-107.9526445
2020-09-13,-2774,9e7189cd-30e4-4293-8813-41b76b4dc657,37.5849165,-107.9526445
2020-09-14,-1986,9e7189cd-30e4-4293-8813-41b76b4dc657,37.5849165,-107.9526445
2020-09-15,1920,9e7189cd-30e4-4293-8813-41b76b4dc657,37.5849165,-107.9526445
2020-09-16,-2455,9e7189cd-30e4-4293-8813-41b76b4dc657,37.5849165,-107.9526445
2020-09-17,-2946,9e7189cd-30e4-4293-8813-41b76b4dc657,37.5849165,-107.9526445
2020-09-18,-1298,9e7189cd-30e4-4293-8813-41b76b4dc657,37.5849165,-107.9526445
2020-09-19,-441,9e7189cd-30e4-4293-8813-41b76b4dc657,37.5849165,-107.9526445
2020-09-20,-2027,9e7189cd-30e4-4293-8813-41b76b4dc657,37.5849165,-107.9526445
2020-09-21,1011,9e7189cd-30e4-4293-8813-41b76b4dc657,37.5849165,-107.9526445
2020-09-22,2546,9e7189cd-30e4-4293-8813-41b76b4dc657,37.5849165,-107.9526445
2020-09-23,-3788,9e7189cd-30e4-4293-8813-41b76b4dc657,37.5849165,-107.9526445
2020-09-24,-3965,9e7189cd-30e4-4293-8813-41b76b4dc657,37.5849165,-107.9526445
2020-09-25,-3088,9e7189cd-30e4-4293-8813-41b76b4dc657,37.5849165,-107.9526445
2020-09-26,-2327,9e7189cd-30e4-4293-8813-41b76b4dc657,37.5849165,-107.9526445
2020-09-27,-2666,9e7189cd-30e4-4293-8813-41b76b4dc657,37.5849165,-107.9526445
2020-09-28,-3953,9e7189cd-30e4-4293-8813-41b76b4dc657,37.5849165,-107.9526445
2020-09-29,-3372,9e7189cd-30e4-4293-8813-41b76b4dc657,37.5849165,-107.9526445
2020-09-30,-4246,9e7189cd-30e4-4293-8813-41b76b4dc657,37.5849165,-107.9526445
2020-10-01,-3250,9e7189cd-30e4-4293-8813-41b76b4dc657,37.5849165,-107.9526445
2020-10-02,-913,9e7189cd-30e4-4293-8813-41b76b4dc657,37.5849165,-107.9526445
2020-10-03,-4285,9e7189cd-30e4-4293-8813-41b76b4dc657,37.5849165,-107.9526445
2020-10-04,-3022,9e7189cd-30e4-4293-8813-41b76b4dc657,37.5849165,-107.9526445
2020-10-05,-3570,9e7189cd-30e4-4293-8813-41b76b4dc657,37.5849165,-107.9526445
2020-10-06,-2375,9e7189cd-30e4-4293-8813-41b76b4dc657,37.5849165,-107.9526445
2020-10-07,-3907,9e7189cd-30e4-4293-8813-41b76b4dc657,37.5849165,-107.9526445
2020-10-08,-3368,9e7189cd-30e4-4293-8813-41b76b4dc657,37.5849165,-107.9526445
2020-10-09,-1316,9e7189cd-30e4-4293-8813-41b76b4dc657,37.5849165,-107.9526445
2020-10-10,-3809,9e7189cd-30e4-4293-8813-41b76b4dc657,37.5849165,-107.9526445
2020-10-11,-3203,9e7189cd-30e4-4293-8813-41b76b4dc657,37.5849165,-107.9526445
2020-10-12,-4837,9e7189cd-30e4-4293-8813-41b76b4dc657,37.5849165,-107.9526445
2020-10-13,-3227,9e7189cd-30e4-4293-8813-41b76b4dc657,37.5849165,-107.9526445
2020-10-14,-4586,9e7189cd-30e4-4293-8813-41b76b4dc657,37.5849165,-107.9526445
2020-10-15,-2279,9e7189cd-30e4-4293-8813-41b76b4dc657,37.5849165,-107.9526445
2020-10-16,-3702,9e7189cd-30e4-4293-8813-41b76b4dc657,37.5849165,-107.9526445
2020-10-17,-4095,9e7189cd-30e4-4293-8813-41b76b4dc657,37.5849165,-107.9526445
2020-10-18,-3894,9e7189cd-30e4-4293-8813-41b76b4dc657,37.5849165,-107.9526445
2020-10-19,-4166,9e7189cd-30e4-4293-8813-41b76b4dc657,37.5849165,-107.9526445
2020-10-20,-2568,9e7189cd-30e4-4293-8813-41b76b4dc657,37.5849165,-107.9526445
2020-10-21,-4831,9e7189cd-30e4-4293-8813-41b76b4dc657,37.5849165,-107.9526445
2020-10-22,-3086,9e7189cd-30e4-4293-8813-41b76b4dc657,37.5849165,-107.9526445
2020-10-23,-3855,9e7189cd-30e4-4293-8813-41b76b4dc657,37.5849165,-107.9526445
2020-10-24,-3562,9e7189cd-30e4-4293-8813-41b76b4dc657,37.5849165,-107.9526445
2020-10-25,2180,9e7189cd-30e4-4293-8813-41b76b4dc657,37.5849165,-107.9526445
2020-10-26,1262,9e7189cd-30e4-4293-8813-41b76b4dc657,37.5849165,-107.9526445
2020-10-27,-2968,9e7189cd-30e4-4293-8813-41b76b4dc657,37.5849165,-107.9526445
2020-10-28,-5088,9e7189cd-30e4-4293-8813-41b76b4dc657,37.5849165,-107.9526445
2020-10-29,-3139,9e7189cd-30e4-4293-8813-41b76b4dc657,37.5849165,-107.9526445
2020-10-30,-4634,9e7189cd-30e4-4293-8813-41b76b4dc657,37.5849165,-107.9526445
2020-10-31,-3790,9e7189cd-30e4-4293-8813-41b76b4dc657,37.5849165,-107.9526445
2020-11-01,-4122,9e7189cd-30e4-4293-8813-41b76b4dc657,37.5849165,-107.9526445
2020-11-02,-4005,9e7189cd-30e4-4293-8813-41b76b4dc657,37.5849165,-107.9526445
2020-11-03,-3419,9e7189cd-30e4-4293-8813-41b76b4dc657,37.5849165,-107.9526445
2020-11-04,-4406,9e7189cd-30e4-4293-8813-41b76b4dc657,37.5849165,-107.9526445
2020-11-05,-3433,9e7189cd-30e4-4293-8813-41b76b4dc657,37.5849165,-107.9526445
2020-11-06,272,9e7189cd-30e4-4293-8813-41b76b4dc657,37.5849165,-107.9526445
2020-11-07,1557,9e7189cd-30e4-4293-8813-41b76b4dc657,37.5849165,-107.9526445
2020-11-08,2953,9e7189cd-30e4-4293-8813-41b76b4dc657,37.5849165,-107.9526445
2020-11-09,1540,9e7189cd-30e4-4293-8813-41b76b4dc657,37.5849165,-107.9526445
2020-11-10,4657,9e7189cd-30e4-4293-8813-41b76b4dc657,37.5849165,-107.9526445
2020-11-11,5883,9e7189cd-30e4-4293-8813-41b76b4dc657,37.5849165,-107.9526445
2020-11-12,2654,9e7189cd-30e4-4293-8813-41b76b4dc657,37.5849165,-107.9526445
2020-11-13,3065,9e7189cd-30e4-4293-8813-41b76b4dc657,37.5849165,-107.9526445
2020-11-14,1757,9e7189cd-30e4-4293-8813-41b76b4dc657,37.5849165,-107.9526445
2020-11-15,1347,9e7189cd-30e4-4293-8813-41b76b4dc657,37.5849165,-107.9526445
2020-11-16,-401,9e7189cd-30e4-4293-8813-41b76b4dc657,37.5849165,-107.9526445
2020-11-17,-29,9e7189cd-30e4-4293-8813-41b76b4dc657,37.5849165,-107.9526445
2020-11-18,2058,9e7189cd-30e4-4293-8813-41b76b4dc657,37.5849165,-107.9526445
2020-11-19,-1609,9e7189cd-30e4-4293-8813-41b76b4dc657,37.5849165,-107.9526445
2020-11-20,-1147,9e7189cd-30e4-4293-8813-41b76b4dc657,37.5849165,-107.9526445
2020-11-21,-654,9e7189cd-30e4-4293-8813-41b76b4dc657,37.5849165,-107.9526445
2020-11-22,-2637,9e7189cd-30e4-4293-8813-41b76b4dc657,37.5849165,-107.9526445
2020-11-23,1455,9e7189cd-30e4-4293-8813-41b76b4dc657,37.5849165,-107.9526445
2020-11-24,3655,9e7189cd-30e4-4293-8813-41b76b4dc657,37.5849165,-107.9526445
2020-11-25,-2761,9e7189cd-30e4-4293-8813-41b76b4dc657,37.5849165,-107.9526445
2020-11-26,-1986,9e7189cd-30e4-4293-8813-41b76b4dc657,37.5849165,-107.9526445
2020-11-27,-559,9e7189cd-30e4-4293-8813-41b76b4dc657,37.5849165,-107.9526445
2020-11-28,-2296,9e7189cd-30e4-4293-8813-41b76b4dc657,37.5849165,-107.9526445
2020-11-29,-2454,9e7189cd-30e4-4293-8813-41b76b4dc657,37.5849165,-107.9526445
2020-11-30,-2228,9e7189cd-30e4-4293-8813-41b76b4dc657,37.5849165,-107.9526445
2020-12-01,-4088,9e7189cd-30e4-4293-8813-41b76b4dc657,37.5849165,-107.9526445
2020-12-02,-449,9e7189cd-30e4-4293-8813-41b76b4dc657,37.5849165,-107.9526445
2020-12-03,-3380,9e7189cd-30e4-4293-8813-41b76b4dc657,37.5849165,-107.9526445
2020-12-04,-3493,9e7189cd-30e4-4293-8813-41b76b4dc657,37.5849165,-107.9526445
2020-12-05,-2288,9e7189cd-30e4-4293-8813-41b76b4dc657,37.5849165,-107.9526445
2020-12-06,-3860,9e7189cd-30e4-4293-8813-41b76b4dc657,37.5849165,-107.9526445
2020-12-07,-2416,9e7189cd-30e4-4293-8813-41b76b4dc657,37.5849165,-107.9526445
2020-12-08,-3756,9e7189cd-30e4-4293-8813-41b76b4dc657,37.5849165,-107.9526445
2020-12-09,-2403,9e7189cd-30e4-4293-8813-41b76b4dc657,37.5849165,-107.9526445
2020-12-10,4140,9e7189cd-30e4-4293-8813-41b76b4dc657,37.5849165,-107.9526445
2020-12-11,2135,9e7189cd-30e4-4293-8813-41b76b4dc657,37.5849165,-107.9526445
2020-12-12,2083,9e7189cd-30e4-4293-8813-41b76b4dc657,37.5849165,-107.9526445
2020-12-13,5495,9e7189cd-30e4-4293-8813-41b76b4dc657,37.5849165,-107.9526445
2020-12-14,1853,9e7189cd-30e4-4293-8813-41b76b4dc657,37.5849165,-107.9526445
2020-12-15,5630,9e7189cd-30e4-4293-8813-41b76b4dc657,37.5849165,-107.9526445
2020-12-16,3836,9e7189cd-30e4-4293-8813-41b76b4dc657,37.5849165,-107.9526445
2020-12-17,3434,9e7189cd-30e4-4293-8813-41b76b4dc657,37.5849165,-107.9526445
2020-12-18,1721,9e7189cd-30e4-4293-8813-41b76b4dc657,37.5849165,-107.9526445
2020-12-19,5109,9e7189cd-30e4-4293-8813-41b76b4dc657,37.5849165,-107.9526445
2020-12-20,3756,9e7189cd-30e4-4293-8813-41b76b4dc657,37.5849165,-107.9526445
2020-12-21,2270,9e7189cd-30e4-4293-8813-41b76b4dc657,37.5849165,-107.9526445
2020-12-22,1452,9e7189cd-30e4-4293-8813-41b76b4dc657,37.5849165,-107.9526445
2020-12-23,2175,9e7189cd-30e4-4293-8813-41b76b4dc657,37.5849165,-107.9526445
2020-12-24,121,9e7189cd-30e4-4293-8813-41b76b4dc657,37.5849165,-107.9526445
2020-12-25,1204,9e7189cd-30e4-4293-8813-41b76b4dc657,37.5849165,-107.9526445
2020-12-26,240,9e7189cd-30e4-4293-8813-41b76b4dc657,37.5849165,-107.9526445
2020-12-27,3537,9e7189cd-30e4-4293-8813-41b76b4dc657,37.5849165,-107.9526445
2020-12-28,2465,9e7189cd-30e4-4293-8813-41b76b4dc657,37.5849165,-107.9526445
2020-12-29,4166,9e7189cd-30e4-4293-8813-41b76b4dc657,37.5849165,-107.9526445
2020-12-30,5501,9e7189cd-30e4-4293-8813-41b76b4dc657,37.5849165,-107.9526445
2020-12-31,1490,9e7189cd-30e4-4293-8813-41b76b4dc657,37.5849165,-107.9526445
2021-01-01,1105,9e7189cd-30e4-4293-8813-41b76b4dc657,37.5849165,-107.9526445
2021-01-02,5853,9e7189cd-30e4-4293-8813-41b76b4dc657,37.5849165,-107.9526445
2021-01-03,3017,9e7189cd-30e4-4293-8813-41b76b4dc657,37.5849165,-107.9526445
2021-01-04,5662,9e7189cd-30e4-4293-8813-41b76b4dc657,37.5849165,-107.9526445
2021-01-05,2637,9e7189cd-30e4-4293-8813-41b76b4dc657,37.5849165,-107.9526445
2021-01-06,3675,9e7189cd-30e4-4293-8813-41b76b4dc657,37.5849165,-107.9526445
2021-01-07,4087,9e7189cd-30e4-4293-8813-41b76b4dc657,37.5849165,-107.9526445
2021-01-08,2288,9e7189cd-30e4-4293-8813-41b76b4dc657,37.5849165,-107.9526445
2021-01-09,3006,9e7189cd-30e4-4293-8813-41b76b4dc657,37.5849165,-107.9526445
2021-01-10,1805,9e7189cd-30e4-4293-8813-41b76b4dc657,37.5849165,-107.9526445
2021-01-11,2095,9e7189cd-30e4-4293-8813-41b76b4dc657,37.5849165,-107.9526445
2021-01-12,1361,9e7189cd-30e4-4293-8813-41b76b4dc657,37.5849165,-107.9526445
2021-01-13,1231,9e7189cd-30e4-4293-8813-41b76b4dc657,37.5849165,-107.9526445
2021-01-14,1569,9e7189cd-30e4-4293-8813-41b76b4dc657,37.5849165,-107.9526445
2021-01-15,-153,9e7189cd-30e4-4293-8813-41b76b4dc657,37.5849165,-107.9526445
2021-01-16,568,9e7189cd-30e4-4293-8813-41b76b4dc657,37.5849165,-107.9526445
2021-01-17,423,9e7189cd-30e4-4293-8813-41b76b4dc657,37.5849165,-107.9526445
2021-01-18,383,9e7189cd-30e4-4293-8813-41b76b4dc657,37.5849165,-107.9526445
2021-01-19,2663,9e7189cd-30e4-4293-8813-41b76b4dc657,37.5849165,-107.9526445
2021-01-20,826,9e7189cd-30e4-4293-8813-41b76b4dc657,37.5849165,-107.9526445
2021-01-21,776,9e7189cd-30e4-4293-8813-41b76b4dc657,37.5849165,-107.9526445
2021-01-22,705,9e7189cd-30e4-4293-8813-41b76b4dc657,37.5849165,-107.9526445
2021-01-23,4059,9e7189cd-30e4-4293-8813-41b76b4dc657,37.5849165,-107.9526445
2021-01-24,2155,9e7189cd-30e4-4293-8813-41b76b4dc657,37.5849165,-107.9526445
2021-01-25,1446,9e7189cd-30e4-4293-8813-41b76b4dc657,37.5849165,-107.9526445
2021-01-26,2429,9e7189cd-30e4-4293-8813-41b76b4dc657,37.5849165,-107.9526445
2021-01-27,6474,9e7189cd-30e4-4293-8813-41b76b4dc657,37.5849165,-107.9526445
2021-01-28,3544,9e7189cd-30e4-4293-8813-41b76b4dc657,37.5849165,-107.9526445
2021-01-29,1279,9e7189cd-30e4-4293-8813-41b76b4dc657,37.5849165,-107.9526445
2021-01-30,5744,9e7189cd-30e4-4293-8813-41b76b4dc657,37.5849165,-107.9526445
2021-01-31,5733,9e7189cd-30e4-4293-8813-41b76b4dc657,37.5849165,-107.9526445
2021-02-01,5227,9e7189cd-30e4-4293-8813-41b76b4dc657,37.5849165,-107.9526445
2021-02-02,503,9e7189cd-30e4-4293-8813-41b76b4dc657,37.5849165,-107.9526445
2021-02-03,2606,9e7189cd-30e4-4293-8813-41b76b4dc657,37.5849165,-107.9526445
2021-02-04,4216,9e7189cd-30e4-4293-8813-41b76b4dc657,37.5849165,-107.9526445
2021-02-05,4975,9e7189cd-30e4-4293-8813-41b76b4dc657,37.5849165,-107.9526445
2021-02-06,4595,9e7189cd-30e4-4293-8813-41b76b4dc657,37.5849165,-107.9526445
2021-02-07,3557,9e7189cd-30e4-4293-8813-41b76b4dc657,37.5849165,-107.9526445
2021-02-08,4809,9e7189cd-30e4-4293-8813-41b76b4dc657,37.5849165,-107.9526445
2021-02-09,4049,9e7189cd-30e4-4293-8813-41b76b4dc657,37.5849165,-107.9526445
2021-02-10,1544,9e7189cd-30e4-4293-8813-41b76b4dc657,37.5849165,-107.9526445
2021-02-11,4842,9e7189cd-30e4-4293-8813-41b76b4dc657,37.5849165,-107.9526445
2021-02-12,1584,9e7189cd-30e4-4293-8813-41b76b4dc657,37.5849165,-107.9526445
2021-02-13,4290,9e7189cd-30e4-4293-8813-41b76b4dc657,37.5849165,-107.9526445
2021-02-14,4865,9e7189cd-30e4-4293-8813-41b76b4dc657,37.5849165,-107.9526445
2021-02-15,3532,9e7189cd-30e4-4293-8813-41b76b4dc657,37.5849165,-107.9526445
2021-02-16,5181,9e7189cd-30e4-4293-8813-41b76b4dc657,37.5849165,-107.9526445
2021-02-17,3326,9e7189cd-30e4-4293-8813-41b76b4dc657,37.5849165,-107.9526445
2021-02-18,5043,9e7189cd-30e4-4293-8813-41b76b4dc657,37.5849165,-107.9526445
2021-02-19,6763,9e7189cd-30e4-4293-8813-41b76b4dc657,37.5849165,-107.9526445
2021-02-20,5999,9e7189cd-30e4-4293-8813-41b76b4dc657,37.5849165,-107.9526445
2021-02-21,5535,9e7189cd-30e4-4293-8813-41b76b4dc657,37.5849165,-107.9526445
2021-02-22,6166,9e7189cd-30e4-4293-8813-41b76b4dc657,37.5849165,-107.9526445
2021-02-23,4331,9e7189cd-30e4-4293-8813-41b76b4dc657,37.5849165,-107.9526445
2021-02-24,5015,9e7189cd-30e4-4293-8813-41b76b4dc657,37.5849165,-107.9526445
2021-02-25,3733,9e7189cd-30e4-4293-8813-41b76b4dc657,37.5849165,-107.9526445
2021-02-26,3953,9e7189cd-30e4-4293-8813-41b76b4dc657,37.5849165,-107.9526445
2021-02-27,1704,9e7189cd-30e4-4293-8813-41b76b4dc657,37.5849165,-107.9526445
2021-02-28,3134,9e7189cd-30e4-4293-8813-41b76b4dc657,37.5849165,-107.9526445
2021-03-01,2910,9e7189cd-30e4-4293-8813-41b76b4dc657,37.5849165,-107.9526445
2021-03-02,2771,9e7189cd-30e4-4293-8813-41b76b4dc657,37.5849165,-107.9526445
2021-03-03,3715,9e7189cd-30e4-4293-8813-41b76b4dc657,37.5849165,-107.9526445
2021-03-04,3543,9e7189cd-30e4-4293-8813-41b76b4dc657,37.5849165,-107.9526445
2021-03-05,5075,9e7189cd-30e4-4293-8813-41b76b4dc657,37.5849165,-107.9526445
2021-03-06,1053,9e7189cd-30e4-4293-8813-41b76b4dc657,37.5849165,-107.9526445
2021-03-07,3362,9e7189cd-30e4-4293-8813-41b76b4dc657,37.5849165,-107.9526445
2021-03-08,545,9e7189cd-30e4-4293-8813-41b76b4dc657,37.5849165,-107.9526445
2021-03-09,1838,9e7189cd-30e4-4293-8813-41b76b4dc657,37.5849165,-107.9526445
2021-03-10,2470,9e7189cd-30e4-4293-8813-41b76b4dc657,37.5849165,-107.9526445
2021-03-11,1778,9e7189cd-30e4-4293-8813-41b76b4dc657,37.5849165,-107.9526445
2021-03-12,2000,9e7189cd-30e4-4293-8813-41b76b4dc657,37.5849165,-107.9526445
2021-03-13,2775,9e7189cd-30e4-4293-8813-41b76b4dc657,37.5849165,-107.9526445
2021-03-14,3883,9e7189cd-30e4-4293-8813-41b76b4dc657,37.5849165,-107.9526445
2021-03-15,502,9e7189cd-30e4-4293-8813-41b76b4dc657,37.5849165,-107.9526445
2021-03-16,4390,9e7189cd-30e4-4293-8813-41b76b4dc657,37.5849165,-107.9526445
2021-03-17,1246,9e7189cd-30e4-4293-8813-41b76b4dc657,37.5849165,-107.9526445
2021-03-18,1570,9e7189cd-30e4-4293-8813-41b76b4dc657,37.5849165,-107.9526445
2021-03-19,2446,9e7189cd-30e4-4293-8813-41b76b4dc657,37.5849165,-107.9526445
2021-03-20,1744,9e7189cd-30e4-4293-8813-41b76b4dc657,37.5849165,-107.9526445
2021-03-21,4742,9e7189cd-30e4-4293-8813-41b76b4dc657,37.5849165,-107.9526445
2021-03-22,3655,9e7189cd-30e4-4293-8813-41b76b4dc657,37.5849165,-107.9526445
2021-03-23,3797,9e7189cd-30e4-4293-8813-41b76b4dc657,37.5849165,-107.9526445
2021-03-24,5042,9e7189cd-30e4-4293-8813-41b76b4dc657,37.5849165,-107.9526445
2021-03-25,4124,9e7189cd-30e4-4293-8813-41b76b4dc657,37.5849165,-107.9526445
2021-03-26,4729,9e7189cd-30e4-4293-8813-41b76b4dc657,37.5849165,-107.9526445
2021-03-27,5783,9e7189cd-30e4-4293-8813-41b76b4dc657,37.5849165,-107.9526445
2021-03-28,6088,9e7189cd-30e4-4293-8813-41b76b4dc657,37.5849165,-107.9526445
2021-03-29,1854,9e7189cd-30e4-4293-8813-41b76b4dc657,37.5849165,-107.9526445
2021-03-30,1189,9e7189cd-30e4-4293-8813-41b76b4dc657,37.5849165,-107.9526445
2021-03-31,1067,9e7189cd-30e4-4293-8813-41b76b4dc657,37.5849165,-107.9526445
2021-04-01,3033,9e7189cd-30e4-4293-8813-41b76b4dc657,37.5849165,-107.9526445
2021-04-02,-213,9e7189cd-30e4-4293-8813-41b76b4dc657,37.5849165,-107.9526445
2021-04-03,610,9e7189cd-30e4-4293-8813-41b76b4dc657,37.5849165,-107.9526445
2021-04-04,2274,9e7189cd-30e4-4293-8813-41b76b4dc657,37.5849165,-107.9526445
2021-04-05,3105,9e7189cd-30e4-4293-8813-41b76b4dc657,37.5849165,-107.9526445
2021-04-06,-887,9e7189cd-30e4-4293-8813-41b76b4dc657,37.5849165,-107.9526445
2021-04-07,-387,9e7189cd-30e4-4293-8813-41b76b4dc657,37.5849165,-107.9526445
2021-04-08,-2363,9e7189cd-30e4-4293-8813-41b76b4dc657,37.5849165,-107.9526445
2021-04-09,-1732,9e7189cd-30e4-4293-8813-41b76b4dc657,37.5849165,-107.9526445
2021-04-10,-2206,9e7189cd-30e4-4293-8813-41b76b4dc657,37.5849165,-107.9526445
2021-04-11,-2078,9e7189cd-30e4-4293-8813-41b76b4dc657,37.5849165,-107.9526445
2021-04-12,-891,9e7189cd-30e4-4293-8813-41b76b4dc657,37.5849165,-107.9526445
2021-04-13,3134,9e7189cd-30e4-4293-8813-41b76b4dc657,37.5849165,-107.9526445
2021-04-14,-1672,9e7189cd-30e4-4293-8813-41b76b4dc657,37.5849165,-107.9526445
2021-04-15,1341,9e7189cd-30e4-4293-8813-41b76b4dc657,37.5849165,-107.9526445
2021-04-16,305,9e7189cd-30e4-4293-8813-41b76b4dc657,37.5849165,-107.9526445
2021-04-17,3911,9e7189cd-30e4-4293-8813-41b76b4dc657,37.5849165,-107.9526445
2021-04-18,1444,9e7189cd-30e4-4293-8813-41b76b4dc657,37.5849165,-107.9526445
2021-04-19,-1790,9e7189cd-30e4-4293-8813-41b76b4dc657,37.5849165,-107.9526445
2021-04-20,-3086,9e7189cd-30e4-4293-8813-41b76b4dc657,37.5849165,-107.9526445
2021-04-21,1797,9e7189cd-30e4-4293-8813-41b76b4dc657,37.5849165,-107.9526445
2021-04-22,880,9e7189cd-30e4-4293-8813-41b76b4dc657,37.5849165,-107.9526445
2021-04-23,3107,9e7189cd-30e4-4293-8813-41b76b4dc657,37.5849165,-107.9526445
2021-04-24,-2424,9e7189cd-30e4-4293-8813-41b76b4dc657,37.5849165,-107.9526445
2021-04-25,-2324,9e7189cd-30e4-4293-8813-41b76b4dc657,37.5849165,-107.9526445
2021-04-26,589,9e7189cd-30e4-4293-8813-41b76b4dc657,37.5849165,-107.9526445
2021-04-27,3595,9e7189cd-30e4-4293-8813-41b76b4dc657,37.5849165,-107.9526445
2021-04-28,-2559,9e7189cd-30e4-4293-8813-41b76b4dc657,37.5849165,-107.9526445
2021-04-29,-4115,9e7189cd-30e4-4293-8813-41b76b4dc657,37.5849165,-107.9526445
2021-04-30,-2735,9e7189cd-30e4-4293-8813-41b76b4dc657,37.5849165,-107.9526445
2021-05-01,-519,9e7189cd-30e4-4293-8813-41b76b4dc657,37.5849165,-107.9526445
2021-05-02,-157,9e7189cd-30e4-4293-8813-41b76b4dc657,37.5849165,-107.9526445
2021-05-03,5707,9e7189cd-30e4-4293-8813-41b76b4dc657,37.5849165,-107.9526445
2021-05-04,-1116,9e7189cd-30e4-4293-8813-41b76b4dc657,37.5849165,-107.9526445
2021-05-05,-3826,9e7189cd-30e4-4293-8813-41b76b4dc657,37.5849165,-107.9526445
2021-05-06,-4343,9e7189cd-30e4-4293-8813-41b76b4dc657,37.5849165,-107.9526445
2021-05-07,-854,9e7189cd-30e4-4293-8813-41b76b4dc657,37.5849165,-107.9526445
2021-05-08,3027,9e7189cd-30e4-4293-8813-41b76b4dc657,37.5849165,-107.9526445
2021-05-09,822,9e7189cd-30e4-4293-8813-41b76b4dc657,37.5849165,-107.9526445
2021-05-10,3360,9e7189cd-30e4-4293-8813-41b76b4dc657,37.5849165,-107.9526445
2021-05-11,-3691,9e7189cd-30e4-4293-8813-41b76b4dc657,37.5849165,-107.9526445
2021-05-12,-4183,9e7189cd-30e4-4293-8813-41b76b4dc657,37.5849165,-107.9526445
2021-05-13,-3870,9e7189cd-30e4-4293-8813-41b76b4dc657,37.5849165,-107.9526445
2021-05-14,1992,9e7189cd-30e4-4293-8813-41b76b4dc657,37.5849165,-107.9526445
2021-05-15,-469,9e7189cd-30e4-4293-8813-41b76b4dc657,37.5849165,-107.9526445
2021-05-16,-3248,9e7189cd-30e4-4293-8813-41b76b4dc657,37.5849165,-107.9526445
2021-05-17,-1342,9e7189cd-30e4-4293-8813-41b76b4dc657,37.5849165,-107.9526445
2021-05-18,1869,9e7189cd-30e4-4293-8813-41b76b4dc657,37.5849165,-107.9526445
2021-05-19,-4170,9e7189cd-30e4-4293-8813-41b76b4dc657,37.5849165,-107.9526445
2021-05-20,-171,9e7189cd-30e4-4293-8813-41b76b4dc657,37.5849165,-107.9526445
2021-05-21,5059,9e7189cd-30e4-4293-8813-41b76b4dc657,37.5849165,-107.9526445
2021-05-22,4799,9e7189cd-30e4-4293-8813-41b76b4dc657,37.5849165,-107.9526445
2021-05-23,-3448,9e7189cd-30e4-4293-8813-41b76b4dc657,37.5849165,-107.9526445
2021-05-24,-4461,9e7189cd-30e4-4293-8813-41b76b4dc657,37.5849165,-107.9526445
2021-05-25,-3393,9e7189cd-30e4-4293-8813-41b76b4dc657,37.5849165,-107.9526445
2021-05-26,2525,9e7189cd-30e4-4293-8813-41b76b4dc657,37.5849165,-107.9526445
2021-05-27,1078,9e7189cd-30e4-4293-8813-41b76b4dc657,37.5849165,-107.9526445
2021-05-29,308,9e7189cd-30e4-4293-8813-41b76b4dc657,37.5849165,-107.9526445
2021-05-30,-317,9e7189cd-30e4-4293-8813-41b76b4dc657,37.5849165,-107.9526445
2021-06-01,-2139,9e7189cd-30e4-4293-8813-41b76b4dc657,37.5849165,-107.9526445
2021-06-02,349,9e7189cd-30e4-4293-8813-41b76b4dc657,37.5849165,-107.9526445
2021-06-03,3048,9e7189cd-30e4-4293-8813-41b76b4dc657,37.5849165,-107.9526445
2021-06-04,-4207,9e7189cd-30e4-4293-8813-41b76b4dc657,37.5849165,-107.9526445
2021-06-05,4011,9e7189cd-30e4-4293-8813-41b76b4dc657,37.5849165,-107.9526445
2021-06-06,-628,9e7189cd-30e4-4293-8813-41b76b4dc657,37.5849165,-107.9526445
2021-06-07,-4163,9e7189cd-30e4-4293-8813-41b76b4dc657,37.5849165,-107.9526445
2021-06-08,-3237,9e7189cd-30e4-4293-8813-41b76b4dc657,37.5849165,-107.9526445
2021-06-09,-4387,9e7189cd-30e4-4293-8813-41b76b4dc657,37.5849165,-107.9526445
2021-06-10,-1961,9e7189cd-30e4-4293-8813-41b76b4dc657,37.5849165,-107.9526445
2021-06-11,-4021,9e7189cd-30e4-4293-8813-41b76b4dc657,37.5849165,-107.9526445
2021-06-12,-3444,9e7189cd-30e4-4293-8813-41b76b4dc657,37.5849165,-107.9526445
2021-06-13,-3658,9e7189cd-30e4-4293-8813-41b76b4dc657,37.5849165,-107.9526445
2021-06-14,-3154,9e7189cd-30e4-4293-8813-41b76b4dc657,37.5849165,-107.9526445
2021-06-15,-2808,9e7189cd-30e4-4293-8813-41b76b4dc657,37.5849165,-107.9526445
2021-06-16,-698,9e7189cd-30e4-4293-8813-41b76b4dc657,37.5849165,-107.9526445
2021-06-17,-1246,9e7189cd-30e4-4293-8813-41b76b4dc657,37.5849165,-107.9526445
2021-06-18,2218,9e7189cd-30e4-4293-8813-41b76b4dc657,37.5849165,-107.9526445
2021-06-19,-407,9e7189cd-30e4-4293-8813-41b76b4dc657,37.5849165,-107.9526445
2021-06-20,1731,9e7189cd-30e4-4293-8813-41b76b4dc657,37.5849165,-107.9526445
2021-06-21,-1306,9e7189cd-30e4-4293-8813-41b76b4dc657,37.5849165,-107.9526445
2021-06-22,-3048,9e7189cd-30e4-4293-8813-41b76b4dc657,37.5849165,-107.9526445
2021-06-23,3664,9e7189cd-30e4-4293-8813-41b76b4dc657,37.5849165,-107.9526445
2021-06-24,2093,9e7189cd-30e4-4293-8813-41b76b4dc657,37.5849165,-107.9526445
2021-06-25,-712,9e7189cd-30e4-4293-8813-41b76b4dc657,37.5849165,-107.9526445
2021-06-26,1139,9e7189cd-30e4-4293-8813-41b76b4dc657,37.5849165,-107.9526445
2021-06-27,1021,9e7189cd-30e4-4293-8813-41b76b4dc657,37.5849165,-107.9526445
2021-06-28,2073,9e7189cd-30e4-4293-8813-41b76b4dc657,37.5849165,-107.9526445
2021-06-29,-2663,9e7189cd-30e4-4293-8813-41b76b4dc657,37.5849165,-107.9526445
2021-06-30,1959,9e7189cd-30e4-4293-8813-41b76b4dc657,37.5849165,-107.9526445
2021-07-01,-1276,9e7189cd-30e4-4293-8813-41b76b4dc657,37.5849165,-107.9526445
2021-07-02,-3243,9e7189cd-30e4-4293-8813-41b76b4dc657,37.5849165,-107.9526445
2021-07-03,1390,9e7189cd-30e4-4293-8813-41b76b4dc657,37.5849165,-107.9526445
2021-07-04,-3303,9e7189cd-30e4-4293-8813-41b76b4dc657,37.5849165,-107.9526445
2021-07-05,2284,9e7189cd-30e4-4293-8813-41b76b4dc657,37.5849165,-107.9526445
2021-07-06,2003,9e7189cd-30e4-4293-8813-41b76b4dc657,37.5849165,-107.9526445
2021-07-07,-2759,9e7189cd-30e4-4293-8813-41b76b4dc657,37.5849165,-107.9526445
2021-07-08,-3317,9e7189cd-30e4-4293-8813-41b76b4dc657,37.5849165,-107.9526445
2021-07-09,1140,9e7189cd-30e4-4293-8813-41b76b4dc657,37.5849165,-107.9526445
2021-07-10,-3229,9e7189cd-30e4-4293-8813-41b76b4dc657,37.5849165,-107.9526445
2021-07-11,-3395,9e7189cd-30e4-4293-8813-41b76b4dc657,37.5849165,-107.9526445
2021-07-12,-33,9e7189cd-30e4-4293-8813-41b76b4dc657,37.5849165,-107.9526445
2021-07-13,-3117,9e7189cd-30e4-4293-8813-41b76b4dc657,37.5849165,-107.9526445
2021-07-14,1567,9e7189cd-30e4-4293-8813-41b76b4dc657,37.5849165,-107.9526445
2021-07-15,-557,9e7189cd-30e4-4293-8813-41b76b4dc657,37.5849165,-107.9526445
2021-07-16,-279,9e7189cd-30e4-4293-8813-41b76b4dc657,37.5849165,-107.9526445
2021-07-17,-3107,9e7189cd-30e4-4293-8813-41b76b4dc657,37.5849165,-107.9526445
2021-07-18,2512,9e7189cd-30e4-4293-8813-41b76b4dc657,37.5849165,-107.9526445
2021-07-19,-2815,9e7189cd-30e4-4293-8813-41b76b4dc657,37.5849165,-107.9526445
2021-07-20,4011,9e7189cd-30e4-4293-8813-41b76b4dc657,37.5849165,-107.9526445
2021-07-21,4834,9e7189cd-30e4-4293-8813-41b76b4dc657,37.5849165,-107.9526445
2021-07-22,1648,9e7189cd-30e4-4293-8813-41b76b4dc657,37.5849165,-107.9526445
2021-07-23,4955,9e7189cd-30e4-4293-8813-41b76b4dc657,37.5849165,-107.9526445
2021-07-24,2328,9e7189cd-30e4-4293-8813-41b76b4dc657,37.5849165,-107.9526445
2021-07-25,-3243,9e7189cd-30e4-4293-8813-41b76b4dc657,37.5849165,-107.9526445
2021-07-26,-2617,9e7189cd-30e4-4293-8813-41b76b4dc657,37.5849165,-107.9526445
2021-07-27,1413,9e7189cd-30e4-4293-8813-41b76b4dc657,37.5849165,-107.9526445
2021-07-28,-447,9e7189cd-30e4-4293-8813-41b76b4dc657,37.5849165,-107.9526445
2021-07-29,-3764,9e7189cd-30e4-4293-8813-41b76b4dc657,37.5849165,-107.9526445
2021-07-30,-2732,9e7189cd-30e4-4293-8813-41b76b4dc657,37.5849165,-107.9526445
2021-07-31,2046,9e7189cd-30e4-4293-8813-41b76b4dc657,37.5849165,-107.9526445
2021-08-01,3670,9e7189cd-30e4-4293-8813-41b76b4dc657,37.5849165,-107.9526445
2021-08-02,-1355,9e7189cd-30e4-4293-8813-41b76b4dc657,37.5849165,-107.9526445
2021-08-03,689,9e7189cd-30e4-4293-8813-41b76b4dc657,37.5849165,-107.9526445
2021-08-04,-2621,9e7189cd-30e4-4293-8813-41b76b4dc657,37.5849165,-107.9526445
2021-08-05,-3512,9e7189cd-30e4-4293-8813-41b76b4dc657,37.5849165,-107.9526445
2021-08-06,-698,9e7189cd-30e4-4293-8813-41b76b4dc657,37.5849165,-107.9526445
2021-08-07,-1410,9e7189cd-30e4-4293-8813-41b76b4dc657,37.5849165,-107.9526445
2021-08-08,-2531,9e7189cd-30e4-4293-8813-41b76b4dc657,37.5849165,-107.9526445
2021-08-09,-3854,9e7189cd-30e4-4293-8813-41b76b4dc657,37.5849165,-107.9526445
2021-08-10,-732,9e7189cd-30e4-4293-8813-41b76b4dc657,37.5849165,-107.9526445
2021-08-11,-1085,9e7189cd-30e4-4293-8813-41b76b4dc657,37.5849165,-107.9526445
2021-08-12,-3302,9e7189cd-30e4-4293-8813-41b76b4dc657,37.5849165,-107.9526445
2021-08-13,2172,9e7189cd-30e4-4293-8813-41b76b4dc657,37.5849165,-107.9526445
2021-08-14,-3073,9e7189cd-30e4-4293-8813-41b76b4dc657,37.5849165,-107.9526445
2021-08-15,-1767,9e7189cd-30e4-4293-8813-41b76b4dc657,37.5849165,-107.9526445
2021-08-16,-1404,9e7189cd-30e4-4293-8813-41b76b4dc657,37.5849165,-107.9526445
2021-08-17,1242,9e7189cd-30e4-4293-8813-41b76b4dc657,37.5849165,-107.9526445
2021-08-18,-1227,9e7189cd-30e4-4293-8813-41b76b4dc657,37.5849165,-107.9526445
2021-08-19,-851,9e7189cd-30e4-4293-8813-41b76b4dc657,37.5849165,-107.9526445
2021-08-20,-2454,9e7189cd-30e4-4293-8813-41b76b4dc657,37.5849165,-107.9526445
2021-08-21,2283,9e7189cd-30e4-4293-8813-41b76b4dc657,37.5849165,-107.9526445
2021-08-22,-3139,9e7189cd-30e4-4293-8813-41b76b4dc657,37.5849165,-107.9526445
2021-08-23,1188,9e7189cd-30e4-4293-8813-41b76b4dc657,37.5849165,-107.9526445
2021-08-24,-3812,9e7189cd-30e4-4293-8813-41b76b4dc657,37.5849165,-107.9526445
2021-08-25,-3579,9e7189cd-30e4-4293-8813-41b76b4dc657,37.5849165,-107.9526445
2021-08-26,3210,9e7189cd-30e4-4293-8813-41b76b4dc657,37.5849165,-107.9526445
2021-08-27,-2474,9e7189cd-30e4-4293-8813-41b76b4dc657,37.5849165,-107.9526445
2021-08-28,-2933,9e7189cd-30e4-4293-8813-41b76b4dc657,37.5849165,-107.9526445
2021-08-29,-1862,9e7189cd-30e4-4293-8813-41b76b4dc657,37.5849165,-107.9526445
2021-08-30,-1133,9e7189cd-30e4-4293-8813-41b76b4dc657,37.5849165,-107.9526445
2021-08-31,-20,9e7189cd-30e4-4293-8813-41b76b4dc657,37.5849165,-107.9526445
2021-09-01,4632,9e7189cd-30e4-4293-8813-41b76b4dc657,37.5849165,-107.9526445
2021-09-02,1934,9e7189cd-30e4-4293-8813-41b76b4dc657,37.5849165,-107.9526445
2021-09-03,3668,9e7189cd-30e4-4293-8813-41b76b4dc657,37.5849165,-107.9526445
2021-09-04,-2895,9e7189cd-30e4-4293-8813-41b76b4dc657,37.5849165,-107.9526445
2021-09-05,-3139,9e7189cd-30e4-4293-8813-41b76b4dc657,37.5849165,-107.9526445
2021-09-06,-4461,9e7189cd-30e4-4293-8813-41b76b4dc657,37.5849165,-107.9526445
2021-09-07,-2907,9e7189cd-30e4-4293-8813-41b76b4dc657,37.5849165,-107.9526445
2021-09-08,-3138,9e7189cd-30e4-4293-8813-41b76b4dc657,37.5849165,-107.9526445
2021-09-09,-3292,9e7189cd-30e4-4293-8813-41b76b4dc657,37.5849165,-107.9526445
2021-09-10,-3790,9e7189cd-30e4-4293-8813-41b76b4dc657,37.5849165,-107.9526445
2021-09-11,552,9e7189cd-30e4-4293-8813-41b76b4dc657,37.5849165,-107.9526445
2021-09-12,446,9e7189cd-30e4-4293-8813-41b76b4dc657,37.5849165,-107.9526445
2021-09-13,-1722,9e7189cd-30e4-4293-8813-41b76b4dc657,37.5849165,-107.9526445
2021-09-14,-2905,9e7189cd-30e4-4293-8813-41b76b4dc657,37.5849165,-107.9526445
2021-09-15,-3862,9e7189cd-30e4-4293-8813-41b76b4dc657,37.5849165,-107.9526445
2021-09-16,-981,9e7189cd-30e4-4293-8813-41b76b4dc657,37.5849165,-107.9526445
2021-09-17,-3731,9e7189cd-30e4-4293-8813-41b76b4dc657,37.5849165,-107.9526445
2021-09-18,-382,9e7189cd-30e4-4293-8813-41b76b4dc657,37.5849165,-107.9526445
2021-09-19,-2357,9e7189cd-30e4-4293-8813-41b76b4dc657,37.5849165,-107.9526445
2021-09-20,-4401,9e7189cd-30e4-4293-8813-41b76b4dc657,37.5849165,-107.9526445
2021-09-21,-3033,9e7189cd-30e4-4293-8813-41b76b4dc657,37.5849165,-107.9526445
2021-09-23,-359,9e7189cd-30e4-4293-8813-41b76b4dc657,37.5849165,-107.9526445
2021-09-24,-3942,9e7189cd-30e4-4293-8813-41b76b4dc657,37.5849165,-107.9526445
2021-09-25,-472,9e7189cd-30e4-4293-8813-41b76b4dc657,37.5849165,-107.9526445
2021-09-26,-2917,9e7189cd-30e4-4293-8813-41b76b4dc657,37.5849165,-107.9526445
2021-09-27,970,9e7189cd-30e4-4293-8813-41b76b4dc657,37.5849165,-107.9526445
2021-09-28,1466,9e7189cd-30e4-4293-8813-41b76b4dc657,37.5849165,-107.9526445
2021-09-29,2108,9e7189cd-30e4-4293-8813-41b76b4dc657,37.5849165,-107.9526445
2021-09-30,794,9e7189cd-30e4-4293-8813-41b76b4dc657,37.5849165,-107.9526445
2021-10-01,1859,9e7189cd-30e4-4293-8813-41b76b4dc657,37.5849165,-107.9526445
2021-10-02,-1067,9e7189cd-30e4-4293-8813-41b76b4dc657,37.5849165,-107.9526445
2021-10-03,-1974,9e7189cd-30e4-4293-8813-41b76b4dc657,37.5849165,-107.9526445
2021-10-04,-3621,9e7189cd-30e4-4293-8813-41b76b4dc657,37.5849165,-107.9526445
2021-10-05,-2192,9e7189cd-30e4-4293-8813-41b76b4dc657,37.5849165,-107.9526445
2021-10-06,1999,9e7189cd-30e4-4293-8813-41b76b4dc657,37.5849165,-107.9526445
2021-10-07,-2262,9e7189cd-30e4-4293-8813-41b76b4dc657,37.5849165,-107.9526445
2021-10-08,-1814,9e7189cd-30e4-4293-8813-41b76b4dc657,37.5849165,-107.9526445
2021-10-09,-2522,9e7189cd-30e4-4293-8813-41b76b4dc657,37.5849165,-107.9526445
2021-10-10,-2936,9e7189cd-30e4-4293-8813-41b76b4dc657,37.5849165,-107.9526445
2021-10-11,-1990,9e7189cd-30e4-4293-8813-41b76b4dc657,37.5849165,-107.9526445
2021-10-12,5446,9e7189cd-30e4-4293-8813-41b76b4dc657,37.5849165,-107.9526445
2021-10-13,1103,9e7189cd-30e4-4293-8813-41b76b4dc657,37.5849165,-107.9526445
2021-10-14,646,9e7189cd-30e4-4293-8813-41b76b4dc657,37.5849165,-107.9526445
2021-10-15,1024,9e7189cd-30e4-4293-8813-41b76b4dc657,37.5849165,-107.9526445
2021-10-16,-2108,9e7189cd-30e4-4293-8813-41b76b4dc657,37.5849165,-107.9526445
2021-10-17,-4109,9e7189cd-30e4-4293-8813-41b76b4dc657,37.5849165,-107.9526445
2021-10-18,-3444,9e7189cd-30e4-4293-8813-41b76b4dc657,37.5849165,-107.9526445
2021-10-19,-3233,9e7189cd-30e4-4293-8813-41b76b4dc657,37.5849165,-107.9526445
2021-10-20,-3689,9e7189cd-30e4-4293-8813-41b76b4dc657,37.5849165,-107.9526445
2021-10-21,-2474,9e7189cd-30e4-4293-8813-41b76b4dc657,37.5849165,-107.9526445
2021-10-22,-2776,9e7189cd-30e4-4293-8813-41b76b4dc657,37.5849165,-107.9526445
2021-10-23,520,9e7189cd-30e4-4293-8813-41b76b4dc657,37.5849165,-107.9526445
2021-10-24,-4464,9e7189cd-30e4-4293-8813-41b76b4dc657,37.5849165,-107.9526445
2021-10-25,-3600,9e7189cd-30e4-4293-8813-41b76b4dc657,37.5849165,-107.9526445
2021-10-26,3123,9e7189cd-30e4-4293-8813-41b76b4dc657,37.5849165,-107.9526445
2021-10-27,1269,9e7189cd-30e4-4293-8813-41b76b4dc657,37.5849165,-107.9526445
2021-10-28,-3331,9e7189cd-30e4-4293-8813-41b76b4dc657,37.5849165,-107.9526445
2021-10-29,-4076,9e7189cd-30e4-4293-8813-41b76b4dc657,37.5849165,-107.9526445
2021-10-30,-3267,9e7189cd-30e4-4293-8813-41b76b4dc657,37.5849165,-107.9526445
2021-10-31,-417,9e7189cd-30e4-4293-8813-41b76b4dc657,37.5849165,-107.9526445
2021-11-01,-932,9e7189cd-30e4-4293-8813-41b76b4dc657,37.5849165,-107.9526445
2021-11-02,7,9e7189cd-30e4-4293-8813-41b76b4dc657,37.5849165,-107.9526445
2021-11-03,-3513,9e7189cd-30e4-4293-8813-41b76b4dc657,37.5849165,-107.9526445
2021-11-04,-4384,9e7189cd-30e4-4293-8813-41b76b4dc657,37.5849165,-107.9526445
2021-11-05,-3701,9e7189cd-30e4-4293-8813-41b76b4dc657,37.5849165,-107.9526445
2021-11-06,-3127,9e7189cd-30e4-4293-8813-41b76b4dc657,37.5849165,-107.9526445
2021-11-07,-4471,9e7189cd-30e4-4293-8813-41b76b4dc657,37.5849165,-107.9526445
2021-11-08,-2903,9e7189cd-30e4-4293-8813-41b76b4dc657,37.5849165,-107.9526445
2021-11-09,65,9e7189cd-30e4-4293-8813-41b76b4dc657,37.5849165,-107.9526445
2021-11-10,-1059,9e7189cd-30e4-4293-8813-41b76b4dc657,37.5849165,-107.9526445
2021-11-11,-3073,9e7189cd-30e4-4293-8813-41b76b4dc657,37.5849165,-107.9526445
2021-11-12,-3643,9e7189cd-30e4-4293-8813-41b76b4dc657,37.5849165,-107.9526445
2021-11-13,-3312,9e7189cd-30e4-4293-8813-41b76b4dc657,37.5849165,-107.9526445
2021-11-14,-2472,9e7189cd-30e4-4293-8813-41b76b4dc657,37.5849165,-107.9526445
2021-11-15,-1976,9e7189cd-30e4-4293-8813-41b76b4dc657,37.5849165,-107.9526445
2021-11-16,90,9e7189cd-30e4-4293-8813-41b76b4dc657,37.5849165,-107.9526445
2021-11-17,-3018,9e7189cd-30e4-4293-8813-41b76b4dc657,37.5849165,-107.9526445
2021-11-18,-2549,9e7189cd-30e4-4293-8813-41b76b4dc657,37.5849165,-107.9526445
2021-11-19,-2717,9e7189cd-30e4-4293-8813-41b76b4dc657,37.5849165,-107.9526445
2021-11-20,1426,9e7189cd-30e4-4293-8813-41b76b4dc657,37.5849165,-107.9526445
2021-11-21,-3561,9e7189cd-30e4-4293-8813-41b76b4dc657,37.5849165,-107.9526445
2021-11-22,-3083,9e7189cd-30e4-4293-8813-41b76b4dc657,37.5849165,-107.9526445
2021-11-23,4781,9e7189cd-30e4-4293-8813-41b76b4dc657,37.5849165,-107.9526445
2021-11-24,3852,9e7189cd-30e4-4293-8813-41b76b4dc657,37.5849165,-107.9526445
2021-11-25,1822,9e7189cd-30e4-4293-8813-41b76b4dc657,37.5849165,-107.9526445
2021-11-26,-1673,9e7189cd-30e4-4293-8813-41b76b4dc657,37.5849165,-107.9526445
2021-11-27,-3995,9e7189cd-30e4-4293-8813-41b76b4dc657,37.5849165,-107.9526445
2021-11-28,-3193,9e7189cd-30e4-4293-8813-41b76b4dc657,37.5849165,-107.9526445
2021-11-29,-2824,9e7189cd-30e4-4293-8813-41b76b4dc657,37.5849165,-107.9526445
2021-11-30,-3413,9e7189cd-30e4-4293-8813-41b76b4dc657,37.5849165,-107.9526445
2021-12-01,-2757,9e7189cd-30e4-4293-8813-41b76b4dc657,37.5849165,-107.9526445
2021-12-02,-4080,9e7189cd-30e4-4293-8813-41b76b4dc657,37.5849165,-107.9526445
2021-12-03,-2450,9e7189cd-30e4-4293-8813-41b76b4dc657,37.5849165,-107.9526445
2021-12-04,-3992,9e7189cd-30e4-4293-8813-41b76b4dc657,37.5849165,-107.9526445
2021-12-05,-3262,9e7189cd-30e4-4293-8813-41b76b4dc657,37.5849165,-107.9526445
2021-12-06,-1409,9e7189cd-30e4-4293-8813-41b76b4dc657,37.5849165,-107.9526445
2021-12-07,1176,9e7189cd-30e4-4293-8813-41b76b4dc657,37.5849165,-107.9526445
2021-12-08,3488,9e7189cd-30e4-4293-8813-41b76b4dc657,37.5849165,-107.9526445
2021-12-09,6112,9e7189cd-30e4-4293-8813-41b76b4dc657,37.5849165,-107.9526445
2021-12-10,758,9e7189cd-30e4-4293-8813-41b76b4dc657,37.5849165,-107.9526445
2021-12-11,6067,9e7189cd-30e4-4293-8813-41b76b4dc657,37.5849165,-107.9526445
2021-12-12,5445,9e7189cd-30e4-4293-8813-41b76b4dc657,37.5849165,-107.9526445
2021-12-13,6289,9e7189cd-30e4-4293-8813-41b76b4dc657,37.5849165,-107.9526445
2021-12-14,1106,9e7189cd-30e4-4293-8813-41b76b4dc657,37.5849165,-107.9526445
2021-12-15,3840,9e7189cd-30e4-4293-8813-41b76b4dc657,37.5849165,-107.9526445
2021-12-16,4904,9e7189cd-30e4-4293-8813-41b76b4dc657,37.5849165,-107.9526445
2021-12-17,5235,9e7189cd-30e4-4293-8813-41b76b4dc657,37.5849165,-107.9526445
2021-12-18,6536,9e7189cd-30e4-4293-8813-41b76b4dc657,37.5849165,-107.9526445
2021-12-19,5484,9e7189cd-30e4-4293-8813-41b76b4dc657,37.5849165,-107.9526445
2021-12-20,5933,9e7189cd-30e4-4293-8813-41b76b4dc657,37.5849165,-107.9526445
2021-12-21,4867,9e7189cd-30e4-4293-8813-41b76b4dc657,37.5849165,-107.9526445
2021-12-22,3451,9e7189cd-30e4-4293-8813-41b76b4dc657,37.5849165,-107.9526445
2021-12-23,2116,9e7189cd-30e4-4293-8813-41b76b4dc657,37.5849165,-107.9526445
2021-12-24,4123,9e7189cd-30e4-4293-8813-41b76b4dc657,37.5849165,-107.9526445
2021-12-25,6049,9e7189cd-30e4-4293-8813-41b76b4dc657,37.5849165,-107.9526445
2021-12-26,3265,9e7189cd-30e4-4293-8813-41b76b4dc657,37.5849165,-107.9526445
2021-12-27,3308,9e7189cd-30e4-4293-8813-41b76b4dc657,37.5849165,-107.9526445
2021-12-28,543,9e7189cd-30e4-4293-8813-41b76b4dc657,37.5849165,-107.9526445
2021-12-29,2276,9e7189cd-30e4-4293-8813-41b76b4dc657,37.5849165,-107.9526445
2021-12-30,2490,9e7189cd-30e4-4293-8813-41b76b4dc657,37.5849165,-107.9526445
