date,mod10a1_ndsi,cell_id,latitude,longitude
2020-01-01,-3518.0532319391646,436f8da8-fd0f-4437-b4fa-05d18b97b5c9,37.020419000000004,-119.3342995
2020-01-02,-343.0,436f8da8-fd0f-4437-b4fa-05d18b97b5c9,37.020419000000004,-119.3342995
2020-01-03,-1391.0,436f8da8-fd0f-4437-b4fa-05d18b97b5c9,37.020419000000004,-119.3342995
2020-01-04,-3239.0,436f8da8-fd0f-4437-b4fa-05d18b97b5c9,37.020419000000004,-119.3342995
2020-01-05,-2409.0,436f8da8-fd0f-4437-b4fa-05d18b97b5c9,37.020419000000004,-119.3342995
2020-01-06,-3249.752851711027,436f8da8-fd0f-4437-b4fa-05d18b97b5c9,37.020419000000004,-119.3342995
2020-01-07,37.88973384030419,436f8da8-fd0f-4437-b4fa-05d18b97b5c9,37.020419000000004,-119.3342995
2020-01-08,-1999.2547528517114,436f8da8-fd0f-4437-b4fa-05d18b97b5c9,37.020419000000004,-119.3342995
2020-01-09,-500.4220532319392,436f8da8-fd0f-4437-b4fa-05d18b97b5c9,37.020419000000004,-119.3342995
2020-01-10,-3286.0,436f8da8-fd0f-4437-b4fa-05d18b97b5c9,37.020419000000004,-119.3342995
2020-01-11,-1734.67680608365,436f8da8-fd0f-4437-b4fa-05d18b97b5c9,37.020419000000004,-119.3342995
2020-01-12,130.2471482889734,436f8da8-fd0f-4437-b4fa-05d18b97b5c9,37.020419000000004,-119.3342995
2020-01-13,-2484.2737642585557,436f8da8-fd0f-4437-b4fa-05d18b97b5c9,37.020419000000004,-119.3342995
2020-01-14,-2573.9087452471485,436f8da8-fd0f-4437-b4fa-05d18b97b5c9,37.020419000000004,-119.3342995
2020-01-15,-3861.5285171102664,436f8da8-fd0f-4437-b4fa-05d18b97b5c9,37.020419000000004,-119.3342995
2020-01-16,-688.6958174904943,436f8da8-fd0f-4437-b4fa-05d18b97b5c9,37.020419000000004,-119.3342995
2020-01-17,2379.490494296578,436f8da8-fd0f-4437-b4fa-05d18b97b5c9,37.020419000000004,-119.3342995
2020-01-18,1329.0,436f8da8-fd0f-4437-b4fa-05d18b97b5c9,37.020419000000004,-119.3342995
2020-01-19,174.3041825095057,436f8da8-fd0f-4437-b4fa-05d18b97b5c9,37.020419000000004,-119.3342995
2020-01-20,2216.0,436f8da8-fd0f-4437-b4fa-05d18b97b5c9,37.020419000000004,-119.3342995
2020-01-21,-2863.0,436f8da8-fd0f-4437-b4fa-05d18b97b5c9,37.020419000000004,-119.3342995
2020-01-22,-2185.680608365019,436f8da8-fd0f-4437-b4fa-05d18b97b5c9,37.020419000000004,-119.3342995
2020-01-23,1840.8060836501897,436f8da8-fd0f-4437-b4fa-05d18b97b5c9,37.020419000000004,-119.3342995
2020-01-24,-2328.5437262357414,436f8da8-fd0f-4437-b4fa-05d18b97b5c9,37.020419000000004,-119.3342995
2020-01-25,1828.0,436f8da8-fd0f-4437-b4fa-05d18b97b5c9,37.020419000000004,-119.3342995
2020-01-26,1574.490494296578,436f8da8-fd0f-4437-b4fa-05d18b97b5c9,37.020419000000004,-119.3342995
2020-01-27,-1956.3650190114072,436f8da8-fd0f-4437-b4fa-05d18b97b5c9,37.020419000000004,-119.3342995
2020-01-28,2689.5475285171096,436f8da8-fd0f-4437-b4fa-05d18b97b5c9,37.020419000000004,-119.3342995
2020-01-29,-335.0,436f8da8-fd0f-4437-b4fa-05d18b97b5c9,37.020419000000004,-119.3342995
2020-01-30,1831.0,436f8da8-fd0f-4437-b4fa-05d18b97b5c9,37.020419000000004,-119.3342995
2020-01-31,-2739.813688212928,436f8da8-fd0f-4437-b4fa-05d18b97b5c9,37.020419000000004,-119.3342995
2020-02-01,-1904.0988593155894,436f8da8-fd0f-4437-b4fa-05d18b97b5c9,37.020419000000004,-119.3342995
2020-02-02,104.85931558935363,436f8da8-fd0f-4437-b4fa-05d18b97b5c9,37.020419000000004,-119.3342995
2020-02-03,-2804.1825095057034,436f8da8-fd0f-4437-b4fa-05d18b97b5c9,37.020419000000004,-119.3342995
2020-02-04,-3409.6577946768057,436f8da8-fd0f-4437-b4fa-05d18b97b5c9,37.020419000000004,-119.3342995
2020-02-05,-2557.6045627376425,436f8da8-fd0f-4437-b4fa-05d18b97b5c9,37.020419000000004,-119.3342995
2020-02-06,-3021.0,436f8da8-fd0f-4437-b4fa-05d18b97b5c9,37.020419000000004,-119.3342995
2020-02-07,-3593.737642585551,436f8da8-fd0f-4437-b4fa-05d18b97b5c9,37.020419000000004,-119.3342995
2020-02-08,-2451.0,436f8da8-fd0f-4437-b4fa-05d18b97b5c9,37.020419000000004,-119.3342995
2020-02-09,1673.8365019011408,436f8da8-fd0f-4437-b4fa-05d18b97b5c9,37.020419000000004,-119.3342995
2020-02-10,-2340.0,436f8da8-fd0f-4437-b4fa-05d18b97b5c9,37.020419000000004,-119.3342995
2020-02-11,-3803.0228136882133,436f8da8-fd0f-4437-b4fa-05d18b97b5c9,37.020419000000004,-119.3342995
2020-02-12,-2800.0,436f8da8-fd0f-4437-b4fa-05d18b97b5c9,37.020419000000004,-119.3342995
2020-02-13,-3497.0,436f8da8-fd0f-4437-b4fa-05d18b97b5c9,37.020419000000004,-119.3342995
2020-02-14,-3332.049429657795,436f8da8-fd0f-4437-b4fa-05d18b97b5c9,37.020419000000004,-119.3342995
2020-02-15,-966.8669201520912,436f8da8-fd0f-4437-b4fa-05d18b97b5c9,37.020419000000004,-119.3342995
2020-02-16,-3831.391634980989,436f8da8-fd0f-4437-b4fa-05d18b97b5c9,37.020419000000004,-119.3342995
2020-02-17,-868.2243346007606,436f8da8-fd0f-4437-b4fa-05d18b97b5c9,37.020419000000004,-119.3342995
2020-02-18,-2264.832699619772,436f8da8-fd0f-4437-b4fa-05d18b97b5c9,37.020419000000004,-119.3342995
2020-02-19,-2818.0,436f8da8-fd0f-4437-b4fa-05d18b97b5c9,37.020419000000004,-119.3342995
2020-02-20,-3438.2585551330803,436f8da8-fd0f-4437-b4fa-05d18b97b5c9,37.020419000000004,-119.3342995
2020-02-21,-327.0,436f8da8-fd0f-4437-b4fa-05d18b97b5c9,37.020419000000004,-119.3342995
2020-02-22,2815.110266159696,436f8da8-fd0f-4437-b4fa-05d18b97b5c9,37.020419000000004,-119.3342995
2020-02-23,-2578.003802281369,436f8da8-fd0f-4437-b4fa-05d18b97b5c9,37.020419000000004,-119.3342995
2020-02-24,-2610.0,436f8da8-fd0f-4437-b4fa-05d18b97b5c9,37.020419000000004,-119.3342995
2020-02-25,-3855.9695817490497,436f8da8-fd0f-4437-b4fa-05d18b97b5c9,37.020419000000004,-119.3342995
2020-02-26,-2599.0,436f8da8-fd0f-4437-b4fa-05d18b97b5c9,37.020419000000004,-119.3342995
2020-02-27,-3390.642585551331,436f8da8-fd0f-4437-b4fa-05d18b97b5c9,37.020419000000004,-119.3342995
2020-02-28,-2778.1102661596965,436f8da8-fd0f-4437-b4fa-05d18b97b5c9,37.020419000000004,-119.3342995
2020-02-29,-940.6463878326999,436f8da8-fd0f-4437-b4fa-05d18b97b5c9,37.020419000000004,-119.3342995
2020-03-01,995.0,436f8da8-fd0f-4437-b4fa-05d18b97b5c9,37.020419000000004,-119.3342995
2020-03-02,-2819.0304182509517,436f8da8-fd0f-4437-b4fa-05d18b97b5c9,37.020419000000004,-119.3342995
2020-03-03,-3918.631178707225,436f8da8-fd0f-4437-b4fa-05d18b97b5c9,37.020419000000004,-119.3342995
2020-03-04,-2067.7186311787077,436f8da8-fd0f-4437-b4fa-05d18b97b5c9,37.020419000000004,-119.3342995
2020-03-05,-1758.045627376426,436f8da8-fd0f-4437-b4fa-05d18b97b5c9,37.020419000000004,-119.3342995
2020-03-06,-2108.0,436f8da8-fd0f-4437-b4fa-05d18b97b5c9,37.020419000000004,-119.3342995
2020-03-07,2856.4220532319396,436f8da8-fd0f-4437-b4fa-05d18b97b5c9,37.020419000000004,-119.3342995
2020-03-08,-293.0,436f8da8-fd0f-4437-b4fa-05d18b97b5c9,37.020419000000004,-119.3342995
2020-03-09,-1144.6501901140684,436f8da8-fd0f-4437-b4fa-05d18b97b5c9,37.020419000000004,-119.3342995
2020-03-10,-217.61977186311793,436f8da8-fd0f-4437-b4fa-05d18b97b5c9,37.020419000000004,-119.3342995
2020-03-11,-1140.0,436f8da8-fd0f-4437-b4fa-05d18b97b5c9,37.020419000000004,-119.3342995
2020-03-12,-1201.5665399239545,436f8da8-fd0f-4437-b4fa-05d18b97b5c9,37.020419000000004,-119.3342995
2020-03-13,447.07224334600767,436f8da8-fd0f-4437-b4fa-05d18b97b5c9,37.020419000000004,-119.3342995
2020-03-14,2603.4524714828895,436f8da8-fd0f-4437-b4fa-05d18b97b5c9,37.020419000000004,-119.3342995
2020-03-15,2651.0,436f8da8-fd0f-4437-b4fa-05d18b97b5c9,37.020419000000004,-119.3342995
2020-03-16,5385.745247148289,436f8da8-fd0f-4437-b4fa-05d18b97b5c9,37.020419000000004,-119.3342995
2020-03-17,-397.12167300380224,436f8da8-fd0f-4437-b4fa-05d18b97b5c9,37.020419000000004,-119.3342995
2020-03-18,-2299.4410646387837,436f8da8-fd0f-4437-b4fa-05d18b97b5c9,37.020419000000004,-119.3342995
2020-03-19,5883.950570342206,436f8da8-fd0f-4437-b4fa-05d18b97b5c9,37.020419000000004,-119.3342995
2020-03-20,-1957.0,436f8da8-fd0f-4437-b4fa-05d18b97b5c9,37.020419000000004,-119.3342995
2020-03-21,2448.463878326996,436f8da8-fd0f-4437-b4fa-05d18b97b5c9,37.020419000000004,-119.3342995
2020-03-22,-2119.5399239543726,436f8da8-fd0f-4437-b4fa-05d18b97b5c9,37.020419000000004,-119.3342995
2020-03-23,-2334.6501901140687,436f8da8-fd0f-4437-b4fa-05d18b97b5c9,37.020419000000004,-119.3342995
2020-03-24,1286.0,436f8da8-fd0f-4437-b4fa-05d18b97b5c9,37.020419000000004,-119.3342995
2020-03-25,4492.0,436f8da8-fd0f-4437-b4fa-05d18b97b5c9,37.020419000000004,-119.3342995
2020-03-26,292.92015209125475,436f8da8-fd0f-4437-b4fa-05d18b97b5c9,37.020419000000004,-119.3342995
2020-03-27,-1161.0,436f8da8-fd0f-4437-b4fa-05d18b97b5c9,37.020419000000004,-119.3342995
2020-03-28,5245.015209125476,436f8da8-fd0f-4437-b4fa-05d18b97b5c9,37.020419000000004,-119.3342995
2020-03-29,2150.0,436f8da8-fd0f-4437-b4fa-05d18b97b5c9,37.020419000000004,-119.3342995
2020-03-30,-3048.269961977187,436f8da8-fd0f-4437-b4fa-05d18b97b5c9,37.020419000000004,-119.3342995
2020-03-31,-2989.4182509505704,436f8da8-fd0f-4437-b4fa-05d18b97b5c9,37.020419000000004,-119.3342995
2020-04-01,-2086.0,436f8da8-fd0f-4437-b4fa-05d18b97b5c9,37.020419000000004,-119.3342995
2020-04-02,-3003.0,436f8da8-fd0f-4437-b4fa-05d18b97b5c9,37.020419000000004,-119.3342995
2020-04-03,-155.0,436f8da8-fd0f-4437-b4fa-05d18b97b5c9,37.020419000000004,-119.3342995
2020-04-04,-3026.2965779467686,436f8da8-fd0f-4437-b4fa-05d18b97b5c9,37.020419000000004,-119.3342995
2020-04-05,3554.3269961977194,436f8da8-fd0f-4437-b4fa-05d18b97b5c9,37.020419000000004,-119.3342995
2020-04-06,-629.7794676806085,436f8da8-fd0f-4437-b4fa-05d18b97b5c9,37.020419000000004,-119.3342995
2020-04-07,-783.4790874524715,436f8da8-fd0f-4437-b4fa-05d18b97b5c9,37.020419000000004,-119.3342995
2020-04-08,1806.0,436f8da8-fd0f-4437-b4fa-05d18b97b5c9,37.020419000000004,-119.3342995
2020-04-09,-351.958174904943,436f8da8-fd0f-4437-b4fa-05d18b97b5c9,37.020419000000004,-119.3342995
2020-04-10,-2073.0,436f8da8-fd0f-4437-b4fa-05d18b97b5c9,37.020419000000004,-119.3342995
2020-04-11,615.0,436f8da8-fd0f-4437-b4fa-05d18b97b5c9,37.020419000000004,-119.3342995
2020-04-12,421.0950570342206,436f8da8-fd0f-4437-b4fa-05d18b97b5c9,37.020419000000004,-119.3342995
2020-04-13,-208.00760456273767,436f8da8-fd0f-4437-b4fa-05d18b97b5c9,37.020419000000004,-119.3342995
2020-04-14,-782.8593155893537,436f8da8-fd0f-4437-b4fa-05d18b97b5c9,37.020419000000004,-119.3342995
2020-04-15,-3603.657794676807,436f8da8-fd0f-4437-b4fa-05d18b97b5c9,37.020419000000004,-119.3342995
2020-04-16,-3019.923954372624,436f8da8-fd0f-4437-b4fa-05d18b97b5c9,37.020419000000004,-119.3342995
2020-04-17,1447.0,436f8da8-fd0f-4437-b4fa-05d18b97b5c9,37.020419000000004,-119.3342995
2020-04-18,2077.9429657794676,436f8da8-fd0f-4437-b4fa-05d18b97b5c9,37.020419000000004,-119.3342995
2020-04-19,-168.0,436f8da8-fd0f-4437-b4fa-05d18b97b5c9,37.020419000000004,-119.3342995
2020-04-20,6485.353612167301,436f8da8-fd0f-4437-b4fa-05d18b97b5c9,37.020419000000004,-119.3342995
2020-04-21,794.4334600760457,436f8da8-fd0f-4437-b4fa-05d18b97b5c9,37.020419000000004,-119.3342995
2020-04-22,-2609.494296577947,436f8da8-fd0f-4437-b4fa-05d18b97b5c9,37.020419000000004,-119.3342995
2020-04-23,152.0,436f8da8-fd0f-4437-b4fa-05d18b97b5c9,37.020419000000004,-119.3342995
2020-04-24,-3264.3003802281373,436f8da8-fd0f-4437-b4fa-05d18b97b5c9,37.020419000000004,-119.3342995
2020-04-25,-2884.574144486692,436f8da8-fd0f-4437-b4fa-05d18b97b5c9,37.020419000000004,-119.3342995
2020-04-26,-313.0,436f8da8-fd0f-4437-b4fa-05d18b97b5c9,37.020419000000004,-119.3342995
2020-04-27,-3336.361216730038,436f8da8-fd0f-4437-b4fa-05d18b97b5c9,37.020419000000004,-119.3342995
2020-04-28,-2227.0,436f8da8-fd0f-4437-b4fa-05d18b97b5c9,37.020419000000004,-119.3342995
2020-04-29,-472.8745247148289,436f8da8-fd0f-4437-b4fa-05d18b97b5c9,37.020419000000004,-119.3342995
2020-04-30,-2389.0,436f8da8-fd0f-4437-b4fa-05d18b97b5c9,37.020419000000004,-119.3342995
2020-05-01,-3584.7604562737647,436f8da8-fd0f-4437-b4fa-05d18b97b5c9,37.020419000000004,-119.3342995
2020-05-02,-2789.444866920153,436f8da8-fd0f-4437-b4fa-05d18b97b5c9,37.020419000000004,-119.3342995
2020-05-03,-2997.3460076045635,436f8da8-fd0f-4437-b4fa-05d18b97b5c9,37.020419000000004,-119.3342995
2020-05-04,-3376.7262357414447,436f8da8-fd0f-4437-b4fa-05d18b97b5c9,37.020419000000004,-119.3342995
2020-05-05,-2516.0,436f8da8-fd0f-4437-b4fa-05d18b97b5c9,37.020419000000004,-119.3342995
2020-05-06,1146.6121673003802,436f8da8-fd0f-4437-b4fa-05d18b97b5c9,37.020419000000004,-119.3342995
2020-05-07,-1839.3574144486693,436f8da8-fd0f-4437-b4fa-05d18b97b5c9,37.020419000000004,-119.3342995
2020-05-08,-3542.96958174905,436f8da8-fd0f-4437-b4fa-05d18b97b5c9,37.020419000000004,-119.3342995
2020-05-09,-2575.901140684411,436f8da8-fd0f-4437-b4fa-05d18b97b5c9,37.020419000000004,-119.3342995
2020-05-10,-3056.6159695817496,436f8da8-fd0f-4437-b4fa-05d18b97b5c9,37.020419000000004,-119.3342995
2020-05-11,-3010.0,436f8da8-fd0f-4437-b4fa-05d18b97b5c9,37.020419000000004,-119.3342995
2020-05-12,-184.28897338403044,436f8da8-fd0f-4437-b4fa-05d18b97b5c9,37.020419000000004,-119.3342995
2020-05-13,917.3992395437261,436f8da8-fd0f-4437-b4fa-05d18b97b5c9,37.020419000000004,-119.3342995
2020-05-14,-1420.0,436f8da8-fd0f-4437-b4fa-05d18b97b5c9,37.020419000000004,-119.3342995
2020-05-15,-3598.444866920153,436f8da8-fd0f-4437-b4fa-05d18b97b5c9,37.020419000000004,-119.3342995
2020-05-16,-1853.277566539924,436f8da8-fd0f-4437-b4fa-05d18b97b5c9,37.020419000000004,-119.3342995
2020-05-17,-2708.0,436f8da8-fd0f-4437-b4fa-05d18b97b5c9,37.020419000000004,-119.3342995
2020-05-18,2695.7756653992396,436f8da8-fd0f-4437-b4fa-05d18b97b5c9,37.020419000000004,-119.3342995
2020-05-19,1311.9619771863117,436f8da8-fd0f-4437-b4fa-05d18b97b5c9,37.020419000000004,-119.3342995
2020-05-20,-923.1749049429659,436f8da8-fd0f-4437-b4fa-05d18b97b5c9,37.020419000000004,-119.3342995
2020-05-21,-1992.0,436f8da8-fd0f-4437-b4fa-05d18b97b5c9,37.020419000000004,-119.3342995
2020-05-22,-3024.152091254753,436f8da8-fd0f-4437-b4fa-05d18b97b5c9,37.020419000000004,-119.3342995
2020-05-23,-2136.90494296578,436f8da8-fd0f-4437-b4fa-05d18b97b5c9,37.020419000000004,-119.3342995
2020-05-24,-3662.4410646387837,436f8da8-fd0f-4437-b4fa-05d18b97b5c9,37.020419000000004,-119.3342995
2020-05-25,-2801.0,436f8da8-fd0f-4437-b4fa-05d18b97b5c9,37.020419000000004,-119.3342995
2020-05-26,-3280.0,436f8da8-fd0f-4437-b4fa-05d18b97b5c9,37.020419000000004,-119.3342995
2020-05-27,-3109.456273764259,436f8da8-fd0f-4437-b4fa-05d18b97b5c9,37.020419000000004,-119.3342995
2020-05-28,-2945.885931558936,436f8da8-fd0f-4437-b4fa-05d18b97b5c9,37.020419000000004,-119.3342995
2020-05-29,-181.10266159695817,436f8da8-fd0f-4437-b4fa-05d18b97b5c9,37.020419000000004,-119.3342995
2020-05-30,-1904.3612167300382,436f8da8-fd0f-4437-b4fa-05d18b97b5c9,37.020419000000004,-119.3342995
2020-05-31,-518.0190114068441,436f8da8-fd0f-4437-b4fa-05d18b97b5c9,37.020419000000004,-119.3342995
2020-06-01,-206.2053231939164,436f8da8-fd0f-4437-b4fa-05d18b97b5c9,37.020419000000004,-119.3342995
2020-06-02,-46.74144486692015,436f8da8-fd0f-4437-b4fa-05d18b97b5c9,37.020419000000004,-119.3342995
2020-06-03,-2741.9923954372634,436f8da8-fd0f-4437-b4fa-05d18b97b5c9,37.020419000000004,-119.3342995
2020-06-04,-3213.726235741445,436f8da8-fd0f-4437-b4fa-05d18b97b5c9,37.020419000000004,-119.3342995
2020-06-05,4642.0,436f8da8-fd0f-4437-b4fa-05d18b97b5c9,37.020419000000004,-119.3342995
2020-06-06,-95.15209125475285,436f8da8-fd0f-4437-b4fa-05d18b97b5c9,37.020419000000004,-119.3342995
2020-06-07,-1928.8441064638782,436f8da8-fd0f-4437-b4fa-05d18b97b5c9,37.020419000000004,-119.3342995
2020-06-08,-2801.4676806083658,436f8da8-fd0f-4437-b4fa-05d18b97b5c9,37.020419000000004,-119.3342995
2020-06-09,-3870.6197718631183,436f8da8-fd0f-4437-b4fa-05d18b97b5c9,37.020419000000004,-119.3342995
2020-06-10,-2998.136882129278,436f8da8-fd0f-4437-b4fa-05d18b97b5c9,37.020419000000004,-119.3342995
2020-06-11,-3350.775665399239,436f8da8-fd0f-4437-b4fa-05d18b97b5c9,37.020419000000004,-119.3342995
2020-06-12,-3049.4980988593165,436f8da8-fd0f-4437-b4fa-05d18b97b5c9,37.020419000000004,-119.3342995
2020-06-13,-2927.851711026616,436f8da8-fd0f-4437-b4fa-05d18b97b5c9,37.020419000000004,-119.3342995
2020-06-14,-3331.0304182509512,436f8da8-fd0f-4437-b4fa-05d18b97b5c9,37.020419000000004,-119.3342995
2020-06-15,560.5855513307986,436f8da8-fd0f-4437-b4fa-05d18b97b5c9,37.020419000000004,-119.3342995
2020-06-16,-3804.072243346008,436f8da8-fd0f-4437-b4fa-05d18b97b5c9,37.020419000000004,-119.3342995
2020-06-17,-2635.0,436f8da8-fd0f-4437-b4fa-05d18b97b5c9,37.020419000000004,-119.3342995
2020-06-18,-3651.9543726235743,436f8da8-fd0f-4437-b4fa-05d18b97b5c9,37.020419000000004,-119.3342995
2020-06-19,-3151.003802281369,436f8da8-fd0f-4437-b4fa-05d18b97b5c9,37.020419000000004,-119.3342995
2020-06-20,-3208.0874524714836,436f8da8-fd0f-4437-b4fa-05d18b97b5c9,37.020419000000004,-119.3342995
2020-06-21,-3275.7832699619776,436f8da8-fd0f-4437-b4fa-05d18b97b5c9,37.020419000000004,-119.3342995
2020-06-22,-2507.0,436f8da8-fd0f-4437-b4fa-05d18b97b5c9,37.020419000000004,-119.3342995
2020-06-23,-3496.471482889734,436f8da8-fd0f-4437-b4fa-05d18b97b5c9,37.020419000000004,-119.3342995
2020-06-24,1151.0,436f8da8-fd0f-4437-b4fa-05d18b97b5c9,37.020419000000004,-119.3342995
2020-06-25,-3869.372623574145,436f8da8-fd0f-4437-b4fa-05d18b97b5c9,37.020419000000004,-119.3342995
2020-06-26,-2529.0,436f8da8-fd0f-4437-b4fa-05d18b97b5c9,37.020419000000004,-119.3342995
2020-06-27,-3399.224334600761,436f8da8-fd0f-4437-b4fa-05d18b97b5c9,37.020419000000004,-119.3342995
2020-06-28,-3338.0,436f8da8-fd0f-4437-b4fa-05d18b97b5c9,37.020419000000004,-119.3342995
2020-06-29,-2982.0,436f8da8-fd0f-4437-b4fa-05d18b97b5c9,37.020419000000004,-119.3342995
2020-06-30,-3599.7376425855514,436f8da8-fd0f-4437-b4fa-05d18b97b5c9,37.020419000000004,-119.3342995
2020-07-01,-2563.0,436f8da8-fd0f-4437-b4fa-05d18b97b5c9,37.020419000000004,-119.3342995
2020-07-02,-3906.296577946769,436f8da8-fd0f-4437-b4fa-05d18b97b5c9,37.020419000000004,-119.3342995
2020-07-03,-2959.0,436f8da8-fd0f-4437-b4fa-05d18b97b5c9,37.020419000000004,-119.3342995
2020-07-04,-3935.7908745247155,436f8da8-fd0f-4437-b4fa-05d18b97b5c9,37.020419000000004,-119.3342995
2020-07-05,-3325.0114068441067,436f8da8-fd0f-4437-b4fa-05d18b97b5c9,37.020419000000004,-119.3342995
2020-07-06,-3382.5399239543726,436f8da8-fd0f-4437-b4fa-05d18b97b5c9,37.020419000000004,-119.3342995
2020-07-07,-3704.0,436f8da8-fd0f-4437-b4fa-05d18b97b5c9,37.020419000000004,-119.3342995
2020-07-08,-3034.0,436f8da8-fd0f-4437-b4fa-05d18b97b5c9,37.020419000000004,-119.3342995
2020-07-09,-3895.4904942965786,436f8da8-fd0f-4437-b4fa-05d18b97b5c9,37.020419000000004,-119.3342995
2020-07-10,-2355.0,436f8da8-fd0f-4437-b4fa-05d18b97b5c9,37.020419000000004,-119.3342995
2020-07-11,-4074.2623574144495,436f8da8-fd0f-4437-b4fa-05d18b97b5c9,37.020419000000004,-119.3342995
2020-07-12,-3023.562737642586,436f8da8-fd0f-4437-b4fa-05d18b97b5c9,37.020419000000004,-119.3342995
2020-07-13,-3742.0,436f8da8-fd0f-4437-b4fa-05d18b97b5c9,37.020419000000004,-119.3342995
2020-07-14,-3583.2889733840307,436f8da8-fd0f-4437-b4fa-05d18b97b5c9,37.020419000000004,-119.3342995
2020-07-15,-3006.528517110266,436f8da8-fd0f-4437-b4fa-05d18b97b5c9,37.020419000000004,-119.3342995
2020-07-16,-3720.3498098859322,436f8da8-fd0f-4437-b4fa-05d18b97b5c9,37.020419000000004,-119.3342995
2020-07-17,-2306.0,436f8da8-fd0f-4437-b4fa-05d18b97b5c9,37.020419000000004,-119.3342995
2020-07-18,-3888.174904942966,436f8da8-fd0f-4437-b4fa-05d18b97b5c9,37.020419000000004,-119.3342995
2020-07-19,-2435.06463878327,436f8da8-fd0f-4437-b4fa-05d18b97b5c9,37.020419000000004,-119.3342995
2020-07-20,-3879.0,436f8da8-fd0f-4437-b4fa-05d18b97b5c9,37.020419000000004,-119.3342995
2020-07-21,2767.0,436f8da8-fd0f-4437-b4fa-05d18b97b5c9,37.020419000000004,-119.3342995
2020-07-22,-3485.0,436f8da8-fd0f-4437-b4fa-05d18b97b5c9,37.020419000000004,-119.3342995
2020-07-23,-3597.2585551330803,436f8da8-fd0f-4437-b4fa-05d18b97b5c9,37.020419000000004,-119.3342995
2020-07-24,-2914.0,436f8da8-fd0f-4437-b4fa-05d18b97b5c9,37.020419000000004,-119.3342995
2020-07-25,-3793.707224334601,436f8da8-fd0f-4437-b4fa-05d18b97b5c9,37.020419000000004,-119.3342995
2020-07-26,-2534.0,436f8da8-fd0f-4437-b4fa-05d18b97b5c9,37.020419000000004,-119.3342995
2020-07-27,-4037.403041825095,436f8da8-fd0f-4437-b4fa-05d18b97b5c9,37.020419000000004,-119.3342995
2020-07-28,-3079.041825095058,436f8da8-fd0f-4437-b4fa-05d18b97b5c9,37.020419000000004,-119.3342995
2020-07-29,-3730.0,436f8da8-fd0f-4437-b4fa-05d18b97b5c9,37.020419000000004,-119.3342995
2020-07-30,-3750.821292775666,436f8da8-fd0f-4437-b4fa-05d18b97b5c9,37.020419000000004,-119.3342995
2020-07-31,-3206.0,436f8da8-fd0f-4437-b4fa-05d18b97b5c9,37.020419000000004,-119.3342995
2020-08-01,-4029.596958174906,436f8da8-fd0f-4437-b4fa-05d18b97b5c9,37.020419000000004,-119.3342995
2020-08-02,-1690.0,436f8da8-fd0f-4437-b4fa-05d18b97b5c9,37.020419000000004,-119.3342995
2020-08-03,-4125.749049429658,436f8da8-fd0f-4437-b4fa-05d18b97b5c9,37.020419000000004,-119.3342995
2020-08-04,-2804.064638783271,436f8da8-fd0f-4437-b4fa-05d18b97b5c9,37.020419000000004,-119.3342995
2020-08-05,-4064.0,436f8da8-fd0f-4437-b4fa-05d18b97b5c9,37.020419000000004,-119.3342995
2020-08-06,-3270.6692015209137,436f8da8-fd0f-4437-b4fa-05d18b97b5c9,37.020419000000004,-119.3342995
2020-08-07,-3432.0,436f8da8-fd0f-4437-b4fa-05d18b97b5c9,37.020419000000004,-119.3342995
2020-08-08,-3781.1787072243346,436f8da8-fd0f-4437-b4fa-05d18b97b5c9,37.020419000000004,-119.3342995
2020-08-09,-3158.0,436f8da8-fd0f-4437-b4fa-05d18b97b5c9,37.020419000000004,-119.3342995
2020-08-10,-4038.9809885931554,436f8da8-fd0f-4437-b4fa-05d18b97b5c9,37.020419000000004,-119.3342995
2020-08-11,-2585.0,436f8da8-fd0f-4437-b4fa-05d18b97b5c9,37.020419000000004,-119.3342995
2020-08-12,-4168.790874524715,436f8da8-fd0f-4437-b4fa-05d18b97b5c9,37.020419000000004,-119.3342995
2020-08-13,2843.8441064638787,436f8da8-fd0f-4437-b4fa-05d18b97b5c9,37.020419000000004,-119.3342995
2020-08-14,-3911.0,436f8da8-fd0f-4437-b4fa-05d18b97b5c9,37.020419000000004,-119.3342995
2020-08-15,-63.619771863117876,436f8da8-fd0f-4437-b4fa-05d18b97b5c9,37.020419000000004,-119.3342995
2020-08-16,-2359.9201520912547,436f8da8-fd0f-4437-b4fa-05d18b97b5c9,37.020419000000004,-119.3342995
2020-08-17,-2200.395437262358,436f8da8-fd0f-4437-b4fa-05d18b97b5c9,37.020419000000004,-119.3342995
2020-08-18,-255.63498098859318,436f8da8-fd0f-4437-b4fa-05d18b97b5c9,37.020419000000004,-119.3342995
2020-08-19,-3566.6958174904944,436f8da8-fd0f-4437-b4fa-05d18b97b5c9,37.020419000000004,-119.3342995
2020-08-20,965.2965779467683,436f8da8-fd0f-4437-b4fa-05d18b97b5c9,37.020419000000004,-119.3342995
2020-08-21,-3494.885931558936,436f8da8-fd0f-4437-b4fa-05d18b97b5c9,37.020419000000004,-119.3342995
2020-08-22,-1497.7262357414447,436f8da8-fd0f-4437-b4fa-05d18b97b5c9,37.020419000000004,-119.3342995
2020-08-23,-1588.1634980988592,436f8da8-fd0f-4437-b4fa-05d18b97b5c9,37.020419000000004,-119.3342995
2020-08-24,-768.0,436f8da8-fd0f-4437-b4fa-05d18b97b5c9,37.020419000000004,-119.3342995
2020-08-25,-2420.0,436f8da8-fd0f-4437-b4fa-05d18b97b5c9,37.020419000000004,-119.3342995
2020-08-26,-3573.3384030418256,436f8da8-fd0f-4437-b4fa-05d18b97b5c9,37.020419000000004,-119.3342995
2020-08-27,-1825.0,436f8da8-fd0f-4437-b4fa-05d18b97b5c9,37.020419000000004,-119.3342995
2020-08-28,-3896.3269961977185,436f8da8-fd0f-4437-b4fa-05d18b97b5c9,37.020419000000004,-119.3342995
2020-08-29,-2745.0,436f8da8-fd0f-4437-b4fa-05d18b97b5c9,37.020419000000004,-119.3342995
2020-08-30,-3490.3536121673,436f8da8-fd0f-4437-b4fa-05d18b97b5c9,37.020419000000004,-119.3342995
2020-08-31,-1409.0304182509506,436f8da8-fd0f-4437-b4fa-05d18b97b5c9,37.020419000000004,-119.3342995
2020-09-01,-2552.0,436f8da8-fd0f-4437-b4fa-05d18b97b5c9,37.020419000000004,-119.3342995
2020-09-02,-3172.585551330799,436f8da8-fd0f-4437-b4fa-05d18b97b5c9,37.020419000000004,-119.3342995
2020-09-03,-802.0,436f8da8-fd0f-4437-b4fa-05d18b97b5c9,37.020419000000004,-119.3342995
2020-09-04,-3829.9315589353614,436f8da8-fd0f-4437-b4fa-05d18b97b5c9,37.020419000000004,-119.3342995
2020-09-05,-803.0,436f8da8-fd0f-4437-b4fa-05d18b97b5c9,37.020419000000004,-119.3342995
2020-09-06,1287.8212927756656,436f8da8-fd0f-4437-b4fa-05d18b97b5c9,37.020419000000004,-119.3342995
2020-09-07,1046.0304182509508,436f8da8-fd0f-4437-b4fa-05d18b97b5c9,37.020419000000004,-119.3342995
2020-09-08,1854.0,436f8da8-fd0f-4437-b4fa-05d18b97b5c9,37.020419000000004,-119.3342995
2020-09-09,789.2015209125476,436f8da8-fd0f-4437-b4fa-05d18b97b5c9,37.020419000000004,-119.3342995
2020-09-10,587.0,436f8da8-fd0f-4437-b4fa-05d18b97b5c9,37.020419000000004,-119.3342995
2020-09-11,1127.3688212927757,436f8da8-fd0f-4437-b4fa-05d18b97b5c9,37.020419000000004,-119.3342995
2020-09-12,1703.0,436f8da8-fd0f-4437-b4fa-05d18b97b5c9,37.020419000000004,-119.3342995
2020-09-13,1350.669201520913,436f8da8-fd0f-4437-b4fa-05d18b97b5c9,37.020419000000004,-119.3342995
2020-09-14,2955.0,436f8da8-fd0f-4437-b4fa-05d18b97b5c9,37.020419000000004,-119.3342995
2020-09-15,1508.0,436f8da8-fd0f-4437-b4fa-05d18b97b5c9,37.020419000000004,-119.3342995
2020-09-16,2694.304182509506,436f8da8-fd0f-4437-b4fa-05d18b97b5c9,37.020419000000004,-119.3342995
2020-09-17,1897.790874524715,436f8da8-fd0f-4437-b4fa-05d18b97b5c9,37.020419000000004,-119.3342995
2020-09-18,77.98479087452473,436f8da8-fd0f-4437-b4fa-05d18b97b5c9,37.020419000000004,-119.3342995
2020-09-19,932.0,436f8da8-fd0f-4437-b4fa-05d18b97b5c9,37.020419000000004,-119.3342995
2020-09-20,-434.8022813688214,436f8da8-fd0f-4437-b4fa-05d18b97b5c9,37.020419000000004,-119.3342995
2020-09-21,930.9847908745248,436f8da8-fd0f-4437-b4fa-05d18b97b5c9,37.020419000000004,-119.3342995
2020-09-22,-2017.0532319391637,436f8da8-fd0f-4437-b4fa-05d18b97b5c9,37.020419000000004,-119.3342995
2020-09-23,2536.0,436f8da8-fd0f-4437-b4fa-05d18b97b5c9,37.020419000000004,-119.3342995
2020-09-24,-505.1140684410647,436f8da8-fd0f-4437-b4fa-05d18b97b5c9,37.020419000000004,-119.3342995
2020-09-25,575.3612167300381,436f8da8-fd0f-4437-b4fa-05d18b97b5c9,37.020419000000004,-119.3342995
2020-09-26,-1108.6844106463882,436f8da8-fd0f-4437-b4fa-05d18b97b5c9,37.020419000000004,-119.3342995
2020-09-27,-892.0190114068442,436f8da8-fd0f-4437-b4fa-05d18b97b5c9,37.020419000000004,-119.3342995
2020-09-28,1103.7186311787073,436f8da8-fd0f-4437-b4fa-05d18b97b5c9,37.020419000000004,-119.3342995
2020-09-29,-2500.114068441065,436f8da8-fd0f-4437-b4fa-05d18b97b5c9,37.020419000000004,-119.3342995
2020-09-30,2515.0,436f8da8-fd0f-4437-b4fa-05d18b97b5c9,37.020419000000004,-119.3342995
2020-10-01,-2716.433460076045,436f8da8-fd0f-4437-b4fa-05d18b97b5c9,37.020419000000004,-119.3342995
2020-10-02,400.52091254752855,436f8da8-fd0f-4437-b4fa-05d18b97b5c9,37.020419000000004,-119.3342995
2020-10-03,-760.1064638783271,436f8da8-fd0f-4437-b4fa-05d18b97b5c9,37.020419000000004,-119.3342995
2020-10-04,-1982.958174904943,436f8da8-fd0f-4437-b4fa-05d18b97b5c9,37.020419000000004,-119.3342995
2020-10-05,1634.0,436f8da8-fd0f-4437-b4fa-05d18b97b5c9,37.020419000000004,-119.3342995
2020-10-06,1072.9657794676807,436f8da8-fd0f-4437-b4fa-05d18b97b5c9,37.020419000000004,-119.3342995
2020-10-07,3111.479087452472,436f8da8-fd0f-4437-b4fa-05d18b97b5c9,37.020419000000004,-119.3342995
2020-10-08,2961.0,436f8da8-fd0f-4437-b4fa-05d18b97b5c9,37.020419000000004,-119.3342995
2020-10-09,1381.1102661596958,436f8da8-fd0f-4437-b4fa-05d18b97b5c9,37.020419000000004,-119.3342995
2020-10-10,-1941.3498098859318,436f8da8-fd0f-4437-b4fa-05d18b97b5c9,37.020419000000004,-119.3342995
2020-10-11,-2971.5285171102664,436f8da8-fd0f-4437-b4fa-05d18b97b5c9,37.020419000000004,-119.3342995
2020-10-12,-2313.2851711026615,436f8da8-fd0f-4437-b4fa-05d18b97b5c9,37.020419000000004,-119.3342995
2020-10-13,-2781.6692015209123,436f8da8-fd0f-4437-b4fa-05d18b97b5c9,37.020419000000004,-119.3342995
2020-10-14,1767.642585551331,436f8da8-fd0f-4437-b4fa-05d18b97b5c9,37.020419000000004,-119.3342995
2020-10-15,-3207.095057034221,436f8da8-fd0f-4437-b4fa-05d18b97b5c9,37.020419000000004,-119.3342995
2020-10-16,-1082.0,436f8da8-fd0f-4437-b4fa-05d18b97b5c9,37.020419000000004,-119.3342995
2020-10-17,-1245.0,436f8da8-fd0f-4437-b4fa-05d18b97b5c9,37.020419000000004,-119.3342995
2020-10-18,-2088.0,436f8da8-fd0f-4437-b4fa-05d18b97b5c9,37.020419000000004,-119.3342995
2020-10-19,-1103.0,436f8da8-fd0f-4437-b4fa-05d18b97b5c9,37.020419000000004,-119.3342995
2020-10-20,1934.9923954372625,436f8da8-fd0f-4437-b4fa-05d18b97b5c9,37.020419000000004,-119.3342995
2020-10-21,864.0,436f8da8-fd0f-4437-b4fa-05d18b97b5c9,37.020419000000004,-119.3342995
2020-10-22,-2286.692015209126,436f8da8-fd0f-4437-b4fa-05d18b97b5c9,37.020419000000004,-119.3342995
2020-10-23,-498.0,436f8da8-fd0f-4437-b4fa-05d18b97b5c9,37.020419000000004,-119.3342995
2020-10-24,-3144.0,436f8da8-fd0f-4437-b4fa-05d18b97b5c9,37.020419000000004,-119.3342995
2020-10-25,-2537.0,436f8da8-fd0f-4437-b4fa-05d18b97b5c9,37.020419000000004,-119.3342995
2020-10-26,-83.0,436f8da8-fd0f-4437-b4fa-05d18b97b5c9,37.020419000000004,-119.3342995
2020-10-27,-1405.9049429657796,436f8da8-fd0f-4437-b4fa-05d18b97b5c9,37.020419000000004,-119.3342995
2020-10-28,-2586.0,436f8da8-fd0f-4437-b4fa-05d18b97b5c9,37.020419000000004,-119.3342995
2020-10-29,-3362.505703422054,436f8da8-fd0f-4437-b4fa-05d18b97b5c9,37.020419000000004,-119.3342995
2020-10-30,-896.0,436f8da8-fd0f-4437-b4fa-05d18b97b5c9,37.020419000000004,-119.3342995
2020-10-31,-2047.6615969581753,436f8da8-fd0f-4437-b4fa-05d18b97b5c9,37.020419000000004,-119.3342995
2020-11-01,1053.0,436f8da8-fd0f-4437-b4fa-05d18b97b5c9,37.020419000000004,-119.3342995
2020-11-02,-657.7832699619773,436f8da8-fd0f-4437-b4fa-05d18b97b5c9,37.020419000000004,-119.3342995
2020-11-03,-1803.942965779468,436f8da8-fd0f-4437-b4fa-05d18b97b5c9,37.020419000000004,-119.3342995
2020-11-04,-836.0,436f8da8-fd0f-4437-b4fa-05d18b97b5c9,37.020419000000004,-119.3342995
2020-11-05,-2495.3346007604573,436f8da8-fd0f-4437-b4fa-05d18b97b5c9,37.020419000000004,-119.3342995
2020-11-06,-1100.726235741445,436f8da8-fd0f-4437-b4fa-05d18b97b5c9,37.020419000000004,-119.3342995
2020-11-07,-49.28897338403042,436f8da8-fd0f-4437-b4fa-05d18b97b5c9,37.020419000000004,-119.3342995
2020-11-08,2507.4220532319396,436f8da8-fd0f-4437-b4fa-05d18b97b5c9,37.020419000000004,-119.3342995
2020-11-09,-3150.3688212927764,436f8da8-fd0f-4437-b4fa-05d18b97b5c9,37.020419000000004,-119.3342995
2020-11-10,-3043.0,436f8da8-fd0f-4437-b4fa-05d18b97b5c9,37.020419000000004,-119.3342995
2020-11-11,-3428.4106463878325,436f8da8-fd0f-4437-b4fa-05d18b97b5c9,37.020419000000004,-119.3342995
2020-11-12,-3428.0,436f8da8-fd0f-4437-b4fa-05d18b97b5c9,37.020419000000004,-119.3342995
2020-11-13,108.0,436f8da8-fd0f-4437-b4fa-05d18b97b5c9,37.020419000000004,-119.3342995
2020-11-14,-4009.072243346008,436f8da8-fd0f-4437-b4fa-05d18b97b5c9,37.020419000000004,-119.3342995
2020-11-15,-2024.802281368822,436f8da8-fd0f-4437-b4fa-05d18b97b5c9,37.020419000000004,-119.3342995
2020-11-16,-3969.1406844106464,436f8da8-fd0f-4437-b4fa-05d18b97b5c9,37.020419000000004,-119.3342995
2020-11-17,1581.9619771863124,436f8da8-fd0f-4437-b4fa-05d18b97b5c9,37.020419000000004,-119.3342995
2020-11-18,1891.2015209125475,436f8da8-fd0f-4437-b4fa-05d18b97b5c9,37.020419000000004,-119.3342995
2020-11-19,-3324.3878326996205,436f8da8-fd0f-4437-b4fa-05d18b97b5c9,37.020419000000004,-119.3342995
2020-11-20,1812.4068441064642,436f8da8-fd0f-4437-b4fa-05d18b97b5c9,37.020419000000004,-119.3342995
2020-11-21,-2797.0000000000005,436f8da8-fd0f-4437-b4fa-05d18b97b5c9,37.020419000000004,-119.3342995
2020-11-22,-2805.0,436f8da8-fd0f-4437-b4fa-05d18b97b5c9,37.020419000000004,-119.3342995
2020-11-23,-2836.3802281368826,436f8da8-fd0f-4437-b4fa-05d18b97b5c9,37.020419000000004,-119.3342995
2020-11-24,-1213.0,436f8da8-fd0f-4437-b4fa-05d18b97b5c9,37.020419000000004,-119.3342995
2020-11-25,-3464.2623574144486,436f8da8-fd0f-4437-b4fa-05d18b97b5c9,37.020419000000004,-119.3342995
2020-11-26,-1434.0,436f8da8-fd0f-4437-b4fa-05d18b97b5c9,37.020419000000004,-119.3342995
2020-11-27,-3353.2319391634987,436f8da8-fd0f-4437-b4fa-05d18b97b5c9,37.020419000000004,-119.3342995
2020-11-28,-3639.0,436f8da8-fd0f-4437-b4fa-05d18b97b5c9,37.020419000000004,-119.3342995
2020-11-29,-2315.0,436f8da8-fd0f-4437-b4fa-05d18b97b5c9,37.020419000000004,-119.3342995
2020-11-30,-4144.471482889734,436f8da8-fd0f-4437-b4fa-05d18b97b5c9,37.020419000000004,-119.3342995
2020-12-01,-1818.4980988593156,436f8da8-fd0f-4437-b4fa-05d18b97b5c9,37.020419000000004,-119.3342995
2020-12-02,-4013.482889733841,436f8da8-fd0f-4437-b4fa-05d18b97b5c9,37.020419000000004,-119.3342995
2020-12-03,-3016.342205323194,436f8da8-fd0f-4437-b4fa-05d18b97b5c9,37.020419000000004,-119.3342995
2020-12-04,-3429.9771863117876,436f8da8-fd0f-4437-b4fa-05d18b97b5c9,37.020419000000004,-119.3342995
2020-12-05,-3515.0,436f8da8-fd0f-4437-b4fa-05d18b97b5c9,37.020419000000004,-119.3342995
2020-12-06,-2160.0,436f8da8-fd0f-4437-b4fa-05d18b97b5c9,37.020419000000004,-119.3342995
2020-12-07,-3452.577946768062,436f8da8-fd0f-4437-b4fa-05d18b97b5c9,37.020419000000004,-119.3342995
2020-12-08,-2115.722433460076,436f8da8-fd0f-4437-b4fa-05d18b97b5c9,37.020419000000004,-119.3342995
2020-12-09,-4082.954372623575,436f8da8-fd0f-4437-b4fa-05d18b97b5c9,37.020419000000004,-119.3342995
2020-12-10,-2042.0,436f8da8-fd0f-4437-b4fa-05d18b97b5c9,37.020419000000004,-119.3342995
2020-12-11,1721.0,436f8da8-fd0f-4437-b4fa-05d18b97b5c9,37.020419000000004,-119.3342995
2020-12-12,1567.798479087453,436f8da8-fd0f-4437-b4fa-05d18b97b5c9,37.020419000000004,-119.3342995
2020-12-13,3343.0,436f8da8-fd0f-4437-b4fa-05d18b97b5c9,37.020419000000004,-119.3342995
2020-12-14,-1206.32319391635,436f8da8-fd0f-4437-b4fa-05d18b97b5c9,37.020419000000004,-119.3342995
2020-12-15,-2596.0,436f8da8-fd0f-4437-b4fa-05d18b97b5c9,37.020419000000004,-119.3342995
2020-12-16,-659.768060836502,436f8da8-fd0f-4437-b4fa-05d18b97b5c9,37.020419000000004,-119.3342995
2020-12-17,723.0,436f8da8-fd0f-4437-b4fa-05d18b97b5c9,37.020419000000004,-119.3342995
2020-12-18,-3517.695817490495,436f8da8-fd0f-4437-b4fa-05d18b97b5c9,37.020419000000004,-119.3342995
2020-12-19,-2683.866920152091,436f8da8-fd0f-4437-b4fa-05d18b97b5c9,37.020419000000004,-119.3342995
2020-12-20,-3514.5855513307993,436f8da8-fd0f-4437-b4fa-05d18b97b5c9,37.020419000000004,-119.3342995
2020-12-21,-3431.996197718632,436f8da8-fd0f-4437-b4fa-05d18b97b5c9,37.020419000000004,-119.3342995
2020-12-22,-3088.8022813688217,436f8da8-fd0f-4437-b4fa-05d18b97b5c9,37.020419000000004,-119.3342995
2020-12-23,-3523.802281368822,436f8da8-fd0f-4437-b4fa-05d18b97b5c9,37.020419000000004,-119.3342995
2020-12-24,1974.1825095057036,436f8da8-fd0f-4437-b4fa-05d18b97b5c9,37.020419000000004,-119.3342995
2020-12-25,5195.657794676807,436f8da8-fd0f-4437-b4fa-05d18b97b5c9,37.020419000000004,-119.3342995
2020-12-26,-184.8022813688213,436f8da8-fd0f-4437-b4fa-05d18b97b5c9,37.020419000000004,-119.3342995
2020-12-27,2506.4752851711028,436f8da8-fd0f-4437-b4fa-05d18b97b5c9,37.020419000000004,-119.3342995
2020-12-28,294.0,436f8da8-fd0f-4437-b4fa-05d18b97b5c9,37.020419000000004,-119.3342995
2020-12-29,-2876.5893536121675,436f8da8-fd0f-4437-b4fa-05d18b97b5c9,37.020419000000004,-119.3342995
2020-12-30,-1465.4182509505704,436f8da8-fd0f-4437-b4fa-05d18b97b5c9,37.020419000000004,-119.3342995
2020-12-31,-2695.0,436f8da8-fd0f-4437-b4fa-05d18b97b5c9,37.020419000000004,-119.3342995
2021-01-01,-3957.4600760456274,436f8da8-fd0f-4437-b4fa-05d18b97b5c9,37.020419000000004,-119.3342995
2021-01-02,1476.9429657794678,436f8da8-fd0f-4437-b4fa-05d18b97b5c9,37.020419000000004,-119.3342995
2021-01-03,-3442.9505703422055,436f8da8-fd0f-4437-b4fa-05d18b97b5c9,37.020419000000004,-119.3342995
2021-01-04,106.0,436f8da8-fd0f-4437-b4fa-05d18b97b5c9,37.020419000000004,-119.3342995
2021-01-05,-3295.703422053232,436f8da8-fd0f-4437-b4fa-05d18b97b5c9,37.020419000000004,-119.3342995
2021-01-06,-1719.0,436f8da8-fd0f-4437-b4fa-05d18b97b5c9,37.020419000000004,-119.3342995
2021-01-07,1888.6692015209126,436f8da8-fd0f-4437-b4fa-05d18b97b5c9,37.020419000000004,-119.3342995
2021-01-08,-3578.395437262357,436f8da8-fd0f-4437-b4fa-05d18b97b5c9,37.020419000000004,-119.3342995
2021-01-09,-615.2053231939165,436f8da8-fd0f-4437-b4fa-05d18b97b5c9,37.020419000000004,-119.3342995
2021-01-10,-4108.224334600761,436f8da8-fd0f-4437-b4fa-05d18b97b5c9,37.020419000000004,-119.3342995
2021-01-11,-1917.038022813689,436f8da8-fd0f-4437-b4fa-05d18b97b5c9,37.020419000000004,-119.3342995
2021-01-12,3906.0152091254763,436f8da8-fd0f-4437-b4fa-05d18b97b5c9,37.020419000000004,-119.3342995
2021-01-13,-2670.0,436f8da8-fd0f-4437-b4fa-05d18b97b5c9,37.020419000000004,-119.3342995
2021-01-14,-3242.2585551330794,436f8da8-fd0f-4437-b4fa-05d18b97b5c9,37.020419000000004,-119.3342995
2021-01-15,-3873.041825095057,436f8da8-fd0f-4437-b4fa-05d18b97b5c9,37.020419000000004,-119.3342995
2021-01-16,-2812.0,436f8da8-fd0f-4437-b4fa-05d18b97b5c9,37.020419000000004,-119.3342995
2021-01-17,-4075.7376425855514,436f8da8-fd0f-4437-b4fa-05d18b97b5c9,37.020419000000004,-119.3342995
2021-01-18,-1839.349809885932,436f8da8-fd0f-4437-b4fa-05d18b97b5c9,37.020419000000004,-119.3342995
2021-01-19,-4146.053231939164,436f8da8-fd0f-4437-b4fa-05d18b97b5c9,37.020419000000004,-119.3342995
2021-01-20,-3280.0,436f8da8-fd0f-4437-b4fa-05d18b97b5c9,37.020419000000004,-119.3342995
2021-01-21,-3970.0,436f8da8-fd0f-4437-b4fa-05d18b97b5c9,37.020419000000004,-119.3342995
2021-01-22,-346.0,436f8da8-fd0f-4437-b4fa-05d18b97b5c9,37.020419000000004,-119.3342995
2021-01-23,-2225.71102661597,436f8da8-fd0f-4437-b4fa-05d18b97b5c9,37.020419000000004,-119.3342995
2021-01-24,-925.9733840304183,436f8da8-fd0f-4437-b4fa-05d18b97b5c9,37.020419000000004,-119.3342995
2021-01-25,1334.3536121673005,436f8da8-fd0f-4437-b4fa-05d18b97b5c9,37.020419000000004,-119.3342995
2021-01-26,5192.638783269963,436f8da8-fd0f-4437-b4fa-05d18b97b5c9,37.020419000000004,-119.3342995
2021-01-27,3820.7034220532323,436f8da8-fd0f-4437-b4fa-05d18b97b5c9,37.020419000000004,-119.3342995
2021-01-28,3708.825095057035,436f8da8-fd0f-4437-b4fa-05d18b97b5c9,37.020419000000004,-119.3342995
2021-01-29,1084.3307984790877,436f8da8-fd0f-4437-b4fa-05d18b97b5c9,37.020419000000004,-119.3342995
2021-01-30,-2333.4410646387832,436f8da8-fd0f-4437-b4fa-05d18b97b5c9,37.020419000000004,-119.3342995
2021-01-31,1118.3498098859318,436f8da8-fd0f-4437-b4fa-05d18b97b5c9,37.020419000000004,-119.3342995
2021-02-01,-1958.0,436f8da8-fd0f-4437-b4fa-05d18b97b5c9,37.020419000000004,-119.3342995
2021-02-02,-3700.5589353612168,436f8da8-fd0f-4437-b4fa-05d18b97b5c9,37.020419000000004,-119.3342995
2021-02-03,-660.9201520912547,436f8da8-fd0f-4437-b4fa-05d18b97b5c9,37.020419000000004,-119.3342995
2021-02-04,-3940.589353612168,436f8da8-fd0f-4437-b4fa-05d18b97b5c9,37.020419000000004,-119.3342995
2021-02-05,-2687.0,436f8da8-fd0f-4437-b4fa-05d18b97b5c9,37.020419000000004,-119.3342995
2021-02-06,-3876.619771863119,436f8da8-fd0f-4437-b4fa-05d18b97b5c9,37.020419000000004,-119.3342995
2021-02-07,-3282.163498098859,436f8da8-fd0f-4437-b4fa-05d18b97b5c9,37.020419000000004,-119.3342995
2021-02-08,279.0,436f8da8-fd0f-4437-b4fa-05d18b97b5c9,37.020419000000004,-119.3342995
2021-02-09,1299.6730038022813,436f8da8-fd0f-4437-b4fa-05d18b97b5c9,37.020419000000004,-119.3342995
2021-02-10,-272.9961977186312,436f8da8-fd0f-4437-b4fa-05d18b97b5c9,37.020419000000004,-119.3342995
2021-02-11,-1234.4790874524715,436f8da8-fd0f-4437-b4fa-05d18b97b5c9,37.020419000000004,-119.3342995
2021-02-12,334.91254752851705,436f8da8-fd0f-4437-b4fa-05d18b97b5c9,37.020419000000004,-119.3342995
2021-02-13,3543.0,436f8da8-fd0f-4437-b4fa-05d18b97b5c9,37.020419000000004,-119.3342995
2021-02-14,-426.083650190114,436f8da8-fd0f-4437-b4fa-05d18b97b5c9,37.020419000000004,-119.3342995
2021-02-15,1646.0,436f8da8-fd0f-4437-b4fa-05d18b97b5c9,37.020419000000004,-119.3342995
2021-02-16,-447.0,436f8da8-fd0f-4437-b4fa-05d18b97b5c9,37.020419000000004,-119.3342995
2021-02-17,-979.0228136882129,436f8da8-fd0f-4437-b4fa-05d18b97b5c9,37.020419000000004,-119.3342995
2021-02-19,-2132.0,436f8da8-fd0f-4437-b4fa-05d18b97b5c9,37.020419000000004,-119.3342995
2021-02-20,-583.171102661597,436f8da8-fd0f-4437-b4fa-05d18b97b5c9,37.020419000000004,-119.3342995
2021-02-21,-3329.790874524715,436f8da8-fd0f-4437-b4fa-05d18b97b5c9,37.020419000000004,-119.3342995
2021-02-22,-4060.2319391634987,436f8da8-fd0f-4437-b4fa-05d18b97b5c9,37.020419000000004,-119.3342995
2021-02-23,-3120.0,436f8da8-fd0f-4437-b4fa-05d18b97b5c9,37.020419000000004,-119.3342995
2021-02-24,-3536.0,436f8da8-fd0f-4437-b4fa-05d18b97b5c9,37.020419000000004,-119.3342995
2021-02-25,-4025.61216730038,436f8da8-fd0f-4437-b4fa-05d18b97b5c9,37.020419000000004,-119.3342995
2021-02-26,-1887.0,436f8da8-fd0f-4437-b4fa-05d18b97b5c9,37.020419000000004,-119.3342995
2021-02-27,-4366.19771863118,436f8da8-fd0f-4437-b4fa-05d18b97b5c9,37.020419000000004,-119.3342995
2021-02-28,-2874.425855513308,436f8da8-fd0f-4437-b4fa-05d18b97b5c9,37.020419000000004,-119.3342995
2021-03-01,-4239.0,436f8da8-fd0f-4437-b4fa-05d18b97b5c9,37.020419000000004,-119.3342995
2021-03-02,-1704.0,436f8da8-fd0f-4437-b4fa-05d18b97b5c9,37.020419000000004,-119.3342995
2021-03-03,2210.239543726236,436f8da8-fd0f-4437-b4fa-05d18b97b5c9,37.020419000000004,-119.3342995
2021-03-04,-3791.4258555133083,436f8da8-fd0f-4437-b4fa-05d18b97b5c9,37.020419000000004,-119.3342995
2021-03-05,-3572.0,436f8da8-fd0f-4437-b4fa-05d18b97b5c9,37.020419000000004,-119.3342995
2021-03-06,-4083.6653992395445,436f8da8-fd0f-4437-b4fa-05d18b97b5c9,37.020419000000004,-119.3342995
2021-03-07,295.0,436f8da8-fd0f-4437-b4fa-05d18b97b5c9,37.020419000000004,-119.3342995
2021-03-08,-1252.5019011406844,436f8da8-fd0f-4437-b4fa-05d18b97b5c9,37.020419000000004,-119.3342995
2021-03-09,1104.7756653992396,436f8da8-fd0f-4437-b4fa-05d18b97b5c9,37.020419000000004,-119.3342995
2021-03-10,5210.90114068441,436f8da8-fd0f-4437-b4fa-05d18b97b5c9,37.020419000000004,-119.3342995
2021-03-11,2026.4334600760458,436f8da8-fd0f-4437-b4fa-05d18b97b5c9,37.020419000000004,-119.3342995
2021-03-12,1157.5019011406844,436f8da8-fd0f-4437-b4fa-05d18b97b5c9,37.020419000000004,-119.3342995
2021-03-13,-3148.2319391634983,436f8da8-fd0f-4437-b4fa-05d18b97b5c9,37.020419000000004,-119.3342995
2021-03-14,562.3079847908747,436f8da8-fd0f-4437-b4fa-05d18b97b5c9,37.020419000000004,-119.3342995
2021-03-15,513.2927756653993,436f8da8-fd0f-4437-b4fa-05d18b97b5c9,37.020419000000004,-119.3342995
2021-03-16,-54.34980988593156,436f8da8-fd0f-4437-b4fa-05d18b97b5c9,37.020419000000004,-119.3342995
2021-03-17,-2708.182509505704,436f8da8-fd0f-4437-b4fa-05d18b97b5c9,37.020419000000004,-119.3342995
2021-03-18,-1739.0,436f8da8-fd0f-4437-b4fa-05d18b97b5c9,37.020419000000004,-119.3342995
2021-03-19,3593.3954372623566,436f8da8-fd0f-4437-b4fa-05d18b97b5c9,37.020419000000004,-119.3342995
2021-03-20,-721.3041825095057,436f8da8-fd0f-4437-b4fa-05d18b97b5c9,37.020419000000004,-119.3342995
2021-03-21,-3118.7832699619776,436f8da8-fd0f-4437-b4fa-05d18b97b5c9,37.020419000000004,-119.3342995
2021-03-22,-3691.1406844106464,436f8da8-fd0f-4437-b4fa-05d18b97b5c9,37.020419000000004,-119.3342995
2021-03-23,-841.0,436f8da8-fd0f-4437-b4fa-05d18b97b5c9,37.020419000000004,-119.3342995
2021-03-24,-3743.870722433461,436f8da8-fd0f-4437-b4fa-05d18b97b5c9,37.020419000000004,-119.3342995
2021-03-25,-2897.0,436f8da8-fd0f-4437-b4fa-05d18b97b5c9,37.020419000000004,-119.3342995
2021-03-26,-2605.498098859316,436f8da8-fd0f-4437-b4fa-05d18b97b5c9,37.020419000000004,-119.3342995
2021-03-27,-3960.041825095057,436f8da8-fd0f-4437-b4fa-05d18b97b5c9,37.020419000000004,-119.3342995
2021-03-28,-3701.7794676806093,436f8da8-fd0f-4437-b4fa-05d18b97b5c9,37.020419000000004,-119.3342995
2021-03-29,-4207.0,436f8da8-fd0f-4437-b4fa-05d18b97b5c9,37.020419000000004,-119.3342995
2021-03-30,-2469.0,436f8da8-fd0f-4437-b4fa-05d18b97b5c9,37.020419000000004,-119.3342995
2021-03-31,-4209.467680608366,436f8da8-fd0f-4437-b4fa-05d18b97b5c9,37.020419000000004,-119.3342995
2021-04-01,-3175.722433460076,436f8da8-fd0f-4437-b4fa-05d18b97b5c9,37.020419000000004,-119.3342995
2021-04-02,-4113.623574144487,436f8da8-fd0f-4437-b4fa-05d18b97b5c9,37.020419000000004,-119.3342995
2021-04-03,-3798.2775665399245,436f8da8-fd0f-4437-b4fa-05d18b97b5c9,37.020419000000004,-119.3342995
2021-04-04,-2226.9733840304184,436f8da8-fd0f-4437-b4fa-05d18b97b5c9,37.020419000000004,-119.3342995
2021-04-05,-3740.3269961977194,436f8da8-fd0f-4437-b4fa-05d18b97b5c9,37.020419000000004,-119.3342995
2021-04-06,-3241.7984790874525,436f8da8-fd0f-4437-b4fa-05d18b97b5c9,37.020419000000004,-119.3342995
2021-04-07,-3412.5969581749046,436f8da8-fd0f-4437-b4fa-05d18b97b5c9,37.020419000000004,-119.3342995
2021-04-08,-2821.7224334600764,436f8da8-fd0f-4437-b4fa-05d18b97b5c9,37.020419000000004,-119.3342995
2021-04-09,-2184.0380228136887,436f8da8-fd0f-4437-b4fa-05d18b97b5c9,37.020419000000004,-119.3342995
2021-04-10,-3011.0,436f8da8-fd0f-4437-b4fa-05d18b97b5c9,37.020419000000004,-119.3342995
2021-04-11,-1643.0038022813692,436f8da8-fd0f-4437-b4fa-05d18b97b5c9,37.020419000000004,-119.3342995
2021-04-12,-3708.159695817491,436f8da8-fd0f-4437-b4fa-05d18b97b5c9,37.020419000000004,-119.3342995
2021-04-13,-3528.0,436f8da8-fd0f-4437-b4fa-05d18b97b5c9,37.020419000000004,-119.3342995
2021-04-14,-3862.9505703422055,436f8da8-fd0f-4437-b4fa-05d18b97b5c9,37.020419000000004,-119.3342995
2021-04-15,-2532.7338403041826,436f8da8-fd0f-4437-b4fa-05d18b97b5c9,37.020419000000004,-119.3342995
2021-04-16,-4054.3916349809892,436f8da8-fd0f-4437-b4fa-05d18b97b5c9,37.020419000000004,-119.3342995
2021-04-17,-2784.8669201520916,436f8da8-fd0f-4437-b4fa-05d18b97b5c9,37.020419000000004,-119.3342995
2021-04-18,-4140.0,436f8da8-fd0f-4437-b4fa-05d18b97b5c9,37.020419000000004,-119.3342995
2021-04-19,-3463.0,436f8da8-fd0f-4437-b4fa-05d18b97b5c9,37.020419000000004,-119.3342995
2021-04-20,-2832.3764258555134,436f8da8-fd0f-4437-b4fa-05d18b97b5c9,37.020419000000004,-119.3342995
2021-04-21,-1072.1673003802282,436f8da8-fd0f-4437-b4fa-05d18b97b5c9,37.020419000000004,-119.3342995
2021-04-22,-1972.0,436f8da8-fd0f-4437-b4fa-05d18b97b5c9,37.020419000000004,-119.3342995
2021-04-23,-3989.0760456273765,436f8da8-fd0f-4437-b4fa-05d18b97b5c9,37.020419000000004,-119.3342995
2021-04-24,-863.0,436f8da8-fd0f-4437-b4fa-05d18b97b5c9,37.020419000000004,-119.3342995
2021-04-25,6014.201520912549,436f8da8-fd0f-4437-b4fa-05d18b97b5c9,37.020419000000004,-119.3342995
2021-04-26,-1066.1368821292779,436f8da8-fd0f-4437-b4fa-05d18b97b5c9,37.020419000000004,-119.3342995
2021-04-27,-4016.9657794676814,436f8da8-fd0f-4437-b4fa-05d18b97b5c9,37.020419000000004,-119.3342995
2021-04-28,-3858.0,436f8da8-fd0f-4437-b4fa-05d18b97b5c9,37.020419000000004,-119.3342995
2021-04-29,-3318.0,436f8da8-fd0f-4437-b4fa-05d18b97b5c9,37.020419000000004,-119.3342995
2021-04-30,-3984.250950570343,436f8da8-fd0f-4437-b4fa-05d18b97b5c9,37.020419000000004,-119.3342995
2021-05-01,-2577.5057034220536,436f8da8-fd0f-4437-b4fa-05d18b97b5c9,37.020419000000004,-119.3342995
2021-05-02,-4239.144486692016,436f8da8-fd0f-4437-b4fa-05d18b97b5c9,37.020419000000004,-119.3342995
2021-05-03,-3198.0,436f8da8-fd0f-4437-b4fa-05d18b97b5c9,37.020419000000004,-119.3342995
2021-05-04,-4154.387832699621,436f8da8-fd0f-4437-b4fa-05d18b97b5c9,37.020419000000004,-119.3342995
2021-05-05,-3622.3193916349815,436f8da8-fd0f-4437-b4fa-05d18b97b5c9,37.020419000000004,-119.3342995
2021-05-06,-3622.182509505704,436f8da8-fd0f-4437-b4fa-05d18b97b5c9,37.020419000000004,-119.3342995
2021-05-07,-3981.140684410647,436f8da8-fd0f-4437-b4fa-05d18b97b5c9,37.020419000000004,-119.3342995
2021-05-08,-3345.0,436f8da8-fd0f-4437-b4fa-05d18b97b5c9,37.020419000000004,-119.3342995
2021-05-09,-3776.600760456274,436f8da8-fd0f-4437-b4fa-05d18b97b5c9,37.020419000000004,-119.3342995
2021-05-10,-3188.866920152092,436f8da8-fd0f-4437-b4fa-05d18b97b5c9,37.020419000000004,-119.3342995
2021-05-11,-4264.973384030419,436f8da8-fd0f-4437-b4fa-05d18b97b5c9,37.020419000000004,-119.3342995
2021-05-12,-3335.0,436f8da8-fd0f-4437-b4fa-05d18b97b5c9,37.020419000000004,-119.3342995
2021-05-13,-3970.699619771863,436f8da8-fd0f-4437-b4fa-05d18b97b5c9,37.020419000000004,-119.3342995
2021-05-14,-3832.737642585551,436f8da8-fd0f-4437-b4fa-05d18b97b5c9,37.020419000000004,-119.3342995
2021-05-15,-3578.0,436f8da8-fd0f-4437-b4fa-05d18b97b5c9,37.020419000000004,-119.3342995
2021-05-16,118.0,436f8da8-fd0f-4437-b4fa-05d18b97b5c9,37.020419000000004,-119.3342995
2021-05-17,-2352.0,436f8da8-fd0f-4437-b4fa-05d18b97b5c9,37.020419000000004,-119.3342995
2021-05-18,-4266.444866920153,436f8da8-fd0f-4437-b4fa-05d18b97b5c9,37.020419000000004,-119.3342995
2021-05-19,-3427.0,436f8da8-fd0f-4437-b4fa-05d18b97b5c9,37.020419000000004,-119.3342995
2021-05-20,-4178.768060836503,436f8da8-fd0f-4437-b4fa-05d18b97b5c9,37.020419000000004,-119.3342995
2021-05-21,-1791.6501901140684,436f8da8-fd0f-4437-b4fa-05d18b97b5c9,37.020419000000004,-119.3342995
2021-05-22,-2602.1026615969586,436f8da8-fd0f-4437-b4fa-05d18b97b5c9,37.020419000000004,-119.3342995
2021-05-23,-3924.0684410646395,436f8da8-fd0f-4437-b4fa-05d18b97b5c9,37.020419000000004,-119.3342995
2021-05-24,-3493.916349809886,436f8da8-fd0f-4437-b4fa-05d18b97b5c9,37.020419000000004,-119.3342995
2021-05-25,-4167.707224334601,436f8da8-fd0f-4437-b4fa-05d18b97b5c9,37.020419000000004,-119.3342995
2021-05-26,-3478.0,436f8da8-fd0f-4437-b4fa-05d18b97b5c9,37.020419000000004,-119.3342995
2021-05-27,-4427.885931558936,436f8da8-fd0f-4437-b4fa-05d18b97b5c9,37.020419000000004,-119.3342995
2021-05-28,-3580.0,436f8da8-fd0f-4437-b4fa-05d18b97b5c9,37.020419000000004,-119.3342995
2021-05-29,-2954.3840304182513,436f8da8-fd0f-4437-b4fa-05d18b97b5c9,37.020419000000004,-119.3342995
2021-05-30,-3841.0,436f8da8-fd0f-4437-b4fa-05d18b97b5c9,37.020419000000004,-119.3342995
2021-05-31,-3768.2167300380224,436f8da8-fd0f-4437-b4fa-05d18b97b5c9,37.020419000000004,-119.3342995
2021-06-01,-4148.6463878327,436f8da8-fd0f-4437-b4fa-05d18b97b5c9,37.020419000000004,-119.3342995
2021-06-02,-2568.353612167301,436f8da8-fd0f-4437-b4fa-05d18b97b5c9,37.020419000000004,-119.3342995
2021-06-03,-4249.946768060837,436f8da8-fd0f-4437-b4fa-05d18b97b5c9,37.020419000000004,-119.3342995
2021-06-04,-3223.7566539923955,436f8da8-fd0f-4437-b4fa-05d18b97b5c9,37.020419000000004,-119.3342995
2021-06-05,-4269.155893536122,436f8da8-fd0f-4437-b4fa-05d18b97b5c9,37.020419000000004,-119.3342995
2021-06-06,-3822.095057034221,436f8da8-fd0f-4437-b4fa-05d18b97b5c9,37.020419000000004,-119.3342995
2021-06-07,1601.0,436f8da8-fd0f-4437-b4fa-05d18b97b5c9,37.020419000000004,-119.3342995
2021-06-08,-4026.7452471482898,436f8da8-fd0f-4437-b4fa-05d18b97b5c9,37.020419000000004,-119.3342995
2021-06-09,-3483.543726235742,436f8da8-fd0f-4437-b4fa-05d18b97b5c9,37.020419000000004,-119.3342995
2021-06-10,-4369.083650190114,436f8da8-fd0f-4437-b4fa-05d18b97b5c9,37.020419000000004,-119.3342995
2021-06-11,-3341.201520912548,436f8da8-fd0f-4437-b4fa-05d18b97b5c9,37.020419000000004,-119.3342995
2021-06-12,-4399.539923954374,436f8da8-fd0f-4437-b4fa-05d18b97b5c9,37.020419000000004,-119.3342995
2021-06-13,-3779.6349809885933,436f8da8-fd0f-4437-b4fa-05d18b97b5c9,37.020419000000004,-119.3342995
2021-06-14,-4141.368821292776,436f8da8-fd0f-4437-b4fa-05d18b97b5c9,37.020419000000004,-119.3342995
2021-06-15,-4161.216730038024,436f8da8-fd0f-4437-b4fa-05d18b97b5c9,37.020419000000004,-119.3342995
2021-06-16,970.0,436f8da8-fd0f-4437-b4fa-05d18b97b5c9,37.020419000000004,-119.3342995
2021-06-17,-3858.1825095057034,436f8da8-fd0f-4437-b4fa-05d18b97b5c9,37.020419000000004,-119.3342995
2021-06-18,-2436.653992395437,436f8da8-fd0f-4437-b4fa-05d18b97b5c9,37.020419000000004,-119.3342995
2021-06-19,-4381.836501901141,436f8da8-fd0f-4437-b4fa-05d18b97b5c9,37.020419000000004,-119.3342995
2021-06-20,-3146.0152091254763,436f8da8-fd0f-4437-b4fa-05d18b97b5c9,37.020419000000004,-119.3342995
2021-06-21,-4454.509505703423,436f8da8-fd0f-4437-b4fa-05d18b97b5c9,37.020419000000004,-119.3342995
2021-06-22,-4060.4714828897345,436f8da8-fd0f-4437-b4fa-05d18b97b5c9,37.020419000000004,-119.3342995
2021-06-23,-4078.136882129277,436f8da8-fd0f-4437-b4fa-05d18b97b5c9,37.020419000000004,-119.3342995
2021-06-24,-4227.346007604564,436f8da8-fd0f-4437-b4fa-05d18b97b5c9,37.020419000000004,-119.3342995
2021-06-25,-3608.0,436f8da8-fd0f-4437-b4fa-05d18b97b5c9,37.020419000000004,-119.3342995
2021-06-26,-4452.3117870722435,436f8da8-fd0f-4437-b4fa-05d18b97b5c9,37.020419000000004,-119.3342995
2021-06-27,-3113.0,436f8da8-fd0f-4437-b4fa-05d18b97b5c9,37.020419000000004,-119.3342995
2021-06-28,-4472.410646387833,436f8da8-fd0f-4437-b4fa-05d18b97b5c9,37.020419000000004,-119.3342995
2021-06-29,-3431.494296577947,436f8da8-fd0f-4437-b4fa-05d18b97b5c9,37.020419000000004,-119.3342995
2021-06-30,-3650.0,436f8da8-fd0f-4437-b4fa-05d18b97b5c9,37.020419000000004,-119.3342995
2021-07-01,-3948.0,436f8da8-fd0f-4437-b4fa-05d18b97b5c9,37.020419000000004,-119.3342995
2021-07-02,-3872.0,436f8da8-fd0f-4437-b4fa-05d18b97b5c9,37.020419000000004,-119.3342995
2021-07-03,-2822.1711026615976,436f8da8-fd0f-4437-b4fa-05d18b97b5c9,37.020419000000004,-119.3342995
2021-07-04,-3130.657794676806,436f8da8-fd0f-4437-b4fa-05d18b97b5c9,37.020419000000004,-119.3342995
2021-07-05,-4549.642585551331,436f8da8-fd0f-4437-b4fa-05d18b97b5c9,37.020419000000004,-119.3342995
2021-07-06,-3403.057034220533,436f8da8-fd0f-4437-b4fa-05d18b97b5c9,37.020419000000004,-119.3342995
2021-07-07,-4420.0,436f8da8-fd0f-4437-b4fa-05d18b97b5c9,37.020419000000004,-119.3342995
2021-07-08,-3928.866920152091,436f8da8-fd0f-4437-b4fa-05d18b97b5c9,37.020419000000004,-119.3342995
2021-07-09,-3895.7718631178705,436f8da8-fd0f-4437-b4fa-05d18b97b5c9,37.020419000000004,-119.3342995
2021-07-10,-4154.0,436f8da8-fd0f-4437-b4fa-05d18b97b5c9,37.020419000000004,-119.3342995
2021-07-11,3020.5703422053243,436f8da8-fd0f-4437-b4fa-05d18b97b5c9,37.020419000000004,-119.3342995
2021-07-12,-4327.566539923955,436f8da8-fd0f-4437-b4fa-05d18b97b5c9,37.020419000000004,-119.3342995
2021-07-13,-400.97338403041823,436f8da8-fd0f-4437-b4fa-05d18b97b5c9,37.020419000000004,-119.3342995
2021-07-14,-4357.163498098859,436f8da8-fd0f-4437-b4fa-05d18b97b5c9,37.020419000000004,-119.3342995
2021-07-15,-3289.0,436f8da8-fd0f-4437-b4fa-05d18b97b5c9,37.020419000000004,-119.3342995
2021-07-16,-4244.524714828897,436f8da8-fd0f-4437-b4fa-05d18b97b5c9,37.020419000000004,-119.3342995
2021-07-17,-4041.121673003803,436f8da8-fd0f-4437-b4fa-05d18b97b5c9,37.020419000000004,-119.3342995
2021-07-18,-1616.0,436f8da8-fd0f-4437-b4fa-05d18b97b5c9,37.020419000000004,-119.3342995
2021-07-19,-3999.4714828897336,436f8da8-fd0f-4437-b4fa-05d18b97b5c9,37.020419000000004,-119.3342995
2021-07-20,-2907.513307984791,436f8da8-fd0f-4437-b4fa-05d18b97b5c9,37.020419000000004,-119.3342995
2021-07-21,-4411.186311787073,436f8da8-fd0f-4437-b4fa-05d18b97b5c9,37.020419000000004,-119.3342995
2021-07-22,-2959.0,436f8da8-fd0f-4437-b4fa-05d18b97b5c9,37.020419000000004,-119.3342995
2021-07-23,-4124.406844106465,436f8da8-fd0f-4437-b4fa-05d18b97b5c9,37.020419000000004,-119.3342995
2021-07-24,-3686.6653992395445,436f8da8-fd0f-4437-b4fa-05d18b97b5c9,37.020419000000004,-119.3342995
2021-07-25,-3364.4980988593156,436f8da8-fd0f-4437-b4fa-05d18b97b5c9,37.020419000000004,-119.3342995
2021-07-26,-1645.2927756653992,436f8da8-fd0f-4437-b4fa-05d18b97b5c9,37.020419000000004,-119.3342995
2021-07-27,-3804.1520912547535,436f8da8-fd0f-4437-b4fa-05d18b97b5c9,37.020419000000004,-119.3342995
2021-07-28,-4353.6045627376425,436f8da8-fd0f-4437-b4fa-05d18b97b5c9,37.020419000000004,-119.3342995
2021-07-29,-610.0,436f8da8-fd0f-4437-b4fa-05d18b97b5c9,37.020419000000004,-119.3342995
2021-07-30,-2419.0646387832703,436f8da8-fd0f-4437-b4fa-05d18b97b5c9,37.020419000000004,-119.3342995
2021-07-31,-266.82889733840307,436f8da8-fd0f-4437-b4fa-05d18b97b5c9,37.020419000000004,-119.3342995
2021-08-01,-4315.836501901142,436f8da8-fd0f-4437-b4fa-05d18b97b5c9,37.020419000000004,-119.3342995
2021-08-02,-4428.0,436f8da8-fd0f-4437-b4fa-05d18b97b5c9,37.020419000000004,-119.3342995
2021-08-03,-3984.0,436f8da8-fd0f-4437-b4fa-05d18b97b5c9,37.020419000000004,-119.3342995
2021-08-04,-4561.368821292776,436f8da8-fd0f-4437-b4fa-05d18b97b5c9,37.020419000000004,-119.3342995
2021-08-05,-3046.6159695817487,436f8da8-fd0f-4437-b4fa-05d18b97b5c9,37.020419000000004,-119.3342995
2021-08-06,-4457.570342205324,436f8da8-fd0f-4437-b4fa-05d18b97b5c9,37.020419000000004,-119.3342995
2021-08-07,-3391.1140684410657,436f8da8-fd0f-4437-b4fa-05d18b97b5c9,37.020419000000004,-119.3342995
2021-08-08,-4089.102661596958,436f8da8-fd0f-4437-b4fa-05d18b97b5c9,37.020419000000004,-119.3342995
2021-08-09,-2689.361216730038,436f8da8-fd0f-4437-b4fa-05d18b97b5c9,37.020419000000004,-119.3342995
2021-08-10,-4001.22813688213,436f8da8-fd0f-4437-b4fa-05d18b97b5c9,37.020419000000004,-119.3342995
2021-08-11,-4197.562737642586,436f8da8-fd0f-4437-b4fa-05d18b97b5c9,37.020419000000004,-119.3342995
2021-08-12,-3060.0,436f8da8-fd0f-4437-b4fa-05d18b97b5c9,37.020419000000004,-119.3342995
2021-08-13,-3917.167300380229,436f8da8-fd0f-4437-b4fa-05d18b97b5c9,37.020419000000004,-119.3342995
2021-08-14,-1289.091254752852,436f8da8-fd0f-4437-b4fa-05d18b97b5c9,37.020419000000004,-119.3342995
2021-08-15,-4046.939163498099,436f8da8-fd0f-4437-b4fa-05d18b97b5c9,37.020419000000004,-119.3342995
2021-08-16,-308.0,436f8da8-fd0f-4437-b4fa-05d18b97b5c9,37.020419000000004,-119.3342995
2021-08-17,-3997.7680608365026,436f8da8-fd0f-4437-b4fa-05d18b97b5c9,37.020419000000004,-119.3342995
2021-08-18,-3914.566539923955,436f8da8-fd0f-4437-b4fa-05d18b97b5c9,37.020419000000004,-119.3342995
2021-08-19,-2495.380228136882,436f8da8-fd0f-4437-b4fa-05d18b97b5c9,37.020419000000004,-119.3342995
2021-08-20,-2339.539923954373,436f8da8-fd0f-4437-b4fa-05d18b97b5c9,37.020419000000004,-119.3342995
2021-08-21,397.39543726235735,436f8da8-fd0f-4437-b4fa-05d18b97b5c9,37.020419000000004,-119.3342995
2021-08-22,-4075.2927756653994,436f8da8-fd0f-4437-b4fa-05d18b97b5c9,37.020419000000004,-119.3342995
2021-08-23,-1145.8441064638785,436f8da8-fd0f-4437-b4fa-05d18b97b5c9,37.020419000000004,-119.3342995
2021-08-24,-4341.847908745248,436f8da8-fd0f-4437-b4fa-05d18b97b5c9,37.020419000000004,-119.3342995
2021-08-25,-3518.0,436f8da8-fd0f-4437-b4fa-05d18b97b5c9,37.020419000000004,-119.3342995
2021-08-26,-3989.7376425855523,436f8da8-fd0f-4437-b4fa-05d18b97b5c9,37.020419000000004,-119.3342995
2021-08-27,-3405.825095057035,436f8da8-fd0f-4437-b4fa-05d18b97b5c9,37.020419000000004,-119.3342995
2021-08-28,-3274.8136882129284,436f8da8-fd0f-4437-b4fa-05d18b97b5c9,37.020419000000004,-119.3342995
2021-08-29,-4180.836501901142,436f8da8-fd0f-4437-b4fa-05d18b97b5c9,37.020419000000004,-119.3342995
2021-08-30,-2749.0,436f8da8-fd0f-4437-b4fa-05d18b97b5c9,37.020419000000004,-119.3342995
2021-08-31,-4396.809885931559,436f8da8-fd0f-4437-b4fa-05d18b97b5c9,37.020419000000004,-119.3342995
2021-09-01,-3719.0,436f8da8-fd0f-4437-b4fa-05d18b97b5c9,37.020419000000004,-119.3342995
2021-09-02,-4213.980988593157,436f8da8-fd0f-4437-b4fa-05d18b97b5c9,37.020419000000004,-119.3342995
2021-09-03,-4184.650190114069,436f8da8-fd0f-4437-b4fa-05d18b97b5c9,37.020419000000004,-119.3342995
2021-09-04,-3737.923954372624,436f8da8-fd0f-4437-b4fa-05d18b97b5c9,37.020419000000004,-119.3342995
2021-09-05,-4461.16349809886,436f8da8-fd0f-4437-b4fa-05d18b97b5c9,37.020419000000004,-119.3342995
2021-09-06,-2838.0,436f8da8-fd0f-4437-b4fa-05d18b97b5c9,37.020419000000004,-119.3342995
2021-09-07,-4503.250950570343,436f8da8-fd0f-4437-b4fa-05d18b97b5c9,37.020419000000004,-119.3342995
2021-09-08,-2981.6920152091257,436f8da8-fd0f-4437-b4fa-05d18b97b5c9,37.020419000000004,-119.3342995
2021-09-09,-3621.0,436f8da8-fd0f-4437-b4fa-05d18b97b5c9,37.020419000000004,-119.3342995
2021-09-10,-1576.083650190114,436f8da8-fd0f-4437-b4fa-05d18b97b5c9,37.020419000000004,-119.3342995
2021-09-11,-4151.752851711028,436f8da8-fd0f-4437-b4fa-05d18b97b5c9,37.020419000000004,-119.3342995
2021-09-12,-4369.77566539924,436f8da8-fd0f-4437-b4fa-05d18b97b5c9,37.020419000000004,-119.3342995
2021-09-13,-3438.863117870723,436f8da8-fd0f-4437-b4fa-05d18b97b5c9,37.020419000000004,-119.3342995
2021-09-14,-3642.5095057034227,436f8da8-fd0f-4437-b4fa-05d18b97b5c9,37.020419000000004,-119.3342995
2021-09-15,-393.0,436f8da8-fd0f-4437-b4fa-05d18b97b5c9,37.020419000000004,-119.3342995
2021-09-16,-3319.045627376426,436f8da8-fd0f-4437-b4fa-05d18b97b5c9,37.020419000000004,-119.3342995
2021-09-17,1863.0,436f8da8-fd0f-4437-b4fa-05d18b97b5c9,37.020419000000004,-119.3342995
2021-09-18,-2983.7604562737642,436f8da8-fd0f-4437-b4fa-05d18b97b5c9,37.020419000000004,-119.3342995
2021-09-19,-4300.406844106464,436f8da8-fd0f-4437-b4fa-05d18b97b5c9,37.020419000000004,-119.3342995
2021-09-20,-3330.1216730038027,436f8da8-fd0f-4437-b4fa-05d18b97b5c9,37.020419000000004,-119.3342995
2021-09-21,4.669201520912546,436f8da8-fd0f-4437-b4fa-05d18b97b5c9,37.020419000000004,-119.3342995
2021-09-23,-4367.307984790876,436f8da8-fd0f-4437-b4fa-05d18b97b5c9,37.020419000000004,-119.3342995
2021-09-24,1605.8022813688212,436f8da8-fd0f-4437-b4fa-05d18b97b5c9,37.020419000000004,-119.3342995
2021-09-25,-2862.0,436f8da8-fd0f-4437-b4fa-05d18b97b5c9,37.020419000000004,-119.3342995
2021-09-26,59.0,436f8da8-fd0f-4437-b4fa-05d18b97b5c9,37.020419000000004,-119.3342995
2021-09-27,-3347.3307984790877,436f8da8-fd0f-4437-b4fa-05d18b97b5c9,37.020419000000004,-119.3342995
2021-09-28,-3155.4942965779474,436f8da8-fd0f-4437-b4fa-05d18b97b5c9,37.020419000000004,-119.3342995
2021-09-29,-2339.0,436f8da8-fd0f-4437-b4fa-05d18b97b5c9,37.020419000000004,-119.3342995
2021-09-30,-4114.429657794677,436f8da8-fd0f-4437-b4fa-05d18b97b5c9,37.020419000000004,-119.3342995
2021-10-01,1291.9277566539927,436f8da8-fd0f-4437-b4fa-05d18b97b5c9,37.020419000000004,-119.3342995
2021-10-02,1283.5779467680609,436f8da8-fd0f-4437-b4fa-05d18b97b5c9,37.020419000000004,-119.3342995
2021-10-03,1844.5817490494294,436f8da8-fd0f-4437-b4fa-05d18b97b5c9,37.020419000000004,-119.3342995
2021-10-04,1010.5437262357416,436f8da8-fd0f-4437-b4fa-05d18b97b5c9,37.020419000000004,-119.3342995
2021-10-05,1008.8288973384033,436f8da8-fd0f-4437-b4fa-05d18b97b5c9,37.020419000000004,-119.3342995
2021-10-06,-1596.0,436f8da8-fd0f-4437-b4fa-05d18b97b5c9,37.020419000000004,-119.3342995
2021-10-07,-2292.4638783269966,436f8da8-fd0f-4437-b4fa-05d18b97b5c9,37.020419000000004,-119.3342995
2021-10-08,1018.0,436f8da8-fd0f-4437-b4fa-05d18b97b5c9,37.020419000000004,-119.3342995
2021-10-09,-2424.1140684410643,436f8da8-fd0f-4437-b4fa-05d18b97b5c9,37.020419000000004,-119.3342995
2021-10-10,-2579.8250950570346,436f8da8-fd0f-4437-b4fa-05d18b97b5c9,37.020419000000004,-119.3342995
2021-10-11,-1975.7490494296583,436f8da8-fd0f-4437-b4fa-05d18b97b5c9,37.020419000000004,-119.3342995
2021-10-12,-3767.0,436f8da8-fd0f-4437-b4fa-05d18b97b5c9,37.020419000000004,-119.3342995
2021-10-13,-3971.429657794677,436f8da8-fd0f-4437-b4fa-05d18b97b5c9,37.020419000000004,-119.3342995
2021-10-14,-4231.897338403041,436f8da8-fd0f-4437-b4fa-05d18b97b5c9,37.020419000000004,-119.3342995
2021-10-15,-3382.372623574145,436f8da8-fd0f-4437-b4fa-05d18b97b5c9,37.020419000000004,-119.3342995
2021-10-16,-3992.653992395438,436f8da8-fd0f-4437-b4fa-05d18b97b5c9,37.020419000000004,-119.3342995
2021-10-17,-1742.0342205323195,436f8da8-fd0f-4437-b4fa-05d18b97b5c9,37.020419000000004,-119.3342995
2021-10-18,-2395.8935361216727,436f8da8-fd0f-4437-b4fa-05d18b97b5c9,37.020419000000004,-119.3342995
2021-10-19,-3487.1444866920156,436f8da8-fd0f-4437-b4fa-05d18b97b5c9,37.020419000000004,-119.3342995
2021-10-20,-3438.0,436f8da8-fd0f-4437-b4fa-05d18b97b5c9,37.020419000000004,-119.3342995
2021-10-21,-3517.927756653992,436f8da8-fd0f-4437-b4fa-05d18b97b5c9,37.020419000000004,-119.3342995
2021-10-22,-898.1939163498099,436f8da8-fd0f-4437-b4fa-05d18b97b5c9,37.020419000000004,-119.3342995
2021-10-23,1808.2965779467681,436f8da8-fd0f-4437-b4fa-05d18b97b5c9,37.020419000000004,-119.3342995
2021-10-24,3549.71102661597,436f8da8-fd0f-4437-b4fa-05d18b97b5c9,37.020419000000004,-119.3342995
2021-10-25,5617.71102661597,436f8da8-fd0f-4437-b4fa-05d18b97b5c9,37.020419000000004,-119.3342995
2021-10-26,-2065.0,436f8da8-fd0f-4437-b4fa-05d18b97b5c9,37.020419000000004,-119.3342995
2021-10-27,-3662.2319391634996,436f8da8-fd0f-4437-b4fa-05d18b97b5c9,37.020419000000004,-119.3342995
2021-10-28,-3720.6387832699625,436f8da8-fd0f-4437-b4fa-05d18b97b5c9,37.020419000000004,-119.3342995
2021-10-29,-3177.5893536121675,436f8da8-fd0f-4437-b4fa-05d18b97b5c9,37.020419000000004,-119.3342995
2021-10-30,-399.0,436f8da8-fd0f-4437-b4fa-05d18b97b5c9,37.020419000000004,-119.3342995
2021-10-31,303.49429657794684,436f8da8-fd0f-4437-b4fa-05d18b97b5c9,37.020419000000004,-119.3342995
2021-11-01,2423.798479087453,436f8da8-fd0f-4437-b4fa-05d18b97b5c9,37.020419000000004,-119.3342995
2021-11-02,-2722.0,436f8da8-fd0f-4437-b4fa-05d18b97b5c9,37.020419000000004,-119.3342995
2021-11-03,-4232.049429657795,436f8da8-fd0f-4437-b4fa-05d18b97b5c9,37.020419000000004,-119.3342995
2021-11-04,-2334.0,436f8da8-fd0f-4437-b4fa-05d18b97b5c9,37.020419000000004,-119.3342995
2021-11-05,-3706.0,436f8da8-fd0f-4437-b4fa-05d18b97b5c9,37.020419000000004,-119.3342995
2021-11-06,-2696.0,436f8da8-fd0f-4437-b4fa-05d18b97b5c9,37.020419000000004,-119.3342995
2021-11-07,240.07604562737652,436f8da8-fd0f-4437-b4fa-05d18b97b5c9,37.020419000000004,-119.3342995
2021-11-08,-2682.28897338403,436f8da8-fd0f-4437-b4fa-05d18b97b5c9,37.020419000000004,-119.3342995
2021-11-09,2822.897338403042,436f8da8-fd0f-4437-b4fa-05d18b97b5c9,37.020419000000004,-119.3342995
2021-11-10,-3817.7376425855514,436f8da8-fd0f-4437-b4fa-05d18b97b5c9,37.020419000000004,-119.3342995
2021-11-11,-2141.4144486692016,436f8da8-fd0f-4437-b4fa-05d18b97b5c9,37.020419000000004,-119.3342995
2021-11-12,-3912.0,436f8da8-fd0f-4437-b4fa-05d18b97b5c9,37.020419000000004,-119.3342995
2021-11-13,-3391.0,436f8da8-fd0f-4437-b4fa-05d18b97b5c9,37.020419000000004,-119.3342995
2021-11-14,-3604.931558935362,436f8da8-fd0f-4437-b4fa-05d18b97b5c9,37.020419000000004,-119.3342995
2021-11-15,-752.7984790874525,436f8da8-fd0f-4437-b4fa-05d18b97b5c9,37.020419000000004,-119.3342995
2021-11-16,-3092.0,436f8da8-fd0f-4437-b4fa-05d18b97b5c9,37.020419000000004,-119.3342995
2021-11-17,-4019.8060836501904,436f8da8-fd0f-4437-b4fa-05d18b97b5c9,37.020419000000004,-119.3342995
2021-11-18,373.0,436f8da8-fd0f-4437-b4fa-05d18b97b5c9,37.020419000000004,-119.3342995
2021-11-19,-2798.2889733840307,436f8da8-fd0f-4437-b4fa-05d18b97b5c9,37.020419000000004,-119.3342995
2021-11-20,-533.0,436f8da8-fd0f-4437-b4fa-05d18b97b5c9,37.020419000000004,-119.3342995
2021-11-21,-3777.296577946769,436f8da8-fd0f-4437-b4fa-05d18b97b5c9,37.020419000000004,-119.3342995
2021-11-22,-3606.0,436f8da8-fd0f-4437-b4fa-05d18b97b5c9,37.020419000000004,-119.3342995
2021-11-23,-3454.254752851711,436f8da8-fd0f-4437-b4fa-05d18b97b5c9,37.020419000000004,-119.3342995
2021-11-24,-3392.6806083650195,436f8da8-fd0f-4437-b4fa-05d18b97b5c9,37.020419000000004,-119.3342995
2021-11-25,-1860.0,436f8da8-fd0f-4437-b4fa-05d18b97b5c9,37.020419000000004,-119.3342995
2021-11-26,1457.1406844106464,436f8da8-fd0f-4437-b4fa-05d18b97b5c9,37.020419000000004,-119.3342995
2021-11-27,-2511.874524714829,436f8da8-fd0f-4437-b4fa-05d18b97b5c9,37.020419000000004,-119.3342995
2021-11-28,-4054.0114068441067,436f8da8-fd0f-4437-b4fa-05d18b97b5c9,37.020419000000004,-119.3342995
2021-11-29,-3518.102661596959,436f8da8-fd0f-4437-b4fa-05d18b97b5c9,37.020419000000004,-119.3342995
2021-11-30,-3702.9885931558933,436f8da8-fd0f-4437-b4fa-05d18b97b5c9,37.020419000000004,-119.3342995
2021-12-01,-4121.634980988593,436f8da8-fd0f-4437-b4fa-05d18b97b5c9,37.020419000000004,-119.3342995
2021-12-02,-1900.0,436f8da8-fd0f-4437-b4fa-05d18b97b5c9,37.020419000000004,-119.3342995
2021-12-03,-3001.977186311787,436f8da8-fd0f-4437-b4fa-05d18b97b5c9,37.020419000000004,-119.3342995
2021-12-04,-1721.3003802281369,436f8da8-fd0f-4437-b4fa-05d18b97b5c9,37.020419000000004,-119.3342995
2021-12-05,-3229.433460076046,436f8da8-fd0f-4437-b4fa-05d18b97b5c9,37.020419000000004,-119.3342995
2021-12-06,2380.0,436f8da8-fd0f-4437-b4fa-05d18b97b5c9,37.020419000000004,-119.3342995
2021-12-07,-2504.832699619772,436f8da8-fd0f-4437-b4fa-05d18b97b5c9,37.020419000000004,-119.3342995
2021-12-08,-3308.0,436f8da8-fd0f-4437-b4fa-05d18b97b5c9,37.020419000000004,-119.3342995
2021-12-09,3025.0,436f8da8-fd0f-4437-b4fa-05d18b97b5c9,37.020419000000004,-119.3342995
2021-12-10,-2778.893536121674,436f8da8-fd0f-4437-b4fa-05d18b97b5c9,37.020419000000004,-119.3342995
2021-12-11,-1120.7566539923955,436f8da8-fd0f-4437-b4fa-05d18b97b5c9,37.020419000000004,-119.3342995
2021-12-12,-879.1558935361219,436f8da8-fd0f-4437-b4fa-05d18b97b5c9,37.020419000000004,-119.3342995
2021-12-13,1674.4714828897338,436f8da8-fd0f-4437-b4fa-05d18b97b5c9,37.020419000000004,-119.3342995
2021-12-14,4899.167300380229,436f8da8-fd0f-4437-b4fa-05d18b97b5c9,37.020419000000004,-119.3342995
2021-12-15,-1291.1787072243346,436f8da8-fd0f-4437-b4fa-05d18b97b5c9,37.020419000000004,-119.3342995
2021-12-16,3004.079847908745,436f8da8-fd0f-4437-b4fa-05d18b97b5c9,37.020419000000004,-119.3342995
2021-12-17,-2218.190114068441,436f8da8-fd0f-4437-b4fa-05d18b97b5c9,37.020419000000004,-119.3342995
2021-12-18,-1886.9657794676805,436f8da8-fd0f-4437-b4fa-05d18b97b5c9,37.020419000000004,-119.3342995
2021-12-19,-3764.091254752852,436f8da8-fd0f-4437-b4fa-05d18b97b5c9,37.020419000000004,-119.3342995
2021-12-20,-235.0,436f8da8-fd0f-4437-b4fa-05d18b97b5c9,37.020419000000004,-119.3342995
2021-12-21,-3540.3460076045635,436f8da8-fd0f-4437-b4fa-05d18b97b5c9,37.020419000000004,-119.3342995
2021-12-22,1409.2813688212927,436f8da8-fd0f-4437-b4fa-05d18b97b5c9,37.020419000000004,-119.3342995
2021-12-23,4160.0,436f8da8-fd0f-4437-b4fa-05d18b97b5c9,37.020419000000004,-119.3342995
2021-12-24,1374.2547528517111,436f8da8-fd0f-4437-b4fa-05d18b97b5c9,37.020419000000004,-119.3342995
2021-12-25,-787.0,436f8da8-fd0f-4437-b4fa-05d18b97b5c9,37.020419000000004,-119.3342995
2021-12-26,825.0988593155895,436f8da8-fd0f-4437-b4fa-05d18b97b5c9,37.020419000000004,-119.3342995
2021-12-27,1758.4182509505708,436f8da8-fd0f-4437-b4fa-05d18b97b5c9,37.020419000000004,-119.3342995
2021-12-28,3109.3536121673005,436f8da8-fd0f-4437-b4fa-05d18b97b5c9,37.020419000000004,-119.3342995
2021-12-29,1226.0,436f8da8-fd0f-4437-b4fa-05d18b97b5c9,37.020419000000004,-119.3342995
2021-12-30,-1126.0,436f8da8-fd0f-4437-b4fa-05d18b97b5c9,37.020419000000004,-119.3342995
