date,rmin,cell_id,latitude,longitude
2013-01-01 06:00:00,39.09231067184756,cfe58efd-ce2a-495a-90cd-6826f704ebee,40.295338,-111.2584445
2013-01-02 06:00:00,36.518209385940594,cfe58efd-ce2a-495a-90cd-6826f704ebee,40.295338,-111.2584445
2013-01-03 06:00:00,27.41910705603051,cfe58efd-ce2a-495a-90cd-6826f704ebee,40.295338,-111.2584445
2013-01-04 06:00:00,25.303072968775215,cfe58efd-ce2a-495a-90cd-6826f704ebee,40.295338,-111.2584445
2013-01-05 06:00:00,26.89617920654766,cfe58efd-ce2a-495a-90cd-6826f704ebee,40.295338,-111.2584445
2013-01-06 06:00:00,28.376797988481183,cfe58efd-ce2a-495a-90cd-6826f704ebee,40.295338,-111.2584445
2013-01-07 06:00:00,30.06848311813604,cfe58efd-ce2a-495a-90cd-6826f704ebee,40.295338,-111.2584445
2013-01-08 06:00:00,41.91375265570356,cfe58efd-ce2a-495a-90cd-6826f704ebee,40.295338,-111.2584445
2013-01-09 06:00:00,42.346105361190936,cfe58efd-ce2a-495a-90cd-6826f704ebee,40.295338,-111.2584445
2013-01-10 06:00:00,40.72997021194151,cfe58efd-ce2a-495a-90cd-6826f704ebee,40.295338,-111.2584445
2013-01-11 06:00:00,51.234398760323785,cfe58efd-ce2a-495a-90cd-6826f704ebee,40.295338,-111.2584445
2013-01-12 06:00:00,49.12666187048188,cfe58efd-ce2a-495a-90cd-6826f704ebee,40.295338,-111.2584445
2013-01-13 06:00:00,43.71534608443349,cfe58efd-ce2a-495a-90cd-6826f704ebee,40.295338,-111.2584445
2013-01-14 06:00:00,38.60030304526733,cfe58efd-ce2a-495a-90cd-6826f704ebee,40.295338,-111.2584445
2013-01-15 06:00:00,34.39024392969899,cfe58efd-ce2a-495a-90cd-6826f704ebee,40.295338,-111.2584445
2013-01-16 06:00:00,37.93244844302893,cfe58efd-ce2a-495a-90cd-6826f704ebee,40.295338,-111.2584445
2013-01-17 06:00:00,32.81468845444385,cfe58efd-ce2a-495a-90cd-6826f704ebee,40.295338,-111.2584445
2013-01-18 06:00:00,29.7606208885552,cfe58efd-ce2a-495a-90cd-6826f704ebee,40.295338,-111.2584445
2013-01-19 06:00:00,32.143320435405805,cfe58efd-ce2a-495a-90cd-6826f704ebee,40.295338,-111.2584445
2013-01-20 06:00:00,31.45060672082086,cfe58efd-ce2a-495a-90cd-6826f704ebee,40.295338,-111.2584445
2013-01-21 06:00:00,32.30436322508125,cfe58efd-ce2a-495a-90cd-6826f704ebee,40.295338,-111.2584445
2013-01-22 06:00:00,29.343176531173306,cfe58efd-ce2a-495a-90cd-6826f704ebee,40.295338,-111.2584445
2013-01-23 06:00:00,26.696893908219423,cfe58efd-ce2a-495a-90cd-6826f704ebee,40.295338,-111.2584445
2013-01-24 06:00:00,42.79180623841446,cfe58efd-ce2a-495a-90cd-6826f704ebee,40.295338,-111.2584445
2013-01-25 06:00:00,60.82020142305139,cfe58efd-ce2a-495a-90cd-6826f704ebee,40.295338,-111.2584445
2013-01-26 06:00:00,58.67214299256016,cfe58efd-ce2a-495a-90cd-6826f704ebee,40.295338,-111.2584445
2013-01-27 06:00:00,60.55085361931441,cfe58efd-ce2a-495a-90cd-6826f704ebee,40.295338,-111.2584445
2013-01-28 06:00:00,56.59021009285788,cfe58efd-ce2a-495a-90cd-6826f704ebee,40.295338,-111.2584445
2013-01-29 06:00:00,44.10563677257352,cfe58efd-ce2a-495a-90cd-6826f704ebee,40.295338,-111.2584445
2013-01-30 06:00:00,44.572491553285516,cfe58efd-ce2a-495a-90cd-6826f704ebee,40.295338,-111.2584445
2013-01-31 06:00:00,54.99809843021214,cfe58efd-ce2a-495a-90cd-6826f704ebee,40.295338,-111.2584445
2013-02-01 06:00:00,44.972018209818344,cfe58efd-ce2a-495a-90cd-6826f704ebee,40.295338,-111.2584445
2013-02-02 06:00:00,41.997732032387454,cfe58efd-ce2a-495a-90cd-6826f704ebee,40.295338,-111.2584445
2013-02-03 06:00:00,36.31582888952251,cfe58efd-ce2a-495a-90cd-6826f704ebee,40.295338,-111.2584445
2013-02-04 06:00:00,38.28942566944016,cfe58efd-ce2a-495a-90cd-6826f704ebee,40.295338,-111.2584445
2013-02-05 06:00:00,38.11011138315045,cfe58efd-ce2a-495a-90cd-6826f704ebee,40.295338,-111.2584445
2013-02-06 06:00:00,43.39722202605176,cfe58efd-ce2a-495a-90cd-6826f704ebee,40.295338,-111.2584445
2013-02-07 06:00:00,37.095881712196196,cfe58efd-ce2a-495a-90cd-6826f704ebee,40.295338,-111.2584445
2013-02-08 06:00:00,37.10185661645719,cfe58efd-ce2a-495a-90cd-6826f704ebee,40.295338,-111.2584445
2013-02-09 06:00:00,54.9529220148649,cfe58efd-ce2a-495a-90cd-6826f704ebee,40.295338,-111.2584445
2013-02-10 06:00:00,50.56963667196224,cfe58efd-ce2a-495a-90cd-6826f704ebee,40.295338,-111.2584445
2013-02-11 06:00:00,49.144077304689844,cfe58efd-ce2a-495a-90cd-6826f704ebee,40.295338,-111.2584445
2013-02-12 06:00:00,36.200056253775855,cfe58efd-ce2a-495a-90cd-6826f704ebee,40.295338,-111.2584445
2013-02-13 06:00:00,46.309554709252204,cfe58efd-ce2a-495a-90cd-6826f704ebee,40.295338,-111.2584445
2013-02-14 06:00:00,50.44837581916685,cfe58efd-ce2a-495a-90cd-6826f704ebee,40.295338,-111.2584445
2013-02-15 06:00:00,42.34819907665712,cfe58efd-ce2a-495a-90cd-6826f704ebee,40.295338,-111.2584445
2013-02-16 06:00:00,35.44290476642357,cfe58efd-ce2a-495a-90cd-6826f704ebee,40.295338,-111.2584445
2013-02-17 06:00:00,35.55708427319265,cfe58efd-ce2a-495a-90cd-6826f704ebee,40.295338,-111.2584445
2013-02-18 06:00:00,42.02695328403733,cfe58efd-ce2a-495a-90cd-6826f704ebee,40.295338,-111.2584445
2013-02-19 06:00:00,31.16129626733082,cfe58efd-ce2a-495a-90cd-6826f704ebee,40.295338,-111.2584445
2013-02-20 06:00:00,38.142851797464836,cfe58efd-ce2a-495a-90cd-6826f704ebee,40.295338,-111.2584445
2013-02-21 06:00:00,55.67843921086058,cfe58efd-ce2a-495a-90cd-6826f704ebee,40.295338,-111.2584445
2013-02-22 06:00:00,40.69802466547339,cfe58efd-ce2a-495a-90cd-6826f704ebee,40.295338,-111.2584445
2013-02-23 06:00:00,38.091773733969035,cfe58efd-ce2a-495a-90cd-6826f704ebee,40.295338,-111.2584445
2013-02-24 06:00:00,44.34950053703316,cfe58efd-ce2a-495a-90cd-6826f704ebee,40.295338,-111.2584445
2013-02-25 06:00:00,32.55573746519061,cfe58efd-ce2a-495a-90cd-6826f704ebee,40.295338,-111.2584445
2013-02-26 06:00:00,46.08841124139762,cfe58efd-ce2a-495a-90cd-6826f704ebee,40.295338,-111.2584445
2013-02-27 06:00:00,35.8047376443971,cfe58efd-ce2a-495a-90cd-6826f704ebee,40.295338,-111.2584445
2013-02-28 06:00:00,34.194279112802114,cfe58efd-ce2a-495a-90cd-6826f704ebee,40.295338,-111.2584445
2013-03-01 06:00:00,39.32973233240369,cfe58efd-ce2a-495a-90cd-6826f704ebee,40.295338,-111.2584445
2013-03-02 06:00:00,39.03702665726573,cfe58efd-ce2a-495a-90cd-6826f704ebee,40.295338,-111.2584445
2013-03-03 06:00:00,44.32923086278148,cfe58efd-ce2a-495a-90cd-6826f704ebee,40.295338,-111.2584445
2013-03-04 06:00:00,55.73980903075821,cfe58efd-ce2a-495a-90cd-6826f704ebee,40.295338,-111.2584445
2013-03-05 06:00:00,26.978093987354058,cfe58efd-ce2a-495a-90cd-6826f704ebee,40.295338,-111.2584445
2013-03-06 06:00:00,31.314948520788658,cfe58efd-ce2a-495a-90cd-6826f704ebee,40.295338,-111.2584445
2013-03-07 06:00:00,42.222673832053296,cfe58efd-ce2a-495a-90cd-6826f704ebee,40.295338,-111.2584445
2013-03-08 06:00:00,41.07856974386459,cfe58efd-ce2a-495a-90cd-6826f704ebee,40.295338,-111.2584445
2013-03-09 06:00:00,57.58672784224482,cfe58efd-ce2a-495a-90cd-6826f704ebee,40.295338,-111.2584445
2013-03-10 06:00:00,36.42708930639438,cfe58efd-ce2a-495a-90cd-6826f704ebee,40.295338,-111.2584445
2013-03-11 06:00:00,32.86478250010671,cfe58efd-ce2a-495a-90cd-6826f704ebee,40.295338,-111.2584445
2013-03-12 06:00:00,38.93061801862763,cfe58efd-ce2a-495a-90cd-6826f704ebee,40.295338,-111.2584445
2013-03-13 06:00:00,34.77801276948106,cfe58efd-ce2a-495a-90cd-6826f704ebee,40.295338,-111.2584445
2013-03-14 06:00:00,27.307302914710142,cfe58efd-ce2a-495a-90cd-6826f704ebee,40.295338,-111.2584445
2013-03-15 06:00:00,28.554350628518467,cfe58efd-ce2a-495a-90cd-6826f704ebee,40.295338,-111.2584445
2013-03-16 06:00:00,26.999894892447966,cfe58efd-ce2a-495a-90cd-6826f704ebee,40.295338,-111.2584445
2013-03-17 06:00:00,39.71241836108118,cfe58efd-ce2a-495a-90cd-6826f704ebee,40.295338,-111.2584445
2013-03-18 06:00:00,32.607007128360976,cfe58efd-ce2a-495a-90cd-6826f704ebee,40.295338,-111.2584445
2013-03-19 06:00:00,24.03449887249129,cfe58efd-ce2a-495a-90cd-6826f704ebee,40.295338,-111.2584445
2013-03-20 06:00:00,26.110761362125277,cfe58efd-ce2a-495a-90cd-6826f704ebee,40.295338,-111.2584445
2013-03-21 06:00:00,50.88597615193451,cfe58efd-ce2a-495a-90cd-6826f704ebee,40.295338,-111.2584445
2013-03-22 06:00:00,34.36112753275378,cfe58efd-ce2a-495a-90cd-6826f704ebee,40.295338,-111.2584445
2013-03-23 06:00:00,43.70754846211926,cfe58efd-ce2a-495a-90cd-6826f704ebee,40.295338,-111.2584445
2013-03-24 06:00:00,29.825313544296282,cfe58efd-ce2a-495a-90cd-6826f704ebee,40.295338,-111.2584445
2013-03-25 06:00:00,27.53757350016511,cfe58efd-ce2a-495a-90cd-6826f704ebee,40.295338,-111.2584445
2013-03-26 06:00:00,29.94549595725639,cfe58efd-ce2a-495a-90cd-6826f704ebee,40.295338,-111.2584445
2013-03-27 06:00:00,27.784895536878953,cfe58efd-ce2a-495a-90cd-6826f704ebee,40.295338,-111.2584445
2013-03-28 06:00:00,24.42062303907704,cfe58efd-ce2a-495a-90cd-6826f704ebee,40.295338,-111.2584445
2013-03-29 06:00:00,29.229875185304145,cfe58efd-ce2a-495a-90cd-6826f704ebee,40.295338,-111.2584445
2013-03-30 06:00:00,26.701845687587713,cfe58efd-ce2a-495a-90cd-6826f704ebee,40.295338,-111.2584445
2013-03-31 06:00:00,25.69735562767007,cfe58efd-ce2a-495a-90cd-6826f704ebee,40.295338,-111.2584445
2013-04-01 06:00:00,35.62298483944764,cfe58efd-ce2a-495a-90cd-6826f704ebee,40.295338,-111.2584445
2013-04-02 06:00:00,46.08252058294848,cfe58efd-ce2a-495a-90cd-6826f704ebee,40.295338,-111.2584445
2013-04-03 06:00:00,34.46518328737228,cfe58efd-ce2a-495a-90cd-6826f704ebee,40.295338,-111.2584445
2013-04-04 06:00:00,25.079369205104744,cfe58efd-ce2a-495a-90cd-6826f704ebee,40.295338,-111.2584445
2013-04-05 06:00:00,40.77235238169616,cfe58efd-ce2a-495a-90cd-6826f704ebee,40.295338,-111.2584445
2013-04-06 06:00:00,33.67775844680244,cfe58efd-ce2a-495a-90cd-6826f704ebee,40.295338,-111.2584445
2013-04-07 06:00:00,32.337234645480734,cfe58efd-ce2a-495a-90cd-6826f704ebee,40.295338,-111.2584445
2013-04-08 06:00:00,44.532466357081816,cfe58efd-ce2a-495a-90cd-6826f704ebee,40.295338,-111.2584445
2013-04-09 06:00:00,53.90205120192939,cfe58efd-ce2a-495a-90cd-6826f704ebee,40.295338,-111.2584445
2013-04-10 06:00:00,29.416140170651598,cfe58efd-ce2a-495a-90cd-6826f704ebee,40.295338,-111.2584445
2013-04-11 06:00:00,36.594362088513996,cfe58efd-ce2a-495a-90cd-6826f704ebee,40.295338,-111.2584445
2013-04-12 06:00:00,32.13774743203814,cfe58efd-ce2a-495a-90cd-6826f704ebee,40.295338,-111.2584445
2013-04-13 06:00:00,25.42550661744806,cfe58efd-ce2a-495a-90cd-6826f704ebee,40.295338,-111.2584445
2013-04-14 06:00:00,39.20836493192558,cfe58efd-ce2a-495a-90cd-6826f704ebee,40.295338,-111.2584445
2013-04-15 06:00:00,38.991117787063416,cfe58efd-ce2a-495a-90cd-6826f704ebee,40.295338,-111.2584445
2013-04-16 06:00:00,47.095774739436756,cfe58efd-ce2a-495a-90cd-6826f704ebee,40.295338,-111.2584445
2013-04-17 06:00:00,43.37830236619991,cfe58efd-ce2a-495a-90cd-6826f704ebee,40.295338,-111.2584445
2013-04-18 06:00:00,25.001576794671053,cfe58efd-ce2a-495a-90cd-6826f704ebee,40.295338,-111.2584445
2013-04-19 06:00:00,27.541941147143746,cfe58efd-ce2a-495a-90cd-6826f704ebee,40.295338,-111.2584445
2013-04-20 06:00:00,53.203026730320296,cfe58efd-ce2a-495a-90cd-6826f704ebee,40.295338,-111.2584445
2013-04-21 06:00:00,30.680759710262425,cfe58efd-ce2a-495a-90cd-6826f704ebee,40.295338,-111.2584445
2013-04-22 06:00:00,41.45164692390435,cfe58efd-ce2a-495a-90cd-6826f704ebee,40.295338,-111.2584445
2013-04-23 06:00:00,34.988422500068026,cfe58efd-ce2a-495a-90cd-6826f704ebee,40.295338,-111.2584445
2013-04-24 06:00:00,20.93147017838976,cfe58efd-ce2a-495a-90cd-6826f704ebee,40.295338,-111.2584445
2013-04-25 06:00:00,20.058200953444192,cfe58efd-ce2a-495a-90cd-6826f704ebee,40.295338,-111.2584445
2013-04-26 06:00:00,15.923096690695521,cfe58efd-ce2a-495a-90cd-6826f704ebee,40.295338,-111.2584445
2013-04-27 06:00:00,17.44695893946345,cfe58efd-ce2a-495a-90cd-6826f704ebee,40.295338,-111.2584445
2013-04-28 06:00:00,17.496480333472995,cfe58efd-ce2a-495a-90cd-6826f704ebee,40.295338,-111.2584445
2013-04-29 06:00:00,22.181638417166088,cfe58efd-ce2a-495a-90cd-6826f704ebee,40.295338,-111.2584445
2013-04-30 06:00:00,35.86778557197505,cfe58efd-ce2a-495a-90cd-6826f704ebee,40.295338,-111.2584445
2013-05-01 06:00:00,39.604201376380885,cfe58efd-ce2a-495a-90cd-6826f704ebee,40.295338,-111.2584445
2013-05-02 06:00:00,22.009365858651496,cfe58efd-ce2a-495a-90cd-6826f704ebee,40.295338,-111.2584445
2013-05-03 06:00:00,19.412133681327536,cfe58efd-ce2a-495a-90cd-6826f704ebee,40.295338,-111.2584445
2013-05-04 06:00:00,20.132891228975414,cfe58efd-ce2a-495a-90cd-6826f704ebee,40.295338,-111.2584445
2013-05-05 06:00:00,23.56059287306669,cfe58efd-ce2a-495a-90cd-6826f704ebee,40.295338,-111.2584445
2013-05-06 06:00:00,26.896117506292892,cfe58efd-ce2a-495a-90cd-6826f704ebee,40.295338,-111.2584445
2013-05-07 06:00:00,42.196109013186415,cfe58efd-ce2a-495a-90cd-6826f704ebee,40.295338,-111.2584445
2013-05-08 06:00:00,40.730447950555536,cfe58efd-ce2a-495a-90cd-6826f704ebee,40.295338,-111.2584445
2013-05-09 06:00:00,34.87353263876968,cfe58efd-ce2a-495a-90cd-6826f704ebee,40.295338,-111.2584445
2013-05-10 06:00:00,27.2272361037138,cfe58efd-ce2a-495a-90cd-6826f704ebee,40.295338,-111.2584445
2013-05-11 06:00:00,25.541128404087797,cfe58efd-ce2a-495a-90cd-6826f704ebee,40.295338,-111.2584445
2013-05-12 06:00:00,20.546775484405725,cfe58efd-ce2a-495a-90cd-6826f704ebee,40.295338,-111.2584445
2013-05-13 06:00:00,19.139639228725528,cfe58efd-ce2a-495a-90cd-6826f704ebee,40.295338,-111.2584445
2013-05-14 06:00:00,21.44959428147784,cfe58efd-ce2a-495a-90cd-6826f704ebee,40.295338,-111.2584445
2013-05-15 06:00:00,23.74947096451788,cfe58efd-ce2a-495a-90cd-6826f704ebee,40.295338,-111.2584445
2013-05-16 06:00:00,25.8117880184529,cfe58efd-ce2a-495a-90cd-6826f704ebee,40.295338,-111.2584445
2013-05-17 06:00:00,31.764714612053865,cfe58efd-ce2a-495a-90cd-6826f704ebee,40.295338,-111.2584445
2013-05-18 06:00:00,49.86575210014291,cfe58efd-ce2a-495a-90cd-6826f704ebee,40.295338,-111.2584445
2013-05-19 06:00:00,43.05090343757505,cfe58efd-ce2a-495a-90cd-6826f704ebee,40.295338,-111.2584445
2013-05-20 06:00:00,44.037693364475935,cfe58efd-ce2a-495a-90cd-6826f704ebee,40.295338,-111.2584445
2013-05-21 06:00:00,30.461191596948222,cfe58efd-ce2a-495a-90cd-6826f704ebee,40.295338,-111.2584445
2013-05-22 06:00:00,20.35586447995174,cfe58efd-ce2a-495a-90cd-6826f704ebee,40.295338,-111.2584445
2013-05-23 06:00:00,23.71745763296811,cfe58efd-ce2a-495a-90cd-6826f704ebee,40.295338,-111.2584445
2013-05-24 06:00:00,25.11057120624583,cfe58efd-ce2a-495a-90cd-6826f704ebee,40.295338,-111.2584445
2013-05-25 06:00:00,19.205046586871262,cfe58efd-ce2a-495a-90cd-6826f704ebee,40.295338,-111.2584445
2013-05-26 06:00:00,17.921630850213866,cfe58efd-ce2a-495a-90cd-6826f704ebee,40.295338,-111.2584445
2013-05-27 06:00:00,26.203326240854697,cfe58efd-ce2a-495a-90cd-6826f704ebee,40.295338,-111.2584445
2013-05-28 06:00:00,37.72690231587083,cfe58efd-ce2a-495a-90cd-6826f704ebee,40.295338,-111.2584445
2013-05-29 06:00:00,45.12869451781172,cfe58efd-ce2a-495a-90cd-6826f704ebee,40.295338,-111.2584445
2013-05-30 06:00:00,35.9696128031706,cfe58efd-ce2a-495a-90cd-6826f704ebee,40.295338,-111.2584445
2013-05-31 06:00:00,29.260403786108657,cfe58efd-ce2a-495a-90cd-6826f704ebee,40.295338,-111.2584445
2013-06-01 06:00:00,17.924303249025666,cfe58efd-ce2a-495a-90cd-6826f704ebee,40.295338,-111.2584445
2013-06-02 06:00:00,16.908191272321513,cfe58efd-ce2a-495a-90cd-6826f704ebee,40.295338,-111.2584445
2013-06-03 06:00:00,23.26612812778792,cfe58efd-ce2a-495a-90cd-6826f704ebee,40.295338,-111.2584445
2013-06-04 06:00:00,17.664340124579144,cfe58efd-ce2a-495a-90cd-6826f704ebee,40.295338,-111.2584445
2013-06-05 06:00:00,23.53633975707832,cfe58efd-ce2a-495a-90cd-6826f704ebee,40.295338,-111.2584445
2013-06-06 06:00:00,20.79688099504777,cfe58efd-ce2a-495a-90cd-6826f704ebee,40.295338,-111.2584445
2013-06-07 06:00:00,20.76973930490807,cfe58efd-ce2a-495a-90cd-6826f704ebee,40.295338,-111.2584445
2013-06-08 06:00:00,27.45745895781503,cfe58efd-ce2a-495a-90cd-6826f704ebee,40.295338,-111.2584445
2013-06-09 06:00:00,20.083930648598503,cfe58efd-ce2a-495a-90cd-6826f704ebee,40.295338,-111.2584445
2013-06-10 06:00:00,19.531440276806453,cfe58efd-ce2a-495a-90cd-6826f704ebee,40.295338,-111.2584445
2013-06-11 06:00:00,22.015047267580357,cfe58efd-ce2a-495a-90cd-6826f704ebee,40.295338,-111.2584445
2013-06-12 06:00:00,18.97128514299933,cfe58efd-ce2a-495a-90cd-6826f704ebee,40.295338,-111.2584445
2013-06-13 06:00:00,20.401413564837753,cfe58efd-ce2a-495a-90cd-6826f704ebee,40.295338,-111.2584445
2013-06-14 06:00:00,27.79217256111783,cfe58efd-ce2a-495a-90cd-6826f704ebee,40.295338,-111.2584445
2013-06-15 06:00:00,18.929724864611593,cfe58efd-ce2a-495a-90cd-6826f704ebee,40.295338,-111.2584445
2013-06-16 06:00:00,17.28601446160895,cfe58efd-ce2a-495a-90cd-6826f704ebee,40.295338,-111.2584445
2013-06-17 06:00:00,14.865002404944928,cfe58efd-ce2a-495a-90cd-6826f704ebee,40.295338,-111.2584445
2013-06-18 06:00:00,13.15837481294425,cfe58efd-ce2a-495a-90cd-6826f704ebee,40.295338,-111.2584445
2013-06-19 06:00:00,15.994689792079724,cfe58efd-ce2a-495a-90cd-6826f704ebee,40.295338,-111.2584445
2013-06-20 06:00:00,20.5837964965791,cfe58efd-ce2a-495a-90cd-6826f704ebee,40.295338,-111.2584445
2013-06-21 06:00:00,21.131009978588448,cfe58efd-ce2a-495a-90cd-6826f704ebee,40.295338,-111.2584445
2013-06-22 06:00:00,24.037019443786797,cfe58efd-ce2a-495a-90cd-6826f704ebee,40.295338,-111.2584445
2013-06-23 06:00:00,17.206652957355598,cfe58efd-ce2a-495a-90cd-6826f704ebee,40.295338,-111.2584445
2013-06-24 06:00:00,18.7011260509949,cfe58efd-ce2a-495a-90cd-6826f704ebee,40.295338,-111.2584445
2013-06-25 06:00:00,26.221302373264983,cfe58efd-ce2a-495a-90cd-6826f704ebee,40.295338,-111.2584445
2013-06-26 06:00:00,23.601027625209433,cfe58efd-ce2a-495a-90cd-6826f704ebee,40.295338,-111.2584445
2013-06-27 06:00:00,21.61446547531143,cfe58efd-ce2a-495a-90cd-6826f704ebee,40.295338,-111.2584445
2013-06-28 06:00:00,19.02385924941181,cfe58efd-ce2a-495a-90cd-6826f704ebee,40.295338,-111.2584445
2013-06-29 06:00:00,17.95072944340628,cfe58efd-ce2a-495a-90cd-6826f704ebee,40.295338,-111.2584445
2013-06-30 06:00:00,17.904593954168753,cfe58efd-ce2a-495a-90cd-6826f704ebee,40.295338,-111.2584445
2013-07-01 06:00:00,14.669467932438188,cfe58efd-ce2a-495a-90cd-6826f704ebee,40.295338,-111.2584445
2013-07-02 06:00:00,19.792595182669842,cfe58efd-ce2a-495a-90cd-6826f704ebee,40.295338,-111.2584445
2013-07-03 06:00:00,21.036332565586118,cfe58efd-ce2a-495a-90cd-6826f704ebee,40.295338,-111.2584445
2013-07-04 06:00:00,28.612651381552162,cfe58efd-ce2a-495a-90cd-6826f704ebee,40.295338,-111.2584445
2013-07-05 06:00:00,32.77873213123978,cfe58efd-ce2a-495a-90cd-6826f704ebee,40.295338,-111.2584445
2013-07-06 06:00:00,29.721568579403513,cfe58efd-ce2a-495a-90cd-6826f704ebee,40.295338,-111.2584445
2013-07-07 06:00:00,33.300054757212585,cfe58efd-ce2a-495a-90cd-6826f704ebee,40.295338,-111.2584445
2013-07-08 06:00:00,27.474836285359356,cfe58efd-ce2a-495a-90cd-6826f704ebee,40.295338,-111.2584445
2013-07-09 06:00:00,19.600432508617043,cfe58efd-ce2a-495a-90cd-6826f704ebee,40.295338,-111.2584445
2013-07-10 06:00:00,16.233522715646412,cfe58efd-ce2a-495a-90cd-6826f704ebee,40.295338,-111.2584445
2013-07-11 06:00:00,19.810047277914116,cfe58efd-ce2a-495a-90cd-6826f704ebee,40.295338,-111.2584445
2013-07-12 06:00:00,40.91356529213853,cfe58efd-ce2a-495a-90cd-6826f704ebee,40.295338,-111.2584445
2013-07-13 06:00:00,35.30489439877264,cfe58efd-ce2a-495a-90cd-6826f704ebee,40.295338,-111.2584445
2013-07-14 06:00:00,29.969109796309674,cfe58efd-ce2a-495a-90cd-6826f704ebee,40.295338,-111.2584445
2013-07-15 06:00:00,22.052340119991243,cfe58efd-ce2a-495a-90cd-6826f704ebee,40.295338,-111.2584445
2013-07-16 06:00:00,27.078000950882,cfe58efd-ce2a-495a-90cd-6826f704ebee,40.295338,-111.2584445
2013-07-17 06:00:00,33.18585734958264,cfe58efd-ce2a-495a-90cd-6826f704ebee,40.295338,-111.2584445
2013-07-18 06:00:00,28.682936222248646,cfe58efd-ce2a-495a-90cd-6826f704ebee,40.295338,-111.2584445
2013-07-19 06:00:00,20.474006445790348,cfe58efd-ce2a-495a-90cd-6826f704ebee,40.295338,-111.2584445
2013-07-20 06:00:00,16.53524091355968,cfe58efd-ce2a-495a-90cd-6826f704ebee,40.295338,-111.2584445
2013-07-21 06:00:00,16.980635959064585,cfe58efd-ce2a-495a-90cd-6826f704ebee,40.295338,-111.2584445
2013-07-22 06:00:00,21.997183135561254,cfe58efd-ce2a-495a-90cd-6826f704ebee,40.295338,-111.2584445
2013-07-23 06:00:00,17.069516738026792,cfe58efd-ce2a-495a-90cd-6826f704ebee,40.295338,-111.2584445
2013-07-24 06:00:00,20.012010599992003,cfe58efd-ce2a-495a-90cd-6826f704ebee,40.295338,-111.2584445
2013-07-25 06:00:00,23.386065942066203,cfe58efd-ce2a-495a-90cd-6826f704ebee,40.295338,-111.2584445
2013-07-26 06:00:00,20.834341553056845,cfe58efd-ce2a-495a-90cd-6826f704ebee,40.295338,-111.2584445
2013-07-27 06:00:00,47.40368005567508,cfe58efd-ce2a-495a-90cd-6826f704ebee,40.295338,-111.2584445
2013-07-28 06:00:00,44.75733639573273,cfe58efd-ce2a-495a-90cd-6826f704ebee,40.295338,-111.2584445
2013-07-29 06:00:00,41.8300086945782,cfe58efd-ce2a-495a-90cd-6826f704ebee,40.295338,-111.2584445
2013-07-30 06:00:00,32.50688224154865,cfe58efd-ce2a-495a-90cd-6826f704ebee,40.295338,-111.2584445
2013-07-31 06:00:00,22.53997041810372,cfe58efd-ce2a-495a-90cd-6826f704ebee,40.295338,-111.2584445
2013-08-01 06:00:00,25.74304947683607,cfe58efd-ce2a-495a-90cd-6826f704ebee,40.295338,-111.2584445
2013-08-02 06:00:00,26.85189705188176,cfe58efd-ce2a-495a-90cd-6826f704ebee,40.295338,-111.2584445
2013-08-03 06:00:00,20.323948551438153,cfe58efd-ce2a-495a-90cd-6826f704ebee,40.295338,-111.2584445
2013-08-04 06:00:00,23.83059391897533,cfe58efd-ce2a-495a-90cd-6826f704ebee,40.295338,-111.2584445
2013-08-05 06:00:00,26.5175808953277,cfe58efd-ce2a-495a-90cd-6826f704ebee,40.295338,-111.2584445
2013-08-06 06:00:00,25.707020168689212,cfe58efd-ce2a-495a-90cd-6826f704ebee,40.295338,-111.2584445
2013-08-07 06:00:00,27.519327103232786,cfe58efd-ce2a-495a-90cd-6826f704ebee,40.295338,-111.2584445
2013-08-08 06:00:00,31.34975969276099,cfe58efd-ce2a-495a-90cd-6826f704ebee,40.295338,-111.2584445
2013-08-09 06:00:00,25.873441908705363,cfe58efd-ce2a-495a-90cd-6826f704ebee,40.295338,-111.2584445
2013-08-10 06:00:00,23.298945528629538,cfe58efd-ce2a-495a-90cd-6826f704ebee,40.295338,-111.2584445
2013-08-11 06:00:00,24.30621825629536,cfe58efd-ce2a-495a-90cd-6826f704ebee,40.295338,-111.2584445
2013-08-12 06:00:00,28.25926552221938,cfe58efd-ce2a-495a-90cd-6826f704ebee,40.295338,-111.2584445
2013-08-13 06:00:00,24.64266493226563,cfe58efd-ce2a-495a-90cd-6826f704ebee,40.295338,-111.2584445
2013-08-14 06:00:00,16.406870168636438,cfe58efd-ce2a-495a-90cd-6826f704ebee,40.295338,-111.2584445
2013-08-15 06:00:00,13.941325164780265,cfe58efd-ce2a-495a-90cd-6826f704ebee,40.295338,-111.2584445
2013-08-16 06:00:00,13.160254665341776,cfe58efd-ce2a-495a-90cd-6826f704ebee,40.295338,-111.2584445
2013-08-17 06:00:00,21.47492707222271,cfe58efd-ce2a-495a-90cd-6826f704ebee,40.295338,-111.2584445
2013-08-18 06:00:00,26.178991000773703,cfe58efd-ce2a-495a-90cd-6826f704ebee,40.295338,-111.2584445
2013-08-19 06:00:00,31.21478650572206,cfe58efd-ce2a-495a-90cd-6826f704ebee,40.295338,-111.2584445
2013-08-20 06:00:00,40.189567287419415,cfe58efd-ce2a-495a-90cd-6826f704ebee,40.295338,-111.2584445
2013-08-21 06:00:00,35.65993415106958,cfe58efd-ce2a-495a-90cd-6826f704ebee,40.295338,-111.2584445
2013-08-22 06:00:00,46.08805268184138,cfe58efd-ce2a-495a-90cd-6826f704ebee,40.295338,-111.2584445
2013-08-23 06:00:00,67.87442128000984,cfe58efd-ce2a-495a-90cd-6826f704ebee,40.295338,-111.2584445
2013-08-24 06:00:00,39.684517045987555,cfe58efd-ce2a-495a-90cd-6826f704ebee,40.295338,-111.2584445
2013-08-25 06:00:00,42.4759353835576,cfe58efd-ce2a-495a-90cd-6826f704ebee,40.295338,-111.2584445
2013-08-26 06:00:00,73.73904607298282,cfe58efd-ce2a-495a-90cd-6826f704ebee,40.295338,-111.2584445
2013-08-27 06:00:00,63.515657397443356,cfe58efd-ce2a-495a-90cd-6826f704ebee,40.295338,-111.2584445
2013-08-28 06:00:00,43.17535294121441,cfe58efd-ce2a-495a-90cd-6826f704ebee,40.295338,-111.2584445
2013-08-29 06:00:00,33.71801183226015,cfe58efd-ce2a-495a-90cd-6826f704ebee,40.295338,-111.2584445
2013-08-30 06:00:00,28.502790361270666,cfe58efd-ce2a-495a-90cd-6826f704ebee,40.295338,-111.2584445
2013-08-31 06:00:00,37.5739832025211,cfe58efd-ce2a-495a-90cd-6826f704ebee,40.295338,-111.2584445
2013-09-01 06:00:00,50.418061673240416,cfe58efd-ce2a-495a-90cd-6826f704ebee,40.295338,-111.2584445
2013-09-02 06:00:00,57.50668080281341,cfe58efd-ce2a-495a-90cd-6826f704ebee,40.295338,-111.2584445
2013-09-03 06:00:00,41.47822868720942,cfe58efd-ce2a-495a-90cd-6826f704ebee,40.295338,-111.2584445
2013-09-04 06:00:00,44.8556888151581,cfe58efd-ce2a-495a-90cd-6826f704ebee,40.295338,-111.2584445
2013-09-05 06:00:00,37.83898265446527,cfe58efd-ce2a-495a-90cd-6826f704ebee,40.295338,-111.2584445
2013-09-06 06:00:00,31.96167424593146,cfe58efd-ce2a-495a-90cd-6826f704ebee,40.295338,-111.2584445
2013-09-07 06:00:00,42.8313637036297,cfe58efd-ce2a-495a-90cd-6826f704ebee,40.295338,-111.2584445
2013-09-08 06:00:00,73.46122279977936,cfe58efd-ce2a-495a-90cd-6826f704ebee,40.295338,-111.2584445
2013-09-09 06:00:00,52.63744335925774,cfe58efd-ce2a-495a-90cd-6826f704ebee,40.295338,-111.2584445
2013-09-10 06:00:00,59.191814224726876,cfe58efd-ce2a-495a-90cd-6826f704ebee,40.295338,-111.2584445
2013-09-11 06:00:00,71.51897752159037,cfe58efd-ce2a-495a-90cd-6826f704ebee,40.295338,-111.2584445
2013-09-12 06:00:00,59.486719587694324,cfe58efd-ce2a-495a-90cd-6826f704ebee,40.295338,-111.2584445
2013-09-13 06:00:00,83.16555318548403,cfe58efd-ce2a-495a-90cd-6826f704ebee,40.295338,-111.2584445
2013-09-14 06:00:00,69.28204996510267,cfe58efd-ce2a-495a-90cd-6826f704ebee,40.295338,-111.2584445
2013-09-15 06:00:00,58.80573020590599,cfe58efd-ce2a-495a-90cd-6826f704ebee,40.295338,-111.2584445
2013-09-16 06:00:00,40.81081145228844,cfe58efd-ce2a-495a-90cd-6826f704ebee,40.295338,-111.2584445
2013-09-17 06:00:00,42.652633472776095,cfe58efd-ce2a-495a-90cd-6826f704ebee,40.295338,-111.2584445
2013-09-18 06:00:00,41.16163247554607,cfe58efd-ce2a-495a-90cd-6826f704ebee,40.295338,-111.2584445
2013-09-19 06:00:00,27.24567440080597,cfe58efd-ce2a-495a-90cd-6826f704ebee,40.295338,-111.2584445
2013-09-20 06:00:00,21.05136667227768,cfe58efd-ce2a-495a-90cd-6826f704ebee,40.295338,-111.2584445
2013-09-21 06:00:00,24.096448764562833,cfe58efd-ce2a-495a-90cd-6826f704ebee,40.295338,-111.2584445
2013-09-22 06:00:00,40.76124176992807,cfe58efd-ce2a-495a-90cd-6826f704ebee,40.295338,-111.2584445
2013-09-23 06:00:00,41.71157853770555,cfe58efd-ce2a-495a-90cd-6826f704ebee,40.295338,-111.2584445
2013-09-24 06:00:00,25.329780869937423,cfe58efd-ce2a-495a-90cd-6826f704ebee,40.295338,-111.2584445
2013-09-25 06:00:00,32.67144751205225,cfe58efd-ce2a-495a-90cd-6826f704ebee,40.295338,-111.2584445
2013-09-26 06:00:00,49.514615435421646,cfe58efd-ce2a-495a-90cd-6826f704ebee,40.295338,-111.2584445
2013-09-27 06:00:00,80.40951433282535,cfe58efd-ce2a-495a-90cd-6826f704ebee,40.295338,-111.2584445
2013-09-28 06:00:00,34.91235919186522,cfe58efd-ce2a-495a-90cd-6826f704ebee,40.295338,-111.2584445
2013-09-29 06:00:00,26.513415119489952,cfe58efd-ce2a-495a-90cd-6826f704ebee,40.295338,-111.2584445
2013-09-30 06:00:00,23.12745946285017,cfe58efd-ce2a-495a-90cd-6826f704ebee,40.295338,-111.2584445
2013-10-01 06:00:00,23.383136326023074,cfe58efd-ce2a-495a-90cd-6826f704ebee,40.295338,-111.2584445
2013-10-02 06:00:00,25.613885357331817,cfe58efd-ce2a-495a-90cd-6826f704ebee,40.295338,-111.2584445
2013-10-03 06:00:00,51.31347455071442,cfe58efd-ce2a-495a-90cd-6826f704ebee,40.295338,-111.2584445
2013-10-04 06:00:00,52.2855698753159,cfe58efd-ce2a-495a-90cd-6826f704ebee,40.295338,-111.2584445
2013-10-05 06:00:00,29.922798037643506,cfe58efd-ce2a-495a-90cd-6826f704ebee,40.295338,-111.2584445
2013-10-06 06:00:00,20.277545677939933,cfe58efd-ce2a-495a-90cd-6826f704ebee,40.295338,-111.2584445
2013-10-07 06:00:00,19.296666488867327,cfe58efd-ce2a-495a-90cd-6826f704ebee,40.295338,-111.2584445
2013-10-08 06:00:00,22.72541763459571,cfe58efd-ce2a-495a-90cd-6826f704ebee,40.295338,-111.2584445
2013-10-09 06:00:00,20.918367171493664,cfe58efd-ce2a-495a-90cd-6826f704ebee,40.295338,-111.2584445
2013-10-10 06:00:00,54.58415936370175,cfe58efd-ce2a-495a-90cd-6826f704ebee,40.295338,-111.2584445
2013-10-11 06:00:00,51.75384350720789,cfe58efd-ce2a-495a-90cd-6826f704ebee,40.295338,-111.2584445
2013-10-12 06:00:00,26.76150786063628,cfe58efd-ce2a-495a-90cd-6826f704ebee,40.295338,-111.2584445
2013-10-13 06:00:00,39.25824902815732,cfe58efd-ce2a-495a-90cd-6826f704ebee,40.295338,-111.2584445
2013-10-14 06:00:00,77.00834738578394,cfe58efd-ce2a-495a-90cd-6826f704ebee,40.295338,-111.2584445
2013-10-15 06:00:00,52.265430531057454,cfe58efd-ce2a-495a-90cd-6826f704ebee,40.295338,-111.2584445
2013-10-16 06:00:00,35.82086903171741,cfe58efd-ce2a-495a-90cd-6826f704ebee,40.295338,-111.2584445
2013-10-17 06:00:00,29.196621281956393,cfe58efd-ce2a-495a-90cd-6826f704ebee,40.295338,-111.2584445
2013-10-18 06:00:00,33.339435936509126,cfe58efd-ce2a-495a-90cd-6826f704ebee,40.295338,-111.2584445
2013-10-19 06:00:00,27.155687114118273,cfe58efd-ce2a-495a-90cd-6826f704ebee,40.295338,-111.2584445
2013-10-20 06:00:00,24.65981494086391,cfe58efd-ce2a-495a-90cd-6826f704ebee,40.295338,-111.2584445
2013-10-21 06:00:00,30.806410317691213,cfe58efd-ce2a-495a-90cd-6826f704ebee,40.295338,-111.2584445
2013-10-22 06:00:00,24.82458493528632,cfe58efd-ce2a-495a-90cd-6826f704ebee,40.295338,-111.2584445
2013-10-23 06:00:00,25.351282134408798,cfe58efd-ce2a-495a-90cd-6826f704ebee,40.295338,-111.2584445
2013-10-24 06:00:00,21.363457290400234,cfe58efd-ce2a-495a-90cd-6826f704ebee,40.295338,-111.2584445
2013-10-25 06:00:00,25.506546975098246,cfe58efd-ce2a-495a-90cd-6826f704ebee,40.295338,-111.2584445
2013-10-26 06:00:00,24.46867863657839,cfe58efd-ce2a-495a-90cd-6826f704ebee,40.295338,-111.2584445
2013-10-27 06:00:00,23.449611649160545,cfe58efd-ce2a-495a-90cd-6826f704ebee,40.295338,-111.2584445
2013-10-28 06:00:00,29.185748823094443,cfe58efd-ce2a-495a-90cd-6826f704ebee,40.295338,-111.2584445
2013-10-29 06:00:00,51.10811326964101,cfe58efd-ce2a-495a-90cd-6826f704ebee,40.295338,-111.2584445
2013-10-30 06:00:00,52.128826669038894,cfe58efd-ce2a-495a-90cd-6826f704ebee,40.295338,-111.2584445
2013-10-31 06:00:00,44.092740724913554,cfe58efd-ce2a-495a-90cd-6826f704ebee,40.295338,-111.2584445
2013-11-01 06:00:00,46.47030734557812,cfe58efd-ce2a-495a-90cd-6826f704ebee,40.295338,-111.2584445
2013-11-02 06:00:00,30.319585475866663,cfe58efd-ce2a-495a-90cd-6826f704ebee,40.295338,-111.2584445
2013-11-03 06:00:00,45.99076787562009,cfe58efd-ce2a-495a-90cd-6826f704ebee,40.295338,-111.2584445
2013-11-04 06:00:00,43.987763480883636,cfe58efd-ce2a-495a-90cd-6826f704ebee,40.295338,-111.2584445
2013-11-05 06:00:00,46.17637917906132,cfe58efd-ce2a-495a-90cd-6826f704ebee,40.295338,-111.2584445
2013-11-06 06:00:00,31.991178166282282,cfe58efd-ce2a-495a-90cd-6826f704ebee,40.295338,-111.2584445
2013-11-07 06:00:00,31.483726955857225,cfe58efd-ce2a-495a-90cd-6826f704ebee,40.295338,-111.2584445
2013-11-08 06:00:00,32.720175036779395,cfe58efd-ce2a-495a-90cd-6826f704ebee,40.295338,-111.2584445
2013-11-09 06:00:00,30.320700164487114,cfe58efd-ce2a-495a-90cd-6826f704ebee,40.295338,-111.2584445
2013-11-10 06:00:00,23.875557015425418,cfe58efd-ce2a-495a-90cd-6826f704ebee,40.295338,-111.2584445
2013-11-11 06:00:00,21.713092565765532,cfe58efd-ce2a-495a-90cd-6826f704ebee,40.295338,-111.2584445
2013-11-12 06:00:00,20.79611302063399,cfe58efd-ce2a-495a-90cd-6826f704ebee,40.295338,-111.2584445
2013-11-13 06:00:00,25.150483465790177,cfe58efd-ce2a-495a-90cd-6826f704ebee,40.295338,-111.2584445
2013-11-14 06:00:00,32.390563340054236,cfe58efd-ce2a-495a-90cd-6826f704ebee,40.295338,-111.2584445
2013-11-15 06:00:00,40.798069615872514,cfe58efd-ce2a-495a-90cd-6826f704ebee,40.295338,-111.2584445
2013-11-16 06:00:00,46.57070028724634,cfe58efd-ce2a-495a-90cd-6826f704ebee,40.295338,-111.2584445
2013-11-17 06:00:00,39.145827114753835,cfe58efd-ce2a-495a-90cd-6826f704ebee,40.295338,-111.2584445
2013-11-18 06:00:00,27.245822928480866,cfe58efd-ce2a-495a-90cd-6826f704ebee,40.295338,-111.2584445
2013-11-19 06:00:00,40.25499542485512,cfe58efd-ce2a-495a-90cd-6826f704ebee,40.295338,-111.2584445
2013-11-20 06:00:00,47.897861440403894,cfe58efd-ce2a-495a-90cd-6826f704ebee,40.295338,-111.2584445
2013-11-21 06:00:00,66.68012827526023,cfe58efd-ce2a-495a-90cd-6826f704ebee,40.295338,-111.2584445
2013-11-22 06:00:00,47.996169050878116,cfe58efd-ce2a-495a-90cd-6826f704ebee,40.295338,-111.2584445
2013-11-23 06:00:00,38.153639845614485,cfe58efd-ce2a-495a-90cd-6826f704ebee,40.295338,-111.2584445
2013-11-24 06:00:00,54.346981803461645,cfe58efd-ce2a-495a-90cd-6826f704ebee,40.295338,-111.2584445
2013-11-25 06:00:00,42.77884939012335,cfe58efd-ce2a-495a-90cd-6826f704ebee,40.295338,-111.2584445
2013-11-26 06:00:00,36.892067944969156,cfe58efd-ce2a-495a-90cd-6826f704ebee,40.295338,-111.2584445
2013-11-27 06:00:00,37.552981696371624,cfe58efd-ce2a-495a-90cd-6826f704ebee,40.295338,-111.2584445
2013-11-28 06:00:00,40.30285432359328,cfe58efd-ce2a-495a-90cd-6826f704ebee,40.295338,-111.2584445
2013-11-29 06:00:00,44.29485658174748,cfe58efd-ce2a-495a-90cd-6826f704ebee,40.295338,-111.2584445
2013-11-30 06:00:00,40.62921121324288,cfe58efd-ce2a-495a-90cd-6826f704ebee,40.295338,-111.2584445
2013-12-01 06:00:00,47.73999999281767,cfe58efd-ce2a-495a-90cd-6826f704ebee,40.295338,-111.2584445
2013-12-02 06:00:00,47.23033773475375,cfe58efd-ce2a-495a-90cd-6826f704ebee,40.295338,-111.2584445
2013-12-03 06:00:00,62.11092391366803,cfe58efd-ce2a-495a-90cd-6826f704ebee,40.295338,-111.2584445
2013-12-04 06:00:00,64.69696787340382,cfe58efd-ce2a-495a-90cd-6826f704ebee,40.295338,-111.2584445
2013-12-05 06:00:00,42.69103523129804,cfe58efd-ce2a-495a-90cd-6826f704ebee,40.295338,-111.2584445
2013-12-06 06:00:00,41.30294061050635,cfe58efd-ce2a-495a-90cd-6826f704ebee,40.295338,-111.2584445
2013-12-07 06:00:00,42.85631597557398,cfe58efd-ce2a-495a-90cd-6826f704ebee,40.295338,-111.2584445
2013-12-08 06:00:00,63.495345116577745,cfe58efd-ce2a-495a-90cd-6826f704ebee,40.295338,-111.2584445
2013-12-09 06:00:00,46.37260934278213,cfe58efd-ce2a-495a-90cd-6826f704ebee,40.295338,-111.2584445
2013-12-10 06:00:00,29.77317952239433,cfe58efd-ce2a-495a-90cd-6826f704ebee,40.295338,-111.2584445
2013-12-11 06:00:00,33.89780582497603,cfe58efd-ce2a-495a-90cd-6826f704ebee,40.295338,-111.2584445
2013-12-12 06:00:00,33.096967680653506,cfe58efd-ce2a-495a-90cd-6826f704ebee,40.295338,-111.2584445
2013-12-13 06:00:00,40.28085533457233,cfe58efd-ce2a-495a-90cd-6826f704ebee,40.295338,-111.2584445
2013-12-14 06:00:00,55.60813656457906,cfe58efd-ce2a-495a-90cd-6826f704ebee,40.295338,-111.2584445
2013-12-15 06:00:00,44.09413162363366,cfe58efd-ce2a-495a-90cd-6826f704ebee,40.295338,-111.2584445
2013-12-16 06:00:00,39.145637684436394,cfe58efd-ce2a-495a-90cd-6826f704ebee,40.295338,-111.2584445
2013-12-17 06:00:00,37.029037677130944,cfe58efd-ce2a-495a-90cd-6826f704ebee,40.295338,-111.2584445
2013-12-18 06:00:00,37.16351757727485,cfe58efd-ce2a-495a-90cd-6826f704ebee,40.295338,-111.2584445
2013-12-19 06:00:00,63.94476677842375,cfe58efd-ce2a-495a-90cd-6826f704ebee,40.295338,-111.2584445
2013-12-20 06:00:00,65.93064258146698,cfe58efd-ce2a-495a-90cd-6826f704ebee,40.295338,-111.2584445
2013-12-21 06:00:00,54.61135648421435,cfe58efd-ce2a-495a-90cd-6826f704ebee,40.295338,-111.2584445
2013-12-22 06:00:00,59.04086924835997,cfe58efd-ce2a-495a-90cd-6826f704ebee,40.295338,-111.2584445
2013-12-23 06:00:00,65.57938459031749,cfe58efd-ce2a-495a-90cd-6826f704ebee,40.295338,-111.2584445
2013-12-24 06:00:00,66.32374270069954,cfe58efd-ce2a-495a-90cd-6826f704ebee,40.295338,-111.2584445
2013-12-25 06:00:00,38.23176108588403,cfe58efd-ce2a-495a-90cd-6826f704ebee,40.295338,-111.2584445
2013-12-26 06:00:00,31.468179730242195,cfe58efd-ce2a-495a-90cd-6826f704ebee,40.295338,-111.2584445
2013-12-27 06:00:00,35.073308880574196,cfe58efd-ce2a-495a-90cd-6826f704ebee,40.295338,-111.2584445
2013-12-28 06:00:00,40.96981473294275,cfe58efd-ce2a-495a-90cd-6826f704ebee,40.295338,-111.2584445
2013-12-29 06:00:00,49.98907809665178,cfe58efd-ce2a-495a-90cd-6826f704ebee,40.295338,-111.2584445
2013-12-30 06:00:00,38.87680867952756,cfe58efd-ce2a-495a-90cd-6826f704ebee,40.295338,-111.2584445
2013-12-31 06:00:00,52.741852572511654,cfe58efd-ce2a-495a-90cd-6826f704ebee,40.295338,-111.2584445
2014-01-01 06:00:00,48.770339500434574,cfe58efd-ce2a-495a-90cd-6826f704ebee,40.295338,-111.2584445
2014-01-02 06:00:00,22.800965931184237,cfe58efd-ce2a-495a-90cd-6826f704ebee,40.295338,-111.2584445
2014-01-03 06:00:00,22.558686579796813,cfe58efd-ce2a-495a-90cd-6826f704ebee,40.295338,-111.2584445
2014-01-04 06:00:00,44.38466041850769,cfe58efd-ce2a-495a-90cd-6826f704ebee,40.295338,-111.2584445
2014-01-05 06:00:00,34.93518284807745,cfe58efd-ce2a-495a-90cd-6826f704ebee,40.295338,-111.2584445
2014-01-06 06:00:00,22.897527132208364,cfe58efd-ce2a-495a-90cd-6826f704ebee,40.295338,-111.2584445
2014-01-07 06:00:00,21.68569129848572,cfe58efd-ce2a-495a-90cd-6826f704ebee,40.295338,-111.2584445
2014-01-08 06:00:00,53.81124499025079,cfe58efd-ce2a-495a-90cd-6826f704ebee,40.295338,-111.2584445
2014-01-09 06:00:00,56.50751964777967,cfe58efd-ce2a-495a-90cd-6826f704ebee,40.295338,-111.2584445
2014-01-10 06:00:00,50.469795813363525,cfe58efd-ce2a-495a-90cd-6826f704ebee,40.295338,-111.2584445
2014-01-11 06:00:00,37.16398997311404,cfe58efd-ce2a-495a-90cd-6826f704ebee,40.295338,-111.2584445
2014-01-12 06:00:00,53.55020446850633,cfe58efd-ce2a-495a-90cd-6826f704ebee,40.295338,-111.2584445
2014-01-13 06:00:00,48.54796617931179,cfe58efd-ce2a-495a-90cd-6826f704ebee,40.295338,-111.2584445
2014-01-14 06:00:00,37.31027347736927,cfe58efd-ce2a-495a-90cd-6826f704ebee,40.295338,-111.2584445
2014-01-15 06:00:00,30.736443799006953,cfe58efd-ce2a-495a-90cd-6826f704ebee,40.295338,-111.2584445
2014-01-16 06:00:00,23.067967917802356,cfe58efd-ce2a-495a-90cd-6826f704ebee,40.295338,-111.2584445
2014-01-17 06:00:00,23.02108151035511,cfe58efd-ce2a-495a-90cd-6826f704ebee,40.295338,-111.2584445
2014-01-18 06:00:00,21.562088184924683,cfe58efd-ce2a-495a-90cd-6826f704ebee,40.295338,-111.2584445
2014-01-19 06:00:00,18.57812470684363,cfe58efd-ce2a-495a-90cd-6826f704ebee,40.295338,-111.2584445
2014-01-20 06:00:00,21.212455974875677,cfe58efd-ce2a-495a-90cd-6826f704ebee,40.295338,-111.2584445
2014-01-21 06:00:00,16.899205976444062,cfe58efd-ce2a-495a-90cd-6826f704ebee,40.295338,-111.2584445
2014-01-22 06:00:00,21.590348028426675,cfe58efd-ce2a-495a-90cd-6826f704ebee,40.295338,-111.2584445
2014-01-23 06:00:00,33.66519346796012,cfe58efd-ce2a-495a-90cd-6826f704ebee,40.295338,-111.2584445
2014-01-24 06:00:00,20.619408031247424,cfe58efd-ce2a-495a-90cd-6826f704ebee,40.295338,-111.2584445
2014-01-25 06:00:00,19.8954728957441,cfe58efd-ce2a-495a-90cd-6826f704ebee,40.295338,-111.2584445
2014-01-26 06:00:00,23.377560937095446,cfe58efd-ce2a-495a-90cd-6826f704ebee,40.295338,-111.2584445
2014-01-27 06:00:00,26.90109537108144,cfe58efd-ce2a-495a-90cd-6826f704ebee,40.295338,-111.2584445
2014-01-28 06:00:00,34.13444559718415,cfe58efd-ce2a-495a-90cd-6826f704ebee,40.295338,-111.2584445
2014-01-29 06:00:00,38.41507945211889,cfe58efd-ce2a-495a-90cd-6826f704ebee,40.295338,-111.2584445
2014-01-30 06:00:00,70.38705731629182,cfe58efd-ce2a-495a-90cd-6826f704ebee,40.295338,-111.2584445
2014-01-31 06:00:00,68.83362144741385,cfe58efd-ce2a-495a-90cd-6826f704ebee,40.295338,-111.2584445
2014-02-01 06:00:00,51.295343609754,cfe58efd-ce2a-495a-90cd-6826f704ebee,40.295338,-111.2584445
2014-02-02 06:00:00,53.705416196590434,cfe58efd-ce2a-495a-90cd-6826f704ebee,40.295338,-111.2584445
2014-02-03 06:00:00,44.986147526018215,cfe58efd-ce2a-495a-90cd-6826f704ebee,40.295338,-111.2584445
2014-02-04 06:00:00,59.550413510984924,cfe58efd-ce2a-495a-90cd-6826f704ebee,40.295338,-111.2584445
2014-02-05 06:00:00,45.27166994664671,cfe58efd-ce2a-495a-90cd-6826f704ebee,40.295338,-111.2584445
2014-02-06 06:00:00,37.17596880411667,cfe58efd-ce2a-495a-90cd-6826f704ebee,40.295338,-111.2584445
2014-02-07 06:00:00,61.025595064923586,cfe58efd-ce2a-495a-90cd-6826f704ebee,40.295338,-111.2584445
2014-02-08 06:00:00,58.11451924202193,cfe58efd-ce2a-495a-90cd-6826f704ebee,40.295338,-111.2584445
2014-02-09 06:00:00,61.82211160430762,cfe58efd-ce2a-495a-90cd-6826f704ebee,40.295338,-111.2584445
2014-02-10 06:00:00,57.87980333780807,cfe58efd-ce2a-495a-90cd-6826f704ebee,40.295338,-111.2584445
2014-02-11 06:00:00,42.40951938610828,cfe58efd-ce2a-495a-90cd-6826f704ebee,40.295338,-111.2584445
2014-02-12 06:00:00,41.850957601145986,cfe58efd-ce2a-495a-90cd-6826f704ebee,40.295338,-111.2584445
2014-02-13 06:00:00,47.59790941984121,cfe58efd-ce2a-495a-90cd-6826f704ebee,40.295338,-111.2584445
2014-02-14 06:00:00,51.354924578488045,cfe58efd-ce2a-495a-90cd-6826f704ebee,40.295338,-111.2584445
2014-02-15 06:00:00,39.17893419806255,cfe58efd-ce2a-495a-90cd-6826f704ebee,40.295338,-111.2584445
2014-02-16 06:00:00,35.81685688264317,cfe58efd-ce2a-495a-90cd-6826f704ebee,40.295338,-111.2584445
2014-02-17 06:00:00,30.945832847060206,cfe58efd-ce2a-495a-90cd-6826f704ebee,40.295338,-111.2584445
2014-02-18 06:00:00,28.011387886391827,cfe58efd-ce2a-495a-90cd-6826f704ebee,40.295338,-111.2584445
2014-02-19 06:00:00,39.34132417134661,cfe58efd-ce2a-495a-90cd-6826f704ebee,40.295338,-111.2584445
2014-02-20 06:00:00,42.23579907669229,cfe58efd-ce2a-495a-90cd-6826f704ebee,40.295338,-111.2584445
2014-02-21 06:00:00,34.913586670566815,cfe58efd-ce2a-495a-90cd-6826f704ebee,40.295338,-111.2584445
2014-02-22 06:00:00,35.11942950861599,cfe58efd-ce2a-495a-90cd-6826f704ebee,40.295338,-111.2584445
2014-02-23 06:00:00,28.312852727576704,cfe58efd-ce2a-495a-90cd-6826f704ebee,40.295338,-111.2584445
2014-02-24 06:00:00,24.407981907370914,cfe58efd-ce2a-495a-90cd-6826f704ebee,40.295338,-111.2584445
2014-02-25 06:00:00,26.18218800840644,cfe58efd-ce2a-495a-90cd-6826f704ebee,40.295338,-111.2584445
2014-02-26 06:00:00,30.301380725461172,cfe58efd-ce2a-495a-90cd-6826f704ebee,40.295338,-111.2584445
2014-02-27 06:00:00,49.61181101583725,cfe58efd-ce2a-495a-90cd-6826f704ebee,40.295338,-111.2584445
2014-02-28 06:00:00,41.128149159016466,cfe58efd-ce2a-495a-90cd-6826f704ebee,40.295338,-111.2584445
2014-03-01 06:00:00,58.478415101680696,cfe58efd-ce2a-495a-90cd-6826f704ebee,40.295338,-111.2584445
2014-03-02 06:00:00,39.68113812566605,cfe58efd-ce2a-495a-90cd-6826f704ebee,40.295338,-111.2584445
2014-03-03 06:00:00,33.60656223425376,cfe58efd-ce2a-495a-90cd-6826f704ebee,40.295338,-111.2584445
2014-03-04 06:00:00,51.07546845361891,cfe58efd-ce2a-495a-90cd-6826f704ebee,40.295338,-111.2584445
2014-03-05 06:00:00,34.99480501261041,cfe58efd-ce2a-495a-90cd-6826f704ebee,40.295338,-111.2584445
2014-03-06 06:00:00,30.125958857687472,cfe58efd-ce2a-495a-90cd-6826f704ebee,40.295338,-111.2584445
2014-03-07 06:00:00,55.98276130243864,cfe58efd-ce2a-495a-90cd-6826f704ebee,40.295338,-111.2584445
2014-03-08 06:00:00,33.0238309195131,cfe58efd-ce2a-495a-90cd-6826f704ebee,40.295338,-111.2584445
2014-03-09 06:00:00,19.206185503033467,cfe58efd-ce2a-495a-90cd-6826f704ebee,40.295338,-111.2584445
2014-03-10 06:00:00,22.946236310843428,cfe58efd-ce2a-495a-90cd-6826f704ebee,40.295338,-111.2584445
2014-03-11 06:00:00,56.362160333638926,cfe58efd-ce2a-495a-90cd-6826f704ebee,40.295338,-111.2584445
2014-03-12 06:00:00,31.156666681471062,cfe58efd-ce2a-495a-90cd-6826f704ebee,40.295338,-111.2584445
2014-03-13 06:00:00,21.62415767929854,cfe58efd-ce2a-495a-90cd-6826f704ebee,40.295338,-111.2584445
2014-03-14 06:00:00,24.03117161181887,cfe58efd-ce2a-495a-90cd-6826f704ebee,40.295338,-111.2584445
2014-03-15 06:00:00,42.000472029393734,cfe58efd-ce2a-495a-90cd-6826f704ebee,40.295338,-111.2584445
2014-03-16 06:00:00,20.939889317859723,cfe58efd-ce2a-495a-90cd-6826f704ebee,40.295338,-111.2584445
2014-03-17 06:00:00,28.910068960858585,cfe58efd-ce2a-495a-90cd-6826f704ebee,40.295338,-111.2584445
2014-03-18 06:00:00,43.72319678270851,cfe58efd-ce2a-495a-90cd-6826f704ebee,40.295338,-111.2584445
2014-03-19 06:00:00,24.44160615516098,cfe58efd-ce2a-495a-90cd-6826f704ebee,40.295338,-111.2584445
2014-03-20 06:00:00,18.733090117616683,cfe58efd-ce2a-495a-90cd-6826f704ebee,40.295338,-111.2584445
2014-03-21 06:00:00,22.571223870019978,cfe58efd-ce2a-495a-90cd-6826f704ebee,40.295338,-111.2584445
2014-03-22 06:00:00,31.85312811258776,cfe58efd-ce2a-495a-90cd-6826f704ebee,40.295338,-111.2584445
2014-03-23 06:00:00,21.29101692771362,cfe58efd-ce2a-495a-90cd-6826f704ebee,40.295338,-111.2584445
2014-03-24 06:00:00,20.581933156214124,cfe58efd-ce2a-495a-90cd-6826f704ebee,40.295338,-111.2584445
2014-03-25 06:00:00,16.19041653760458,cfe58efd-ce2a-495a-90cd-6826f704ebee,40.295338,-111.2584445
2014-03-26 06:00:00,35.67498900956769,cfe58efd-ce2a-495a-90cd-6826f704ebee,40.295338,-111.2584445
2014-03-27 06:00:00,45.51447103392265,cfe58efd-ce2a-495a-90cd-6826f704ebee,40.295338,-111.2584445
2014-03-28 06:00:00,35.70097876923458,cfe58efd-ce2a-495a-90cd-6826f704ebee,40.295338,-111.2584445
2014-03-29 06:00:00,26.475241132474196,cfe58efd-ce2a-495a-90cd-6826f704ebee,40.295338,-111.2584445
2014-03-30 06:00:00,37.54903945043383,cfe58efd-ce2a-495a-90cd-6826f704ebee,40.295338,-111.2584445
2014-03-31 06:00:00,42.11896662936546,cfe58efd-ce2a-495a-90cd-6826f704ebee,40.295338,-111.2584445
2014-04-01 06:00:00,45.15780538143045,cfe58efd-ce2a-495a-90cd-6826f704ebee,40.295338,-111.2584445
2014-04-02 06:00:00,44.037641431824966,cfe58efd-ce2a-495a-90cd-6826f704ebee,40.295338,-111.2584445
2014-04-03 06:00:00,33.56328411633641,cfe58efd-ce2a-495a-90cd-6826f704ebee,40.295338,-111.2584445
2014-04-04 06:00:00,29.377609714650973,cfe58efd-ce2a-495a-90cd-6826f704ebee,40.295338,-111.2584445
2014-04-05 06:00:00,35.576268184196486,cfe58efd-ce2a-495a-90cd-6826f704ebee,40.295338,-111.2584445
2014-04-06 06:00:00,41.75725226351897,cfe58efd-ce2a-495a-90cd-6826f704ebee,40.295338,-111.2584445
2014-04-07 06:00:00,34.57626868622676,cfe58efd-ce2a-495a-90cd-6826f704ebee,40.295338,-111.2584445
2014-04-08 06:00:00,23.219296410493737,cfe58efd-ce2a-495a-90cd-6826f704ebee,40.295338,-111.2584445
2014-04-09 06:00:00,23.783690011925017,cfe58efd-ce2a-495a-90cd-6826f704ebee,40.295338,-111.2584445
2014-04-10 06:00:00,27.375277413873004,cfe58efd-ce2a-495a-90cd-6826f704ebee,40.295338,-111.2584445
2014-04-11 06:00:00,22.381719164156664,cfe58efd-ce2a-495a-90cd-6826f704ebee,40.295338,-111.2584445
2014-04-12 06:00:00,26.77880899134333,cfe58efd-ce2a-495a-90cd-6826f704ebee,40.295338,-111.2584445
2014-04-13 06:00:00,52.76547765594395,cfe58efd-ce2a-495a-90cd-6826f704ebee,40.295338,-111.2584445
2014-04-14 06:00:00,28.185946289560864,cfe58efd-ce2a-495a-90cd-6826f704ebee,40.295338,-111.2584445
2014-04-15 06:00:00,15.23036796100774,cfe58efd-ce2a-495a-90cd-6826f704ebee,40.295338,-111.2584445
2014-04-16 06:00:00,30.42792294050615,cfe58efd-ce2a-495a-90cd-6826f704ebee,40.295338,-111.2584445
2014-04-17 06:00:00,16.819290230757453,cfe58efd-ce2a-495a-90cd-6826f704ebee,40.295338,-111.2584445
2014-04-18 06:00:00,27.02717854355987,cfe58efd-ce2a-495a-90cd-6826f704ebee,40.295338,-111.2584445
2014-04-19 06:00:00,30.74454030706606,cfe58efd-ce2a-495a-90cd-6826f704ebee,40.295338,-111.2584445
2014-04-20 06:00:00,31.14812391795984,cfe58efd-ce2a-495a-90cd-6826f704ebee,40.295338,-111.2584445
2014-04-21 06:00:00,25.093675267112356,cfe58efd-ce2a-495a-90cd-6826f704ebee,40.295338,-111.2584445
2014-04-22 06:00:00,32.79952843525911,cfe58efd-ce2a-495a-90cd-6826f704ebee,40.295338,-111.2584445
2014-04-23 06:00:00,46.13574255394547,cfe58efd-ce2a-495a-90cd-6826f704ebee,40.295338,-111.2584445
2014-04-24 06:00:00,18.544196283668427,cfe58efd-ce2a-495a-90cd-6826f704ebee,40.295338,-111.2584445
2014-04-25 06:00:00,27.38007450928262,cfe58efd-ce2a-495a-90cd-6826f704ebee,40.295338,-111.2584445
2014-04-26 06:00:00,59.74310593692072,cfe58efd-ce2a-495a-90cd-6826f704ebee,40.295338,-111.2584445
2014-04-27 06:00:00,47.91644522733808,cfe58efd-ce2a-495a-90cd-6826f704ebee,40.295338,-111.2584445
2014-04-28 06:00:00,48.891597047891906,cfe58efd-ce2a-495a-90cd-6826f704ebee,40.295338,-111.2584445
2014-04-29 06:00:00,30.300168639301226,cfe58efd-ce2a-495a-90cd-6826f704ebee,40.295338,-111.2584445
2014-04-30 06:00:00,25.66447989054303,cfe58efd-ce2a-495a-90cd-6826f704ebee,40.295338,-111.2584445
2014-05-01 06:00:00,20.80231437170082,cfe58efd-ce2a-495a-90cd-6826f704ebee,40.295338,-111.2584445
2014-05-02 06:00:00,22.150625846342443,cfe58efd-ce2a-495a-90cd-6826f704ebee,40.295338,-111.2584445
2014-05-03 06:00:00,18.646453463493003,cfe58efd-ce2a-495a-90cd-6826f704ebee,40.295338,-111.2584445
2014-05-04 06:00:00,20.74429471714925,cfe58efd-ce2a-495a-90cd-6826f704ebee,40.295338,-111.2584445
2014-05-05 06:00:00,21.819589492108932,cfe58efd-ce2a-495a-90cd-6826f704ebee,40.295338,-111.2584445
2014-05-06 06:00:00,32.51203219279089,cfe58efd-ce2a-495a-90cd-6826f704ebee,40.295338,-111.2584445
2014-05-07 06:00:00,57.01488923614237,cfe58efd-ce2a-495a-90cd-6826f704ebee,40.295338,-111.2584445
2014-05-08 06:00:00,48.36475798490525,cfe58efd-ce2a-495a-90cd-6826f704ebee,40.295338,-111.2584445
2014-05-09 06:00:00,41.3474029995408,cfe58efd-ce2a-495a-90cd-6826f704ebee,40.295338,-111.2584445
2014-05-10 06:00:00,44.591338257510195,cfe58efd-ce2a-495a-90cd-6826f704ebee,40.295338,-111.2584445
2014-05-11 06:00:00,54.20899215097272,cfe58efd-ce2a-495a-90cd-6826f704ebee,40.295338,-111.2584445
2014-05-12 06:00:00,42.614839526349606,cfe58efd-ce2a-495a-90cd-6826f704ebee,40.295338,-111.2584445
2014-05-13 06:00:00,30.425944303573036,cfe58efd-ce2a-495a-90cd-6826f704ebee,40.295338,-111.2584445
2014-05-14 06:00:00,20.733915807190822,cfe58efd-ce2a-495a-90cd-6826f704ebee,40.295338,-111.2584445
2014-05-15 06:00:00,21.27806021134288,cfe58efd-ce2a-495a-90cd-6826f704ebee,40.295338,-111.2584445
2014-05-16 06:00:00,23.890599317669754,cfe58efd-ce2a-495a-90cd-6826f704ebee,40.295338,-111.2584445
2014-05-17 06:00:00,23.399214617228072,cfe58efd-ce2a-495a-90cd-6826f704ebee,40.295338,-111.2584445
2014-05-18 06:00:00,23.238671366007257,cfe58efd-ce2a-495a-90cd-6826f704ebee,40.295338,-111.2584445
2014-05-19 06:00:00,31.635001729476006,cfe58efd-ce2a-495a-90cd-6826f704ebee,40.295338,-111.2584445
2014-05-20 06:00:00,25.476351293660954,cfe58efd-ce2a-495a-90cd-6826f704ebee,40.295338,-111.2584445
2014-05-21 06:00:00,21.118472351235454,cfe58efd-ce2a-495a-90cd-6826f704ebee,40.295338,-111.2584445
2014-05-22 06:00:00,20.78641267239647,cfe58efd-ce2a-495a-90cd-6826f704ebee,40.295338,-111.2584445
2014-05-23 06:00:00,37.04961831700218,cfe58efd-ce2a-495a-90cd-6826f704ebee,40.295338,-111.2584445
2014-05-24 06:00:00,48.71823472271277,cfe58efd-ce2a-495a-90cd-6826f704ebee,40.295338,-111.2584445
2014-05-25 06:00:00,36.23360591159201,cfe58efd-ce2a-495a-90cd-6826f704ebee,40.295338,-111.2584445
2014-05-26 06:00:00,26.83266981969535,cfe58efd-ce2a-495a-90cd-6826f704ebee,40.295338,-111.2584445
2014-05-27 06:00:00,21.98182134784036,cfe58efd-ce2a-495a-90cd-6826f704ebee,40.295338,-111.2584445
2014-05-28 06:00:00,21.792252633115858,cfe58efd-ce2a-495a-90cd-6826f704ebee,40.295338,-111.2584445
2014-05-29 06:00:00,31.14523026853886,cfe58efd-ce2a-495a-90cd-6826f704ebee,40.295338,-111.2584445
2014-05-30 06:00:00,28.322274329911966,cfe58efd-ce2a-495a-90cd-6826f704ebee,40.295338,-111.2584445
2014-05-31 06:00:00,21.53013947236779,cfe58efd-ce2a-495a-90cd-6826f704ebee,40.295338,-111.2584445
2014-06-01 06:00:00,27.378816996710906,cfe58efd-ce2a-495a-90cd-6826f704ebee,40.295338,-111.2584445
2014-06-02 06:00:00,18.314068093423543,cfe58efd-ce2a-495a-90cd-6826f704ebee,40.295338,-111.2584445
2014-06-03 06:00:00,22.089096063839257,cfe58efd-ce2a-495a-90cd-6826f704ebee,40.295338,-111.2584445
2014-06-04 06:00:00,21.205879401977423,cfe58efd-ce2a-495a-90cd-6826f704ebee,40.295338,-111.2584445
2014-06-05 06:00:00,20.861250101432105,cfe58efd-ce2a-495a-90cd-6826f704ebee,40.295338,-111.2584445
2014-06-06 06:00:00,16.854504635652365,cfe58efd-ce2a-495a-90cd-6826f704ebee,40.295338,-111.2584445
2014-06-07 06:00:00,21.496467615983214,cfe58efd-ce2a-495a-90cd-6826f704ebee,40.295338,-111.2584445
2014-06-08 06:00:00,27.098800750791057,cfe58efd-ce2a-495a-90cd-6826f704ebee,40.295338,-111.2584445
2014-06-09 06:00:00,22.636809164921218,cfe58efd-ce2a-495a-90cd-6826f704ebee,40.295338,-111.2584445
2014-06-10 06:00:00,20.761496577780484,cfe58efd-ce2a-495a-90cd-6826f704ebee,40.295338,-111.2584445
2014-06-11 06:00:00,26.208924576597187,cfe58efd-ce2a-495a-90cd-6826f704ebee,40.295338,-111.2584445
2014-06-12 06:00:00,18.47896348365102,cfe58efd-ce2a-495a-90cd-6826f704ebee,40.295338,-111.2584445
2014-06-13 06:00:00,24.63051317931367,cfe58efd-ce2a-495a-90cd-6826f704ebee,40.295338,-111.2584445
2014-06-14 06:00:00,33.95043669745512,cfe58efd-ce2a-495a-90cd-6826f704ebee,40.295338,-111.2584445
2014-06-15 06:00:00,24.003898589457606,cfe58efd-ce2a-495a-90cd-6826f704ebee,40.295338,-111.2584445
2014-06-16 06:00:00,32.16553761521632,cfe58efd-ce2a-495a-90cd-6826f704ebee,40.295338,-111.2584445
2014-06-17 06:00:00,47.49999613033592,cfe58efd-ce2a-495a-90cd-6826f704ebee,40.295338,-111.2584445
2014-06-18 06:00:00,43.51102208220879,cfe58efd-ce2a-495a-90cd-6826f704ebee,40.295338,-111.2584445
2014-06-19 06:00:00,25.057764581026195,cfe58efd-ce2a-495a-90cd-6826f704ebee,40.295338,-111.2584445
2014-06-20 06:00:00,18.715384874517934,cfe58efd-ce2a-495a-90cd-6826f704ebee,40.295338,-111.2584445
2014-06-21 06:00:00,18.74584912017031,cfe58efd-ce2a-495a-90cd-6826f704ebee,40.295338,-111.2584445
2014-06-22 06:00:00,18.777784001243223,cfe58efd-ce2a-495a-90cd-6826f704ebee,40.295338,-111.2584445
2014-06-23 06:00:00,20.307693587714496,cfe58efd-ce2a-495a-90cd-6826f704ebee,40.295338,-111.2584445
2014-06-24 06:00:00,21.00746968660529,cfe58efd-ce2a-495a-90cd-6826f704ebee,40.295338,-111.2584445
2014-06-25 06:00:00,21.191221534003443,cfe58efd-ce2a-495a-90cd-6826f704ebee,40.295338,-111.2584445
2014-06-26 06:00:00,24.368839892369987,cfe58efd-ce2a-495a-90cd-6826f704ebee,40.295338,-111.2584445
2014-06-27 06:00:00,46.77301476484989,cfe58efd-ce2a-495a-90cd-6826f704ebee,40.295338,-111.2584445
2014-06-28 06:00:00,27.979000602744154,cfe58efd-ce2a-495a-90cd-6826f704ebee,40.295338,-111.2584445
2014-06-29 06:00:00,21.45147971850422,cfe58efd-ce2a-495a-90cd-6826f704ebee,40.295338,-111.2584445
2014-06-30 06:00:00,24.71221806015909,cfe58efd-ce2a-495a-90cd-6826f704ebee,40.295338,-111.2584445
2014-07-01 06:00:00,17.373300464421256,cfe58efd-ce2a-495a-90cd-6826f704ebee,40.295338,-111.2584445
2014-07-02 06:00:00,15.985203950022644,cfe58efd-ce2a-495a-90cd-6826f704ebee,40.295338,-111.2584445
2014-07-03 06:00:00,22.459681575969366,cfe58efd-ce2a-495a-90cd-6826f704ebee,40.295338,-111.2584445
2014-07-04 06:00:00,23.532607656619966,cfe58efd-ce2a-495a-90cd-6826f704ebee,40.295338,-111.2584445
2014-07-05 06:00:00,22.41111434731314,cfe58efd-ce2a-495a-90cd-6826f704ebee,40.295338,-111.2584445
2014-07-06 06:00:00,19.81633569642286,cfe58efd-ce2a-495a-90cd-6826f704ebee,40.295338,-111.2584445
2014-07-07 06:00:00,19.229247685926218,cfe58efd-ce2a-495a-90cd-6826f704ebee,40.295338,-111.2584445
2014-07-08 06:00:00,19.945293450332628,cfe58efd-ce2a-495a-90cd-6826f704ebee,40.295338,-111.2584445
2014-07-09 06:00:00,29.238678581318414,cfe58efd-ce2a-495a-90cd-6826f704ebee,40.295338,-111.2584445
2014-07-10 06:00:00,38.288198908971665,cfe58efd-ce2a-495a-90cd-6826f704ebee,40.295338,-111.2584445
2014-07-11 06:00:00,50.37566131313299,cfe58efd-ce2a-495a-90cd-6826f704ebee,40.295338,-111.2584445
2014-07-12 06:00:00,36.88021023884974,cfe58efd-ce2a-495a-90cd-6826f704ebee,40.295338,-111.2584445
2014-07-13 06:00:00,29.498716931521724,cfe58efd-ce2a-495a-90cd-6826f704ebee,40.295338,-111.2584445
2014-07-14 06:00:00,20.671545873343316,cfe58efd-ce2a-495a-90cd-6826f704ebee,40.295338,-111.2584445
2014-07-15 06:00:00,23.86110379075225,cfe58efd-ce2a-495a-90cd-6826f704ebee,40.295338,-111.2584445
2014-07-16 06:00:00,33.588659310317986,cfe58efd-ce2a-495a-90cd-6826f704ebee,40.295338,-111.2584445
2014-07-17 06:00:00,25.75037797566908,cfe58efd-ce2a-495a-90cd-6826f704ebee,40.295338,-111.2584445
2014-07-18 06:00:00,18.414011468804876,cfe58efd-ce2a-495a-90cd-6826f704ebee,40.295338,-111.2584445
2014-07-19 06:00:00,22.414131014308143,cfe58efd-ce2a-495a-90cd-6826f704ebee,40.295338,-111.2584445
2014-07-20 06:00:00,25.306576623467734,cfe58efd-ce2a-495a-90cd-6826f704ebee,40.295338,-111.2584445
2014-07-21 06:00:00,26.061675283338566,cfe58efd-ce2a-495a-90cd-6826f704ebee,40.295338,-111.2584445
2014-07-22 06:00:00,15.70121868107894,cfe58efd-ce2a-495a-90cd-6826f704ebee,40.295338,-111.2584445
2014-07-23 06:00:00,16.26292707826173,cfe58efd-ce2a-495a-90cd-6826f704ebee,40.295338,-111.2584445
2014-07-24 06:00:00,25.05359185738248,cfe58efd-ce2a-495a-90cd-6826f704ebee,40.295338,-111.2584445
2014-07-25 06:00:00,24.31499283320622,cfe58efd-ce2a-495a-90cd-6826f704ebee,40.295338,-111.2584445
2014-07-26 06:00:00,25.39597846222657,cfe58efd-ce2a-495a-90cd-6826f704ebee,40.295338,-111.2584445
2014-07-27 06:00:00,23.19807774693089,cfe58efd-ce2a-495a-90cd-6826f704ebee,40.295338,-111.2584445
2014-07-28 06:00:00,35.559278533964864,cfe58efd-ce2a-495a-90cd-6826f704ebee,40.295338,-111.2584445
2014-07-29 06:00:00,54.097680812839364,cfe58efd-ce2a-495a-90cd-6826f704ebee,40.295338,-111.2584445
2014-07-30 06:00:00,62.87176822951845,cfe58efd-ce2a-495a-90cd-6826f704ebee,40.295338,-111.2584445
2014-07-31 06:00:00,45.23322339016698,cfe58efd-ce2a-495a-90cd-6826f704ebee,40.295338,-111.2584445
2014-08-01 06:00:00,40.451773296286575,cfe58efd-ce2a-495a-90cd-6826f704ebee,40.295338,-111.2584445
2014-08-02 06:00:00,31.12872376382408,cfe58efd-ce2a-495a-90cd-6826f704ebee,40.295338,-111.2584445
2014-08-03 06:00:00,31.414350907236884,cfe58efd-ce2a-495a-90cd-6826f704ebee,40.295338,-111.2584445
2014-08-04 06:00:00,55.30980251066738,cfe58efd-ce2a-495a-90cd-6826f704ebee,40.295338,-111.2584445
2014-08-05 06:00:00,58.531069862739514,cfe58efd-ce2a-495a-90cd-6826f704ebee,40.295338,-111.2584445
2014-08-06 06:00:00,45.4299961533487,cfe58efd-ce2a-495a-90cd-6826f704ebee,40.295338,-111.2584445
2014-08-07 06:00:00,37.76895013345651,cfe58efd-ce2a-495a-90cd-6826f704ebee,40.295338,-111.2584445
2014-08-08 06:00:00,42.324918188118914,cfe58efd-ce2a-495a-90cd-6826f704ebee,40.295338,-111.2584445
2014-08-09 06:00:00,35.99791189114941,cfe58efd-ce2a-495a-90cd-6826f704ebee,40.295338,-111.2584445
2014-08-10 06:00:00,27.200745125439852,cfe58efd-ce2a-495a-90cd-6826f704ebee,40.295338,-111.2584445
2014-08-11 06:00:00,27.8294317097073,cfe58efd-ce2a-495a-90cd-6826f704ebee,40.295338,-111.2584445
2014-08-12 06:00:00,36.70375335869253,cfe58efd-ce2a-495a-90cd-6826f704ebee,40.295338,-111.2584445
2014-08-13 06:00:00,55.23288749159814,cfe58efd-ce2a-495a-90cd-6826f704ebee,40.295338,-111.2584445
2014-08-14 06:00:00,45.344492909544144,cfe58efd-ce2a-495a-90cd-6826f704ebee,40.295338,-111.2584445
2014-08-15 06:00:00,33.94401615153816,cfe58efd-ce2a-495a-90cd-6826f704ebee,40.295338,-111.2584445
2014-08-16 06:00:00,26.515867652856425,cfe58efd-ce2a-495a-90cd-6826f704ebee,40.295338,-111.2584445
2014-08-17 06:00:00,19.292996466102565,cfe58efd-ce2a-495a-90cd-6826f704ebee,40.295338,-111.2584445
2014-08-18 06:00:00,18.984809025334812,cfe58efd-ce2a-495a-90cd-6826f704ebee,40.295338,-111.2584445
2014-08-19 06:00:00,49.486482339908484,cfe58efd-ce2a-495a-90cd-6826f704ebee,40.295338,-111.2584445
2014-08-20 06:00:00,54.567529577572216,cfe58efd-ce2a-495a-90cd-6826f704ebee,40.295338,-111.2584445
2014-08-21 06:00:00,39.97722361158798,cfe58efd-ce2a-495a-90cd-6826f704ebee,40.295338,-111.2584445
2014-08-22 06:00:00,36.066082825234716,cfe58efd-ce2a-495a-90cd-6826f704ebee,40.295338,-111.2584445
2014-08-23 06:00:00,56.3606978901067,cfe58efd-ce2a-495a-90cd-6826f704ebee,40.295338,-111.2584445
2014-08-24 06:00:00,31.216711348461256,cfe58efd-ce2a-495a-90cd-6826f704ebee,40.295338,-111.2584445
2014-08-25 06:00:00,44.82442445782488,cfe58efd-ce2a-495a-90cd-6826f704ebee,40.295338,-111.2584445
2014-08-26 06:00:00,47.16636508205096,cfe58efd-ce2a-495a-90cd-6826f704ebee,40.295338,-111.2584445
2014-08-27 06:00:00,59.09098659445757,cfe58efd-ce2a-495a-90cd-6826f704ebee,40.295338,-111.2584445
2014-08-28 06:00:00,43.96138739242333,cfe58efd-ce2a-495a-90cd-6826f704ebee,40.295338,-111.2584445
2014-08-29 06:00:00,28.32753819622293,cfe58efd-ce2a-495a-90cd-6826f704ebee,40.295338,-111.2584445
2014-08-30 06:00:00,35.922991181885706,cfe58efd-ce2a-495a-90cd-6826f704ebee,40.295338,-111.2584445
2014-08-31 06:00:00,41.48742816862753,cfe58efd-ce2a-495a-90cd-6826f704ebee,40.295338,-111.2584445
2014-09-01 06:00:00,27.101852046882268,cfe58efd-ce2a-495a-90cd-6826f704ebee,40.295338,-111.2584445
2014-09-02 06:00:00,20.462060448301173,cfe58efd-ce2a-495a-90cd-6826f704ebee,40.295338,-111.2584445
2014-09-03 06:00:00,22.440932688864233,cfe58efd-ce2a-495a-90cd-6826f704ebee,40.295338,-111.2584445
2014-09-04 06:00:00,25.04716406500649,cfe58efd-ce2a-495a-90cd-6826f704ebee,40.295338,-111.2584445
2014-09-05 06:00:00,29.117787724842145,cfe58efd-ce2a-495a-90cd-6826f704ebee,40.295338,-111.2584445
2014-09-06 06:00:00,29.168951107834992,cfe58efd-ce2a-495a-90cd-6826f704ebee,40.295338,-111.2584445
2014-09-07 06:00:00,26.287883742054877,cfe58efd-ce2a-495a-90cd-6826f704ebee,40.295338,-111.2584445
2014-09-08 06:00:00,36.82309516958041,cfe58efd-ce2a-495a-90cd-6826f704ebee,40.295338,-111.2584445
2014-09-09 06:00:00,77.96171296455903,cfe58efd-ce2a-495a-90cd-6826f704ebee,40.295338,-111.2584445
2014-09-10 06:00:00,41.97569524085259,cfe58efd-ce2a-495a-90cd-6826f704ebee,40.295338,-111.2584445
2014-09-11 06:00:00,31.037089907584804,cfe58efd-ce2a-495a-90cd-6826f704ebee,40.295338,-111.2584445
2014-09-12 06:00:00,28.1832867328303,cfe58efd-ce2a-495a-90cd-6826f704ebee,40.295338,-111.2584445
2014-09-13 06:00:00,21.596858424938837,cfe58efd-ce2a-495a-90cd-6826f704ebee,40.295338,-111.2584445
2014-09-14 06:00:00,20.090908367512434,cfe58efd-ce2a-495a-90cd-6826f704ebee,40.295338,-111.2584445
2014-09-15 06:00:00,20.531629892178845,cfe58efd-ce2a-495a-90cd-6826f704ebee,40.295338,-111.2584445
2014-09-16 06:00:00,21.585990936909585,cfe58efd-ce2a-495a-90cd-6826f704ebee,40.295338,-111.2584445
2014-09-17 06:00:00,23.096750101827865,cfe58efd-ce2a-495a-90cd-6826f704ebee,40.295338,-111.2584445
2014-09-18 06:00:00,28.011899843683164,cfe58efd-ce2a-495a-90cd-6826f704ebee,40.295338,-111.2584445
2014-09-19 06:00:00,39.317367429119486,cfe58efd-ce2a-495a-90cd-6826f704ebee,40.295338,-111.2584445
2014-09-20 06:00:00,27.939815422299965,cfe58efd-ce2a-495a-90cd-6826f704ebee,40.295338,-111.2584445
2014-09-21 06:00:00,53.85759642396721,cfe58efd-ce2a-495a-90cd-6826f704ebee,40.295338,-111.2584445
2014-09-22 06:00:00,52.75356184623199,cfe58efd-ce2a-495a-90cd-6826f704ebee,40.295338,-111.2584445
2014-09-23 06:00:00,38.13661776495942,cfe58efd-ce2a-495a-90cd-6826f704ebee,40.295338,-111.2584445
2014-09-24 06:00:00,30.538060557487263,cfe58efd-ce2a-495a-90cd-6826f704ebee,40.295338,-111.2584445
2014-09-25 06:00:00,25.436172476190432,cfe58efd-ce2a-495a-90cd-6826f704ebee,40.295338,-111.2584445
2014-09-26 06:00:00,28.507726861695392,cfe58efd-ce2a-495a-90cd-6826f704ebee,40.295338,-111.2584445
2014-09-27 06:00:00,74.16430655267808,cfe58efd-ce2a-495a-90cd-6826f704ebee,40.295338,-111.2584445
2014-09-28 06:00:00,67.82232276117654,cfe58efd-ce2a-495a-90cd-6826f704ebee,40.295338,-111.2584445
2014-09-29 06:00:00,55.916029450987295,cfe58efd-ce2a-495a-90cd-6826f704ebee,40.295338,-111.2584445
2014-09-30 06:00:00,56.74483579402928,cfe58efd-ce2a-495a-90cd-6826f704ebee,40.295338,-111.2584445
2014-10-01 06:00:00,65.06798149643899,cfe58efd-ce2a-495a-90cd-6826f704ebee,40.295338,-111.2584445
2014-10-02 06:00:00,33.41619530053922,cfe58efd-ce2a-495a-90cd-6826f704ebee,40.295338,-111.2584445
2014-10-03 06:00:00,24.924922829517143,cfe58efd-ce2a-495a-90cd-6826f704ebee,40.295338,-111.2584445
2014-10-04 06:00:00,23.075289578763023,cfe58efd-ce2a-495a-90cd-6826f704ebee,40.295338,-111.2584445
2014-10-05 06:00:00,26.481588429607648,cfe58efd-ce2a-495a-90cd-6826f704ebee,40.295338,-111.2584445
2014-10-06 06:00:00,28.79214645187862,cfe58efd-ce2a-495a-90cd-6826f704ebee,40.295338,-111.2584445
2014-10-07 06:00:00,26.026164297640726,cfe58efd-ce2a-495a-90cd-6826f704ebee,40.295338,-111.2584445
2014-10-08 06:00:00,23.673722302879316,cfe58efd-ce2a-495a-90cd-6826f704ebee,40.295338,-111.2584445
2014-10-09 06:00:00,24.092893459382367,cfe58efd-ce2a-495a-90cd-6826f704ebee,40.295338,-111.2584445
2014-10-10 06:00:00,23.936178674615427,cfe58efd-ce2a-495a-90cd-6826f704ebee,40.295338,-111.2584445
2014-10-11 06:00:00,32.974267976084775,cfe58efd-ce2a-495a-90cd-6826f704ebee,40.295338,-111.2584445
2014-10-12 06:00:00,38.14069962295401,cfe58efd-ce2a-495a-90cd-6826f704ebee,40.295338,-111.2584445
2014-10-13 06:00:00,27.588203525451604,cfe58efd-ce2a-495a-90cd-6826f704ebee,40.295338,-111.2584445
2014-10-14 06:00:00,18.610554104236087,cfe58efd-ce2a-495a-90cd-6826f704ebee,40.295338,-111.2584445
2014-10-15 06:00:00,21.732283774530735,cfe58efd-ce2a-495a-90cd-6826f704ebee,40.295338,-111.2584445
2014-10-16 06:00:00,25.987542402503813,cfe58efd-ce2a-495a-90cd-6826f704ebee,40.295338,-111.2584445
2014-10-17 06:00:00,24.10641682502974,cfe58efd-ce2a-495a-90cd-6826f704ebee,40.295338,-111.2584445
2014-10-18 06:00:00,23.54014987011121,cfe58efd-ce2a-495a-90cd-6826f704ebee,40.295338,-111.2584445
2014-10-19 06:00:00,23.491679166854286,cfe58efd-ce2a-495a-90cd-6826f704ebee,40.295338,-111.2584445
2014-10-20 06:00:00,26.421850217293365,cfe58efd-ce2a-495a-90cd-6826f704ebee,40.295338,-111.2584445
2014-10-21 06:00:00,37.841705897585,cfe58efd-ce2a-495a-90cd-6826f704ebee,40.295338,-111.2584445
2014-10-22 06:00:00,32.61389902941203,cfe58efd-ce2a-495a-90cd-6826f704ebee,40.295338,-111.2584445
2014-10-23 06:00:00,18.779170590564682,cfe58efd-ce2a-495a-90cd-6826f704ebee,40.295338,-111.2584445
2014-10-24 06:00:00,21.193404020882937,cfe58efd-ce2a-495a-90cd-6826f704ebee,40.295338,-111.2584445
2014-10-25 06:00:00,21.508150305917468,cfe58efd-ce2a-495a-90cd-6826f704ebee,40.295338,-111.2584445
2014-10-26 06:00:00,36.15663163462702,cfe58efd-ce2a-495a-90cd-6826f704ebee,40.295338,-111.2584445
2014-10-27 06:00:00,38.13695162609148,cfe58efd-ce2a-495a-90cd-6826f704ebee,40.295338,-111.2584445
2014-10-28 06:00:00,18.402422640211416,cfe58efd-ce2a-495a-90cd-6826f704ebee,40.295338,-111.2584445
2014-10-29 06:00:00,16.351263256970793,cfe58efd-ce2a-495a-90cd-6826f704ebee,40.295338,-111.2584445
2014-10-30 06:00:00,17.38359259276523,cfe58efd-ce2a-495a-90cd-6826f704ebee,40.295338,-111.2584445
2014-10-31 06:00:00,17.68131903979093,cfe58efd-ce2a-495a-90cd-6826f704ebee,40.295338,-111.2584445
2014-11-01 06:00:00,33.02515831689899,cfe58efd-ce2a-495a-90cd-6826f704ebee,40.295338,-111.2584445
2014-11-02 06:00:00,60.926488643649904,cfe58efd-ce2a-495a-90cd-6826f704ebee,40.295338,-111.2584445
2014-11-03 06:00:00,55.407333802764626,cfe58efd-ce2a-495a-90cd-6826f704ebee,40.295338,-111.2584445
2014-11-04 06:00:00,26.263534547730664,cfe58efd-ce2a-495a-90cd-6826f704ebee,40.295338,-111.2584445
2014-11-05 06:00:00,25.267101665280624,cfe58efd-ce2a-495a-90cd-6826f704ebee,40.295338,-111.2584445
2014-11-06 06:00:00,19.365460788825747,cfe58efd-ce2a-495a-90cd-6826f704ebee,40.295338,-111.2584445
2014-11-07 06:00:00,26.12337033457761,cfe58efd-ce2a-495a-90cd-6826f704ebee,40.295338,-111.2584445
2014-11-08 06:00:00,25.184973244937304,cfe58efd-ce2a-495a-90cd-6826f704ebee,40.295338,-111.2584445
2014-11-09 06:00:00,21.731369064360372,cfe58efd-ce2a-495a-90cd-6826f704ebee,40.295338,-111.2584445
2014-11-10 06:00:00,37.26259884206752,cfe58efd-ce2a-495a-90cd-6826f704ebee,40.295338,-111.2584445
2014-11-11 06:00:00,28.187418158070386,cfe58efd-ce2a-495a-90cd-6826f704ebee,40.295338,-111.2584445
2014-11-12 06:00:00,57.10988846704665,cfe58efd-ce2a-495a-90cd-6826f704ebee,40.295338,-111.2584445
2014-11-13 06:00:00,39.995342687044314,cfe58efd-ce2a-495a-90cd-6826f704ebee,40.295338,-111.2584445
2014-11-14 06:00:00,45.256824075660376,cfe58efd-ce2a-495a-90cd-6826f704ebee,40.295338,-111.2584445
2014-11-15 06:00:00,65.20249862744187,cfe58efd-ce2a-495a-90cd-6826f704ebee,40.295338,-111.2584445
2014-11-16 06:00:00,44.213318354801764,cfe58efd-ce2a-495a-90cd-6826f704ebee,40.295338,-111.2584445
2014-11-17 06:00:00,22.046227375437272,cfe58efd-ce2a-495a-90cd-6826f704ebee,40.295338,-111.2584445
2014-11-18 06:00:00,21.09448995232926,cfe58efd-ce2a-495a-90cd-6826f704ebee,40.295338,-111.2584445
2014-11-19 06:00:00,22.698241575536077,cfe58efd-ce2a-495a-90cd-6826f704ebee,40.295338,-111.2584445
2014-11-20 06:00:00,26.24273768121754,cfe58efd-ce2a-495a-90cd-6826f704ebee,40.295338,-111.2584445
2014-11-21 06:00:00,23.640863288490966,cfe58efd-ce2a-495a-90cd-6826f704ebee,40.295338,-111.2584445
2014-11-22 06:00:00,42.9709786663367,cfe58efd-ce2a-495a-90cd-6826f704ebee,40.295338,-111.2584445
2014-11-23 06:00:00,79.26344132950166,cfe58efd-ce2a-495a-90cd-6826f704ebee,40.295338,-111.2584445
2014-11-24 06:00:00,54.78081601497419,cfe58efd-ce2a-495a-90cd-6826f704ebee,40.295338,-111.2584445
2014-11-25 06:00:00,36.179348032252356,cfe58efd-ce2a-495a-90cd-6826f704ebee,40.295338,-111.2584445
2014-11-26 06:00:00,38.44410051827702,cfe58efd-ce2a-495a-90cd-6826f704ebee,40.295338,-111.2584445
2014-11-27 06:00:00,23.863490455546827,cfe58efd-ce2a-495a-90cd-6826f704ebee,40.295338,-111.2584445
2014-11-28 06:00:00,21.47415934149516,cfe58efd-ce2a-495a-90cd-6826f704ebee,40.295338,-111.2584445
2014-11-29 06:00:00,29.094856078984304,cfe58efd-ce2a-495a-90cd-6826f704ebee,40.295338,-111.2584445
2014-11-30 06:00:00,41.20824076920949,cfe58efd-ce2a-495a-90cd-6826f704ebee,40.295338,-111.2584445
2014-12-01 06:00:00,47.016094292046134,cfe58efd-ce2a-495a-90cd-6826f704ebee,40.295338,-111.2584445
2014-12-02 06:00:00,41.63853554995901,cfe58efd-ce2a-495a-90cd-6826f704ebee,40.295338,-111.2584445
2014-12-03 06:00:00,53.651340158482675,cfe58efd-ce2a-495a-90cd-6826f704ebee,40.295338,-111.2584445
2014-12-04 06:00:00,53.097413908622215,cfe58efd-ce2a-495a-90cd-6826f704ebee,40.295338,-111.2584445
2014-12-05 06:00:00,54.80957160238803,cfe58efd-ce2a-495a-90cd-6826f704ebee,40.295338,-111.2584445
2014-12-06 06:00:00,50.0855923120387,cfe58efd-ce2a-495a-90cd-6826f704ebee,40.295338,-111.2584445
2014-12-07 06:00:00,43.389386890715535,cfe58efd-ce2a-495a-90cd-6826f704ebee,40.295338,-111.2584445
2014-12-08 06:00:00,38.42123318543008,cfe58efd-ce2a-495a-90cd-6826f704ebee,40.295338,-111.2584445
2014-12-09 06:00:00,35.95148826034796,cfe58efd-ce2a-495a-90cd-6826f704ebee,40.295338,-111.2584445
2014-12-10 06:00:00,32.78800190972321,cfe58efd-ce2a-495a-90cd-6826f704ebee,40.295338,-111.2584445
2014-12-11 06:00:00,41.46165762396528,cfe58efd-ce2a-495a-90cd-6826f704ebee,40.295338,-111.2584445
2014-12-12 06:00:00,46.127384119830836,cfe58efd-ce2a-495a-90cd-6826f704ebee,40.295338,-111.2584445
2014-12-13 06:00:00,59.897547063177086,cfe58efd-ce2a-495a-90cd-6826f704ebee,40.295338,-111.2584445
2014-12-14 06:00:00,69.02203942261329,cfe58efd-ce2a-495a-90cd-6826f704ebee,40.295338,-111.2584445
2014-12-15 06:00:00,47.22900708699662,cfe58efd-ce2a-495a-90cd-6826f704ebee,40.295338,-111.2584445
2014-12-16 06:00:00,51.5000310122795,cfe58efd-ce2a-495a-90cd-6826f704ebee,40.295338,-111.2584445
2014-12-17 06:00:00,46.510311610417,cfe58efd-ce2a-495a-90cd-6826f704ebee,40.295338,-111.2584445
2014-12-18 06:00:00,54.03298841727456,cfe58efd-ce2a-495a-90cd-6826f704ebee,40.295338,-111.2584445
2014-12-19 06:00:00,46.4151051179591,cfe58efd-ce2a-495a-90cd-6826f704ebee,40.295338,-111.2584445
2014-12-20 06:00:00,59.71643197227281,cfe58efd-ce2a-495a-90cd-6826f704ebee,40.295338,-111.2584445
2014-12-21 06:00:00,62.054380451682434,cfe58efd-ce2a-495a-90cd-6826f704ebee,40.295338,-111.2584445
2014-12-22 06:00:00,81.8364577792678,cfe58efd-ce2a-495a-90cd-6826f704ebee,40.295338,-111.2584445
2014-12-23 06:00:00,54.83437498021193,cfe58efd-ce2a-495a-90cd-6826f704ebee,40.295338,-111.2584445
2014-12-24 06:00:00,33.32869846516224,cfe58efd-ce2a-495a-90cd-6826f704ebee,40.295338,-111.2584445
2014-12-25 06:00:00,80.74350489342476,cfe58efd-ce2a-495a-90cd-6826f704ebee,40.295338,-111.2584445
2014-12-26 06:00:00,75.79858444609629,cfe58efd-ce2a-495a-90cd-6826f704ebee,40.295338,-111.2584445
2014-12-27 06:00:00,59.440763039272866,cfe58efd-ce2a-495a-90cd-6826f704ebee,40.295338,-111.2584445
2014-12-28 06:00:00,46.32403441693896,cfe58efd-ce2a-495a-90cd-6826f704ebee,40.295338,-111.2584445
2014-12-29 06:00:00,74.00880094999083,cfe58efd-ce2a-495a-90cd-6826f704ebee,40.295338,-111.2584445
2014-12-30 06:00:00,86.78157467067987,cfe58efd-ce2a-495a-90cd-6826f704ebee,40.295338,-111.2584445
2014-12-31 06:00:00,50.91814306077765,cfe58efd-ce2a-495a-90cd-6826f704ebee,40.295338,-111.2584445
2015-01-01 06:00:00,23.52676466722883,cfe58efd-ce2a-495a-90cd-6826f704ebee,40.295338,-111.2584445
2015-01-02 06:00:00,20.122738507478772,cfe58efd-ce2a-495a-90cd-6826f704ebee,40.295338,-111.2584445
2015-01-03 06:00:00,36.25849730961605,cfe58efd-ce2a-495a-90cd-6826f704ebee,40.295338,-111.2584445
2015-01-04 06:00:00,29.749747682144502,cfe58efd-ce2a-495a-90cd-6826f704ebee,40.295338,-111.2584445
2015-01-05 06:00:00,35.974643879504754,cfe58efd-ce2a-495a-90cd-6826f704ebee,40.295338,-111.2584445
2015-01-06 06:00:00,32.29123828825644,cfe58efd-ce2a-495a-90cd-6826f704ebee,40.295338,-111.2584445
2015-01-07 06:00:00,25.1427811302896,cfe58efd-ce2a-495a-90cd-6826f704ebee,40.295338,-111.2584445
2015-01-08 06:00:00,26.76308136462708,cfe58efd-ce2a-495a-90cd-6826f704ebee,40.295338,-111.2584445
2015-01-09 06:00:00,31.443024599586515,cfe58efd-ce2a-495a-90cd-6826f704ebee,40.295338,-111.2584445
2015-01-10 06:00:00,33.063112240588865,cfe58efd-ce2a-495a-90cd-6826f704ebee,40.295338,-111.2584445
2015-01-11 06:00:00,52.56513310486485,cfe58efd-ce2a-495a-90cd-6826f704ebee,40.295338,-111.2584445
2015-01-12 06:00:00,69.1969848105131,cfe58efd-ce2a-495a-90cd-6826f704ebee,40.295338,-111.2584445
2015-01-13 06:00:00,63.34402688985601,cfe58efd-ce2a-495a-90cd-6826f704ebee,40.295338,-111.2584445
2015-01-14 06:00:00,57.022607424073676,cfe58efd-ce2a-495a-90cd-6826f704ebee,40.295338,-111.2584445
2015-01-15 06:00:00,28.90858067559234,cfe58efd-ce2a-495a-90cd-6826f704ebee,40.295338,-111.2584445
2015-01-16 06:00:00,29.10905109702339,cfe58efd-ce2a-495a-90cd-6826f704ebee,40.295338,-111.2584445
2015-01-17 06:00:00,31.29567894399682,cfe58efd-ce2a-495a-90cd-6826f704ebee,40.295338,-111.2584445
2015-01-18 06:00:00,22.503474260269737,cfe58efd-ce2a-495a-90cd-6826f704ebee,40.295338,-111.2584445
2015-01-19 06:00:00,36.76594979893578,cfe58efd-ce2a-495a-90cd-6826f704ebee,40.295338,-111.2584445
2015-01-20 06:00:00,44.54860997268721,cfe58efd-ce2a-495a-90cd-6826f704ebee,40.295338,-111.2584445
2015-01-21 06:00:00,37.2880171373644,cfe58efd-ce2a-495a-90cd-6826f704ebee,40.295338,-111.2584445
2015-01-22 06:00:00,29.074314122928325,cfe58efd-ce2a-495a-90cd-6826f704ebee,40.295338,-111.2584445
2015-01-23 06:00:00,30.106282539257748,cfe58efd-ce2a-495a-90cd-6826f704ebee,40.295338,-111.2584445
2015-01-24 06:00:00,31.415755943422933,cfe58efd-ce2a-495a-90cd-6826f704ebee,40.295338,-111.2584445
2015-01-25 06:00:00,27.355768352145763,cfe58efd-ce2a-495a-90cd-6826f704ebee,40.295338,-111.2584445
2015-01-26 06:00:00,25.45214603178554,cfe58efd-ce2a-495a-90cd-6826f704ebee,40.295338,-111.2584445
2015-01-27 06:00:00,33.857780148728786,cfe58efd-ce2a-495a-90cd-6826f704ebee,40.295338,-111.2584445
2015-01-28 06:00:00,47.79905291730458,cfe58efd-ce2a-495a-90cd-6826f704ebee,40.295338,-111.2584445
2015-01-29 06:00:00,46.74893280454374,cfe58efd-ce2a-495a-90cd-6826f704ebee,40.295338,-111.2584445
2015-01-30 06:00:00,57.377358102203,cfe58efd-ce2a-495a-90cd-6826f704ebee,40.295338,-111.2584445
2015-01-31 06:00:00,53.98544812820831,cfe58efd-ce2a-495a-90cd-6826f704ebee,40.295338,-111.2584445
2015-02-01 06:00:00,39.05923712929204,cfe58efd-ce2a-495a-90cd-6826f704ebee,40.295338,-111.2584445
2015-02-02 06:00:00,38.61213367106706,cfe58efd-ce2a-495a-90cd-6826f704ebee,40.295338,-111.2584445
2015-02-03 06:00:00,40.86606186748582,cfe58efd-ce2a-495a-90cd-6826f704ebee,40.295338,-111.2584445
2015-02-04 06:00:00,40.892792305043976,cfe58efd-ce2a-495a-90cd-6826f704ebee,40.295338,-111.2584445
2015-02-05 06:00:00,23.999711129209608,cfe58efd-ce2a-495a-90cd-6826f704ebee,40.295338,-111.2584445
2015-02-06 06:00:00,21.909100789959677,cfe58efd-ce2a-495a-90cd-6826f704ebee,40.295338,-111.2584445
2015-02-07 06:00:00,27.150778848316442,cfe58efd-ce2a-495a-90cd-6826f704ebee,40.295338,-111.2584445
2015-02-08 06:00:00,31.491203636074157,cfe58efd-ce2a-495a-90cd-6826f704ebee,40.295338,-111.2584445
2015-02-09 06:00:00,38.990888022093905,cfe58efd-ce2a-495a-90cd-6826f704ebee,40.295338,-111.2584445
2015-02-10 06:00:00,53.613862476477124,cfe58efd-ce2a-495a-90cd-6826f704ebee,40.295338,-111.2584445
2015-02-11 06:00:00,34.44907358263,cfe58efd-ce2a-495a-90cd-6826f704ebee,40.295338,-111.2584445
2015-02-12 06:00:00,24.548989850208237,cfe58efd-ce2a-495a-90cd-6826f704ebee,40.295338,-111.2584445
2015-02-13 06:00:00,21.562916243568736,cfe58efd-ce2a-495a-90cd-6826f704ebee,40.295338,-111.2584445
2015-02-14 06:00:00,18.1907880968136,cfe58efd-ce2a-495a-90cd-6826f704ebee,40.295338,-111.2584445
2015-02-15 06:00:00,35.89865669301791,cfe58efd-ce2a-495a-90cd-6826f704ebee,40.295338,-111.2584445
2015-02-16 06:00:00,41.74245925229061,cfe58efd-ce2a-495a-90cd-6826f704ebee,40.295338,-111.2584445
2015-02-17 06:00:00,32.02562906739806,cfe58efd-ce2a-495a-90cd-6826f704ebee,40.295338,-111.2584445
2015-02-18 06:00:00,21.250853891216945,cfe58efd-ce2a-495a-90cd-6826f704ebee,40.295338,-111.2584445
2015-02-19 06:00:00,21.141351738305872,cfe58efd-ce2a-495a-90cd-6826f704ebee,40.295338,-111.2584445
2015-02-20 06:00:00,41.74933527892422,cfe58efd-ce2a-495a-90cd-6826f704ebee,40.295338,-111.2584445
2015-02-21 06:00:00,45.19252040910675,cfe58efd-ce2a-495a-90cd-6826f704ebee,40.295338,-111.2584445
2015-02-22 06:00:00,61.05156530770514,cfe58efd-ce2a-495a-90cd-6826f704ebee,40.295338,-111.2584445
2015-02-23 06:00:00,42.564652984355305,cfe58efd-ce2a-495a-90cd-6826f704ebee,40.295338,-111.2584445
2015-02-24 06:00:00,24.227922307654833,cfe58efd-ce2a-495a-90cd-6826f704ebee,40.295338,-111.2584445
2015-02-25 06:00:00,28.864676148472327,cfe58efd-ce2a-495a-90cd-6826f704ebee,40.295338,-111.2584445
2015-02-26 06:00:00,38.59514672886741,cfe58efd-ce2a-495a-90cd-6826f704ebee,40.295338,-111.2584445
2015-02-27 06:00:00,47.90502791904006,cfe58efd-ce2a-495a-90cd-6826f704ebee,40.295338,-111.2584445
2015-02-28 06:00:00,50.72411769680057,cfe58efd-ce2a-495a-90cd-6826f704ebee,40.295338,-111.2584445
2015-03-01 06:00:00,50.24997656214822,cfe58efd-ce2a-495a-90cd-6826f704ebee,40.295338,-111.2584445
2015-03-02 06:00:00,54.186217316289465,cfe58efd-ce2a-495a-90cd-6826f704ebee,40.295338,-111.2584445
2015-03-03 06:00:00,62.33773587141669,cfe58efd-ce2a-495a-90cd-6826f704ebee,40.295338,-111.2584445
2015-03-04 06:00:00,42.77451915172977,cfe58efd-ce2a-495a-90cd-6826f704ebee,40.295338,-111.2584445
2015-03-05 06:00:00,25.639466405716462,cfe58efd-ce2a-495a-90cd-6826f704ebee,40.295338,-111.2584445
2015-03-06 06:00:00,23.962827451634478,cfe58efd-ce2a-495a-90cd-6826f704ebee,40.295338,-111.2584445
2015-03-07 06:00:00,20.986203879833678,cfe58efd-ce2a-495a-90cd-6826f704ebee,40.295338,-111.2584445
2015-03-08 06:00:00,23.604397323930872,cfe58efd-ce2a-495a-90cd-6826f704ebee,40.295338,-111.2584445
2015-03-09 06:00:00,24.771233737296946,cfe58efd-ce2a-495a-90cd-6826f704ebee,40.295338,-111.2584445
2015-03-10 06:00:00,18.859579612152952,cfe58efd-ce2a-495a-90cd-6826f704ebee,40.295338,-111.2584445
2015-03-11 06:00:00,23.198097985713787,cfe58efd-ce2a-495a-90cd-6826f704ebee,40.295338,-111.2584445
2015-03-12 06:00:00,38.73541677879898,cfe58efd-ce2a-495a-90cd-6826f704ebee,40.295338,-111.2584445
2015-03-13 06:00:00,32.074973294187586,cfe58efd-ce2a-495a-90cd-6826f704ebee,40.295338,-111.2584445
2015-03-14 06:00:00,25.605043053970558,cfe58efd-ce2a-495a-90cd-6826f704ebee,40.295338,-111.2584445
2015-03-15 06:00:00,24.865105706836946,cfe58efd-ce2a-495a-90cd-6826f704ebee,40.295338,-111.2584445
2015-03-16 06:00:00,24.234637897136004,cfe58efd-ce2a-495a-90cd-6826f704ebee,40.295338,-111.2584445
2015-03-17 06:00:00,22.315786103350284,cfe58efd-ce2a-495a-90cd-6826f704ebee,40.295338,-111.2584445
2015-03-18 06:00:00,33.97553760334348,cfe58efd-ce2a-495a-90cd-6826f704ebee,40.295338,-111.2584445
2015-03-19 06:00:00,28.00587539966008,cfe58efd-ce2a-495a-90cd-6826f704ebee,40.295338,-111.2584445
2015-03-20 06:00:00,18.775948158945752,cfe58efd-ce2a-495a-90cd-6826f704ebee,40.295338,-111.2584445
2015-03-21 06:00:00,18.59759185637109,cfe58efd-ce2a-495a-90cd-6826f704ebee,40.295338,-111.2584445
2015-03-22 06:00:00,24.776013727032375,cfe58efd-ce2a-495a-90cd-6826f704ebee,40.295338,-111.2584445
2015-03-23 06:00:00,40.15635858145503,cfe58efd-ce2a-495a-90cd-6826f704ebee,40.295338,-111.2584445
2015-03-24 06:00:00,36.064947950965966,cfe58efd-ce2a-495a-90cd-6826f704ebee,40.295338,-111.2584445
2015-03-25 06:00:00,40.491515028602684,cfe58efd-ce2a-495a-90cd-6826f704ebee,40.295338,-111.2584445
2015-03-26 06:00:00,18.362069959026705,cfe58efd-ce2a-495a-90cd-6826f704ebee,40.295338,-111.2584445
2015-03-27 06:00:00,20.846096852327292,cfe58efd-ce2a-495a-90cd-6826f704ebee,40.295338,-111.2584445
2015-03-28 06:00:00,23.6469154614422,cfe58efd-ce2a-495a-90cd-6826f704ebee,40.295338,-111.2584445
2015-03-29 06:00:00,20.558697173735133,cfe58efd-ce2a-495a-90cd-6826f704ebee,40.295338,-111.2584445
2015-03-30 06:00:00,18.219619831594567,cfe58efd-ce2a-495a-90cd-6826f704ebee,40.295338,-111.2584445
2015-03-31 06:00:00,21.50517319121347,cfe58efd-ce2a-495a-90cd-6826f704ebee,40.295338,-111.2584445
2015-04-01 06:00:00,37.84374423214842,cfe58efd-ce2a-495a-90cd-6826f704ebee,40.295338,-111.2584445
2015-04-02 06:00:00,28.67711289082435,cfe58efd-ce2a-495a-90cd-6826f704ebee,40.295338,-111.2584445
2015-04-03 06:00:00,19.361748690792968,cfe58efd-ce2a-495a-90cd-6826f704ebee,40.295338,-111.2584445
2015-04-04 06:00:00,13.312689411079047,cfe58efd-ce2a-495a-90cd-6826f704ebee,40.295338,-111.2584445
2015-04-05 06:00:00,16.146920708941224,cfe58efd-ce2a-495a-90cd-6826f704ebee,40.295338,-111.2584445
2015-04-06 06:00:00,22.29836614903753,cfe58efd-ce2a-495a-90cd-6826f704ebee,40.295338,-111.2584445
2015-04-07 06:00:00,24.98725835230348,cfe58efd-ce2a-495a-90cd-6826f704ebee,40.295338,-111.2584445
2015-04-08 06:00:00,40.87718693919186,cfe58efd-ce2a-495a-90cd-6826f704ebee,40.295338,-111.2584445
2015-04-09 06:00:00,35.67731715485412,cfe58efd-ce2a-495a-90cd-6826f704ebee,40.295338,-111.2584445
2015-04-10 06:00:00,21.000073611564527,cfe58efd-ce2a-495a-90cd-6826f704ebee,40.295338,-111.2584445
2015-04-11 06:00:00,19.168431101569066,cfe58efd-ce2a-495a-90cd-6826f704ebee,40.295338,-111.2584445
2015-04-12 06:00:00,29.606248322412675,cfe58efd-ce2a-495a-90cd-6826f704ebee,40.295338,-111.2584445
2015-04-13 06:00:00,14.038778341698258,cfe58efd-ce2a-495a-90cd-6826f704ebee,40.295338,-111.2584445
2015-04-14 06:00:00,19.10121641974399,cfe58efd-ce2a-495a-90cd-6826f704ebee,40.295338,-111.2584445
2015-04-15 06:00:00,53.29962093342278,cfe58efd-ce2a-495a-90cd-6826f704ebee,40.295338,-111.2584445
2015-04-16 06:00:00,37.54479237683798,cfe58efd-ce2a-495a-90cd-6826f704ebee,40.295338,-111.2584445
2015-04-17 06:00:00,35.27900919698959,cfe58efd-ce2a-495a-90cd-6826f704ebee,40.295338,-111.2584445
2015-04-18 06:00:00,30.02429565114544,cfe58efd-ce2a-495a-90cd-6826f704ebee,40.295338,-111.2584445
2015-04-19 06:00:00,26.814331785746194,cfe58efd-ce2a-495a-90cd-6826f704ebee,40.295338,-111.2584445
2015-04-20 06:00:00,22.67182379840774,cfe58efd-ce2a-495a-90cd-6826f704ebee,40.295338,-111.2584445
2015-04-21 06:00:00,17.284583814549517,cfe58efd-ce2a-495a-90cd-6826f704ebee,40.295338,-111.2584445
2015-04-22 06:00:00,19.51022130359719,cfe58efd-ce2a-495a-90cd-6826f704ebee,40.295338,-111.2584445
2015-04-23 06:00:00,29.254502209416955,cfe58efd-ce2a-495a-90cd-6826f704ebee,40.295338,-111.2584445
2015-04-24 06:00:00,29.276294957434867,cfe58efd-ce2a-495a-90cd-6826f704ebee,40.295338,-111.2584445
2015-04-25 06:00:00,52.67818298119976,cfe58efd-ce2a-495a-90cd-6826f704ebee,40.295338,-111.2584445
2015-04-26 06:00:00,73.38685805790708,cfe58efd-ce2a-495a-90cd-6826f704ebee,40.295338,-111.2584445
2015-04-27 06:00:00,36.19901333533149,cfe58efd-ce2a-495a-90cd-6826f704ebee,40.295338,-111.2584445
2015-04-28 06:00:00,26.949767370159872,cfe58efd-ce2a-495a-90cd-6826f704ebee,40.295338,-111.2584445
2015-04-29 06:00:00,23.064828198421015,cfe58efd-ce2a-495a-90cd-6826f704ebee,40.295338,-111.2584445
2015-04-30 06:00:00,26.818382653448015,cfe58efd-ce2a-495a-90cd-6826f704ebee,40.295338,-111.2584445
2015-05-01 06:00:00,27.619999001509406,cfe58efd-ce2a-495a-90cd-6826f704ebee,40.295338,-111.2584445
2015-05-02 06:00:00,24.960828086713782,cfe58efd-ce2a-495a-90cd-6826f704ebee,40.295338,-111.2584445
2015-05-03 06:00:00,25.224651617000703,cfe58efd-ce2a-495a-90cd-6826f704ebee,40.295338,-111.2584445
2015-05-04 06:00:00,36.21791835202264,cfe58efd-ce2a-495a-90cd-6826f704ebee,40.295338,-111.2584445
2015-05-05 06:00:00,44.784539800785005,cfe58efd-ce2a-495a-90cd-6826f704ebee,40.295338,-111.2584445
2015-05-06 06:00:00,57.789366433531136,cfe58efd-ce2a-495a-90cd-6826f704ebee,40.295338,-111.2584445
2015-05-07 06:00:00,47.665088998023194,cfe58efd-ce2a-495a-90cd-6826f704ebee,40.295338,-111.2584445
2015-05-08 06:00:00,39.93441992328215,cfe58efd-ce2a-495a-90cd-6826f704ebee,40.295338,-111.2584445
2015-05-09 06:00:00,67.44377226376052,cfe58efd-ce2a-495a-90cd-6826f704ebee,40.295338,-111.2584445
2015-05-10 06:00:00,50.66211763468073,cfe58efd-ce2a-495a-90cd-6826f704ebee,40.295338,-111.2584445
2015-05-11 06:00:00,27.207403609892364,cfe58efd-ce2a-495a-90cd-6826f704ebee,40.295338,-111.2584445
2015-05-12 06:00:00,26.875885244290725,cfe58efd-ce2a-495a-90cd-6826f704ebee,40.295338,-111.2584445
2015-05-13 06:00:00,26.78989822468313,cfe58efd-ce2a-495a-90cd-6826f704ebee,40.295338,-111.2584445
2015-05-14 06:00:00,32.51994592334993,cfe58efd-ce2a-495a-90cd-6826f704ebee,40.295338,-111.2584445
2015-05-15 06:00:00,63.812018490662155,cfe58efd-ce2a-495a-90cd-6826f704ebee,40.295338,-111.2584445
2015-05-16 06:00:00,55.9501291214561,cfe58efd-ce2a-495a-90cd-6826f704ebee,40.295338,-111.2584445
2015-05-17 06:00:00,49.20793445744731,cfe58efd-ce2a-495a-90cd-6826f704ebee,40.295338,-111.2584445
2015-05-18 06:00:00,46.24424683555288,cfe58efd-ce2a-495a-90cd-6826f704ebee,40.295338,-111.2584445
2015-05-19 06:00:00,47.991255566892896,cfe58efd-ce2a-495a-90cd-6826f704ebee,40.295338,-111.2584445
2015-05-20 06:00:00,43.37016339627283,cfe58efd-ce2a-495a-90cd-6826f704ebee,40.295338,-111.2584445
2015-05-21 06:00:00,52.21584738182633,cfe58efd-ce2a-495a-90cd-6826f704ebee,40.295338,-111.2584445
2015-05-22 06:00:00,53.220532486005894,cfe58efd-ce2a-495a-90cd-6826f704ebee,40.295338,-111.2584445
2015-05-23 06:00:00,44.99282589563376,cfe58efd-ce2a-495a-90cd-6826f704ebee,40.295338,-111.2584445
2015-05-24 06:00:00,47.26930971906005,cfe58efd-ce2a-495a-90cd-6826f704ebee,40.295338,-111.2584445
2015-05-25 06:00:00,44.37375552555784,cfe58efd-ce2a-495a-90cd-6826f704ebee,40.295338,-111.2584445
2015-05-26 06:00:00,44.90442182190939,cfe58efd-ce2a-495a-90cd-6826f704ebee,40.295338,-111.2584445
2015-05-27 06:00:00,45.33601471005897,cfe58efd-ce2a-495a-90cd-6826f704ebee,40.295338,-111.2584445
2015-05-28 06:00:00,44.09596274061689,cfe58efd-ce2a-495a-90cd-6826f704ebee,40.295338,-111.2584445
2015-05-29 06:00:00,31.305637978911975,cfe58efd-ce2a-495a-90cd-6826f704ebee,40.295338,-111.2584445
2015-05-30 06:00:00,27.279780245880804,cfe58efd-ce2a-495a-90cd-6826f704ebee,40.295338,-111.2584445
2015-05-31 06:00:00,26.91246634784739,cfe58efd-ce2a-495a-90cd-6826f704ebee,40.295338,-111.2584445
2015-06-01 06:00:00,24.90245653641671,cfe58efd-ce2a-495a-90cd-6826f704ebee,40.295338,-111.2584445
2015-06-02 06:00:00,23.798344270411185,cfe58efd-ce2a-495a-90cd-6826f704ebee,40.295338,-111.2584445
2015-06-03 06:00:00,25.13432716933955,cfe58efd-ce2a-495a-90cd-6826f704ebee,40.295338,-111.2584445
2015-06-04 06:00:00,22.505131194731227,cfe58efd-ce2a-495a-90cd-6826f704ebee,40.295338,-111.2584445
2015-06-05 06:00:00,35.56498819767111,cfe58efd-ce2a-495a-90cd-6826f704ebee,40.295338,-111.2584445
2015-06-06 06:00:00,34.568143875752355,cfe58efd-ce2a-495a-90cd-6826f704ebee,40.295338,-111.2584445
2015-06-07 06:00:00,42.50895002366945,cfe58efd-ce2a-495a-90cd-6826f704ebee,40.295338,-111.2584445
2015-06-08 06:00:00,29.448427324908838,cfe58efd-ce2a-495a-90cd-6826f704ebee,40.295338,-111.2584445
2015-06-09 06:00:00,27.392056936947462,cfe58efd-ce2a-495a-90cd-6826f704ebee,40.295338,-111.2584445
2015-06-10 06:00:00,37.4388039998431,cfe58efd-ce2a-495a-90cd-6826f704ebee,40.295338,-111.2584445
2015-06-11 06:00:00,46.28706991615259,cfe58efd-ce2a-495a-90cd-6826f704ebee,40.295338,-111.2584445
2015-06-12 06:00:00,39.831628361536154,cfe58efd-ce2a-495a-90cd-6826f704ebee,40.295338,-111.2584445
2015-06-13 06:00:00,29.953310804339583,cfe58efd-ce2a-495a-90cd-6826f704ebee,40.295338,-111.2584445
2015-06-14 06:00:00,26.71472106955581,cfe58efd-ce2a-495a-90cd-6826f704ebee,40.295338,-111.2584445
2015-06-15 06:00:00,29.39138602660781,cfe58efd-ce2a-495a-90cd-6826f704ebee,40.295338,-111.2584445
2015-06-16 06:00:00,29.117717174929457,cfe58efd-ce2a-495a-90cd-6826f704ebee,40.295338,-111.2584445
2015-06-17 06:00:00,24.888482133203922,cfe58efd-ce2a-495a-90cd-6826f704ebee,40.295338,-111.2584445
2015-06-18 06:00:00,20.74192784590634,cfe58efd-ce2a-495a-90cd-6826f704ebee,40.295338,-111.2584445
2015-06-19 06:00:00,19.512527463988086,cfe58efd-ce2a-495a-90cd-6826f704ebee,40.295338,-111.2584445
2015-06-20 06:00:00,22.081744852716483,cfe58efd-ce2a-495a-90cd-6826f704ebee,40.295338,-111.2584445
2015-06-21 06:00:00,20.095762536802848,cfe58efd-ce2a-495a-90cd-6826f704ebee,40.295338,-111.2584445
2015-06-22 06:00:00,21.030872867155487,cfe58efd-ce2a-495a-90cd-6826f704ebee,40.295338,-111.2584445
2015-06-23 06:00:00,20.914773290599342,cfe58efd-ce2a-495a-90cd-6826f704ebee,40.295338,-111.2584445
2015-06-24 06:00:00,20.32649097754106,cfe58efd-ce2a-495a-90cd-6826f704ebee,40.295338,-111.2584445
2015-06-25 06:00:00,20.4333693919333,cfe58efd-ce2a-495a-90cd-6826f704ebee,40.295338,-111.2584445
2015-06-26 06:00:00,22.347836999224427,cfe58efd-ce2a-495a-90cd-6826f704ebee,40.295338,-111.2584445
2015-06-27 06:00:00,18.78703625813685,cfe58efd-ce2a-495a-90cd-6826f704ebee,40.295338,-111.2584445
2015-06-28 06:00:00,19.587366292845388,cfe58efd-ce2a-495a-90cd-6826f704ebee,40.295338,-111.2584445
2015-06-29 06:00:00,21.773260957569484,cfe58efd-ce2a-495a-90cd-6826f704ebee,40.295338,-111.2584445
2015-06-30 06:00:00,23.49522956716224,cfe58efd-ce2a-495a-90cd-6826f704ebee,40.295338,-111.2584445
2015-07-01 06:00:00,29.575258203702518,cfe58efd-ce2a-495a-90cd-6826f704ebee,40.295338,-111.2584445
2015-07-02 06:00:00,27.38027676152679,cfe58efd-ce2a-495a-90cd-6826f704ebee,40.295338,-111.2584445
2015-07-03 06:00:00,24.348708302097524,cfe58efd-ce2a-495a-90cd-6826f704ebee,40.295338,-111.2584445
2015-07-04 06:00:00,26.26774633812515,cfe58efd-ce2a-495a-90cd-6826f704ebee,40.295338,-111.2584445
2015-07-05 06:00:00,39.91071244825204,cfe58efd-ce2a-495a-90cd-6826f704ebee,40.295338,-111.2584445
2015-07-06 06:00:00,37.34199023361279,cfe58efd-ce2a-495a-90cd-6826f704ebee,40.295338,-111.2584445
2015-07-07 06:00:00,43.01647742177063,cfe58efd-ce2a-495a-90cd-6826f704ebee,40.295338,-111.2584445
2015-07-08 06:00:00,47.91109726362568,cfe58efd-ce2a-495a-90cd-6826f704ebee,40.295338,-111.2584445
2015-07-09 06:00:00,43.78542136596327,cfe58efd-ce2a-495a-90cd-6826f704ebee,40.295338,-111.2584445
2015-07-10 06:00:00,44.000993429984646,cfe58efd-ce2a-495a-90cd-6826f704ebee,40.295338,-111.2584445
2015-07-11 06:00:00,32.837475871032076,cfe58efd-ce2a-495a-90cd-6826f704ebee,40.295338,-111.2584445
2015-07-12 06:00:00,29.559144160245957,cfe58efd-ce2a-495a-90cd-6826f704ebee,40.295338,-111.2584445
2015-07-13 06:00:00,22.925313454883586,cfe58efd-ce2a-495a-90cd-6826f704ebee,40.295338,-111.2584445
2015-07-14 06:00:00,24.665412966959988,cfe58efd-ce2a-495a-90cd-6826f704ebee,40.295338,-111.2584445
2015-07-15 06:00:00,28.981340523755524,cfe58efd-ce2a-495a-90cd-6826f704ebee,40.295338,-111.2584445
2015-07-16 06:00:00,23.732722816503927,cfe58efd-ce2a-495a-90cd-6826f704ebee,40.295338,-111.2584445
2015-07-17 06:00:00,20.42740243770662,cfe58efd-ce2a-495a-90cd-6826f704ebee,40.295338,-111.2584445
2015-07-18 06:00:00,32.78415601878758,cfe58efd-ce2a-495a-90cd-6826f704ebee,40.295338,-111.2584445
2015-07-19 06:00:00,32.79222868407265,cfe58efd-ce2a-495a-90cd-6826f704ebee,40.295338,-111.2584445
2015-07-20 06:00:00,38.71499380575248,cfe58efd-ce2a-495a-90cd-6826f704ebee,40.295338,-111.2584445
2015-07-21 06:00:00,33.28652782238641,cfe58efd-ce2a-495a-90cd-6826f704ebee,40.295338,-111.2584445
2015-07-22 06:00:00,34.21235035979668,cfe58efd-ce2a-495a-90cd-6826f704ebee,40.295338,-111.2584445
2015-07-23 06:00:00,30.25163286998797,cfe58efd-ce2a-495a-90cd-6826f704ebee,40.295338,-111.2584445
2015-07-24 06:00:00,22.54646919463027,cfe58efd-ce2a-495a-90cd-6826f704ebee,40.295338,-111.2584445
2015-07-25 06:00:00,21.02525713991134,cfe58efd-ce2a-495a-90cd-6826f704ebee,40.295338,-111.2584445
2015-07-26 06:00:00,18.914457680283547,cfe58efd-ce2a-495a-90cd-6826f704ebee,40.295338,-111.2584445
2015-07-27 06:00:00,25.165014004959268,cfe58efd-ce2a-495a-90cd-6826f704ebee,40.295338,-111.2584445
2015-07-28 06:00:00,25.27588298662023,cfe58efd-ce2a-495a-90cd-6826f704ebee,40.295338,-111.2584445
2015-07-29 06:00:00,18.366510567129176,cfe58efd-ce2a-495a-90cd-6826f704ebee,40.295338,-111.2584445
2015-07-30 06:00:00,15.58670362569642,cfe58efd-ce2a-495a-90cd-6826f704ebee,40.295338,-111.2584445
2015-07-31 06:00:00,14.879344606720178,cfe58efd-ce2a-495a-90cd-6826f704ebee,40.295338,-111.2584445
2015-08-01 06:00:00,16.18161184437337,cfe58efd-ce2a-495a-90cd-6826f704ebee,40.295338,-111.2584445
2015-08-02 06:00:00,20.50583398949058,cfe58efd-ce2a-495a-90cd-6826f704ebee,40.295338,-111.2584445
2015-08-03 06:00:00,67.72902674313123,cfe58efd-ce2a-495a-90cd-6826f704ebee,40.295338,-111.2584445
2015-08-04 06:00:00,33.600602815978014,cfe58efd-ce2a-495a-90cd-6826f704ebee,40.295338,-111.2584445
2015-08-05 06:00:00,25.95403526335468,cfe58efd-ce2a-495a-90cd-6826f704ebee,40.295338,-111.2584445
2015-08-06 06:00:00,25.732488958338614,cfe58efd-ce2a-495a-90cd-6826f704ebee,40.295338,-111.2584445
2015-08-07 06:00:00,46.193976520461376,cfe58efd-ce2a-495a-90cd-6826f704ebee,40.295338,-111.2584445
2015-08-08 06:00:00,46.87322109050183,cfe58efd-ce2a-495a-90cd-6826f704ebee,40.295338,-111.2584445
2015-08-09 06:00:00,33.70977661909677,cfe58efd-ce2a-495a-90cd-6826f704ebee,40.295338,-111.2584445
2015-08-10 06:00:00,25.142686312526155,cfe58efd-ce2a-495a-90cd-6826f704ebee,40.295338,-111.2584445
2015-08-11 06:00:00,31.876316008260915,cfe58efd-ce2a-495a-90cd-6826f704ebee,40.295338,-111.2584445
2015-08-12 06:00:00,39.959833700306476,cfe58efd-ce2a-495a-90cd-6826f704ebee,40.295338,-111.2584445
2015-08-13 06:00:00,32.126280274331634,cfe58efd-ce2a-495a-90cd-6826f704ebee,40.295338,-111.2584445
2015-08-14 06:00:00,31.483633125664294,cfe58efd-ce2a-495a-90cd-6826f704ebee,40.295338,-111.2584445
2015-08-15 06:00:00,29.051852604612264,cfe58efd-ce2a-495a-90cd-6826f704ebee,40.295338,-111.2584445
2015-08-16 06:00:00,30.02020692229844,cfe58efd-ce2a-495a-90cd-6826f704ebee,40.295338,-111.2584445
2015-08-17 06:00:00,23.026344378102177,cfe58efd-ce2a-495a-90cd-6826f704ebee,40.295338,-111.2584445
2015-08-18 06:00:00,22.742060057597023,cfe58efd-ce2a-495a-90cd-6826f704ebee,40.295338,-111.2584445
2015-08-19 06:00:00,19.313099851067772,cfe58efd-ce2a-495a-90cd-6826f704ebee,40.295338,-111.2584445
2015-08-20 06:00:00,19.390859900702665,cfe58efd-ce2a-495a-90cd-6826f704ebee,40.295338,-111.2584445
2015-08-21 06:00:00,17.736722455130074,cfe58efd-ce2a-495a-90cd-6826f704ebee,40.295338,-111.2584445
2015-08-22 06:00:00,21.826956071954413,cfe58efd-ce2a-495a-90cd-6826f704ebee,40.295338,-111.2584445
2015-08-23 06:00:00,17.956852364150752,cfe58efd-ce2a-495a-90cd-6826f704ebee,40.295338,-111.2584445
2015-08-24 06:00:00,20.819808531219746,cfe58efd-ce2a-495a-90cd-6826f704ebee,40.295338,-111.2584445
2015-08-25 06:00:00,19.48599954251483,cfe58efd-ce2a-495a-90cd-6826f704ebee,40.295338,-111.2584445
2015-08-26 06:00:00,52.98030147497523,cfe58efd-ce2a-495a-90cd-6826f704ebee,40.295338,-111.2584445
2015-08-27 06:00:00,39.502255534118014,cfe58efd-ce2a-495a-90cd-6826f704ebee,40.295338,-111.2584445
2015-08-28 06:00:00,21.970183637254408,cfe58efd-ce2a-495a-90cd-6826f704ebee,40.295338,-111.2584445
2015-08-29 06:00:00,19.302832719801025,cfe58efd-ce2a-495a-90cd-6826f704ebee,40.295338,-111.2584445
2015-08-30 06:00:00,30.502541236987373,cfe58efd-ce2a-495a-90cd-6826f704ebee,40.295338,-111.2584445
2015-08-31 06:00:00,29.097963296485336,cfe58efd-ce2a-495a-90cd-6826f704ebee,40.295338,-111.2584445
2015-09-01 06:00:00,25.62189237208005,cfe58efd-ce2a-495a-90cd-6826f704ebee,40.295338,-111.2584445
2015-09-02 06:00:00,24.35141222071579,cfe58efd-ce2a-495a-90cd-6826f704ebee,40.295338,-111.2584445
2015-09-03 06:00:00,23.32851234934401,cfe58efd-ce2a-495a-90cd-6826f704ebee,40.295338,-111.2584445
2015-09-04 06:00:00,19.970543666256955,cfe58efd-ce2a-495a-90cd-6826f704ebee,40.295338,-111.2584445
2015-09-05 06:00:00,30.067633290799275,cfe58efd-ce2a-495a-90cd-6826f704ebee,40.295338,-111.2584445
2015-09-06 06:00:00,21.535224353889227,cfe58efd-ce2a-495a-90cd-6826f704ebee,40.295338,-111.2584445
2015-09-07 06:00:00,21.36530388054312,cfe58efd-ce2a-495a-90cd-6826f704ebee,40.295338,-111.2584445
2015-09-08 06:00:00,16.50204167471381,cfe58efd-ce2a-495a-90cd-6826f704ebee,40.295338,-111.2584445
2015-09-09 06:00:00,11.72074377113071,cfe58efd-ce2a-495a-90cd-6826f704ebee,40.295338,-111.2584445
2015-09-10 06:00:00,11.505164664027557,cfe58efd-ce2a-495a-90cd-6826f704ebee,40.295338,-111.2584445
2015-09-11 06:00:00,12.95350029053995,cfe58efd-ce2a-495a-90cd-6826f704ebee,40.295338,-111.2584445
2015-09-12 06:00:00,10.986061760373808,cfe58efd-ce2a-495a-90cd-6826f704ebee,40.295338,-111.2584445
2015-09-13 06:00:00,13.505681730484758,cfe58efd-ce2a-495a-90cd-6826f704ebee,40.295338,-111.2584445
2015-09-14 06:00:00,32.472612133630754,cfe58efd-ce2a-495a-90cd-6826f704ebee,40.295338,-111.2584445
2015-09-15 06:00:00,57.38888030185022,cfe58efd-ce2a-495a-90cd-6826f704ebee,40.295338,-111.2584445
2015-09-16 06:00:00,51.64095814289897,cfe58efd-ce2a-495a-90cd-6826f704ebee,40.295338,-111.2584445
2015-09-17 06:00:00,48.22325376864241,cfe58efd-ce2a-495a-90cd-6826f704ebee,40.295338,-111.2584445
2015-09-18 06:00:00,38.42288782960744,cfe58efd-ce2a-495a-90cd-6826f704ebee,40.295338,-111.2584445
2015-09-19 06:00:00,23.10207281928012,cfe58efd-ce2a-495a-90cd-6826f704ebee,40.295338,-111.2584445
2015-09-20 06:00:00,18.42427316202096,cfe58efd-ce2a-495a-90cd-6826f704ebee,40.295338,-111.2584445
2015-09-21 06:00:00,17.016025603676393,cfe58efd-ce2a-495a-90cd-6826f704ebee,40.295338,-111.2584445
2015-09-22 06:00:00,15.464324861392736,cfe58efd-ce2a-495a-90cd-6826f704ebee,40.295338,-111.2584445
2015-09-23 06:00:00,15.885751631715687,cfe58efd-ce2a-495a-90cd-6826f704ebee,40.295338,-111.2584445
2015-09-24 06:00:00,15.802053905930459,cfe58efd-ce2a-495a-90cd-6826f704ebee,40.295338,-111.2584445
2015-09-25 06:00:00,15.338600544375254,cfe58efd-ce2a-495a-90cd-6826f704ebee,40.295338,-111.2584445
2015-09-26 06:00:00,18.34409308456436,cfe58efd-ce2a-495a-90cd-6826f704ebee,40.295338,-111.2584445
2015-09-27 06:00:00,22.83535082997552,cfe58efd-ce2a-495a-90cd-6826f704ebee,40.295338,-111.2584445
2015-09-28 06:00:00,26.168784204752374,cfe58efd-ce2a-495a-90cd-6826f704ebee,40.295338,-111.2584445
2015-09-29 06:00:00,26.156699890591117,cfe58efd-ce2a-495a-90cd-6826f704ebee,40.295338,-111.2584445
2015-09-30 06:00:00,26.21698349284851,cfe58efd-ce2a-495a-90cd-6826f704ebee,40.295338,-111.2584445
2015-10-01 06:00:00,21.74806101796263,cfe58efd-ce2a-495a-90cd-6826f704ebee,40.295338,-111.2584445
2015-10-02 06:00:00,39.479933750617974,cfe58efd-ce2a-495a-90cd-6826f704ebee,40.295338,-111.2584445
2015-10-03 06:00:00,52.339147965342356,cfe58efd-ce2a-495a-90cd-6826f704ebee,40.295338,-111.2584445
2015-10-04 06:00:00,40.26424885803868,cfe58efd-ce2a-495a-90cd-6826f704ebee,40.295338,-111.2584445
2015-10-05 06:00:00,52.536712386308096,cfe58efd-ce2a-495a-90cd-6826f704ebee,40.295338,-111.2584445
2015-10-06 06:00:00,49.46085894142173,cfe58efd-ce2a-495a-90cd-6826f704ebee,40.295338,-111.2584445
2015-10-07 06:00:00,35.37942988957269,cfe58efd-ce2a-495a-90cd-6826f704ebee,40.295338,-111.2584445
2015-10-08 06:00:00,31.195105328225495,cfe58efd-ce2a-495a-90cd-6826f704ebee,40.295338,-111.2584445
2015-10-09 06:00:00,30.466568779189576,cfe58efd-ce2a-495a-90cd-6826f704ebee,40.295338,-111.2584445
2015-10-10 06:00:00,22.904425728218012,cfe58efd-ce2a-495a-90cd-6826f704ebee,40.295338,-111.2584445
2015-10-11 06:00:00,30.89353427282328,cfe58efd-ce2a-495a-90cd-6826f704ebee,40.295338,-111.2584445
2015-10-12 06:00:00,18.32107259400411,cfe58efd-ce2a-495a-90cd-6826f704ebee,40.295338,-111.2584445
2015-10-13 06:00:00,14.470535699732597,cfe58efd-ce2a-495a-90cd-6826f704ebee,40.295338,-111.2584445
2015-10-14 06:00:00,17.7977800121912,cfe58efd-ce2a-495a-90cd-6826f704ebee,40.295338,-111.2584445
2015-10-15 06:00:00,18.035179365379783,cfe58efd-ce2a-495a-90cd-6826f704ebee,40.295338,-111.2584445
2015-10-16 06:00:00,18.209441997590375,cfe58efd-ce2a-495a-90cd-6826f704ebee,40.295338,-111.2584445
2015-10-17 06:00:00,30.71386756677106,cfe58efd-ce2a-495a-90cd-6826f704ebee,40.295338,-111.2584445
2015-10-18 06:00:00,48.39924688275106,cfe58efd-ce2a-495a-90cd-6826f704ebee,40.295338,-111.2584445
2015-10-19 06:00:00,57.71020727313332,cfe58efd-ce2a-495a-90cd-6826f704ebee,40.295338,-111.2584445
2015-10-20 06:00:00,47.63260834223943,cfe58efd-ce2a-495a-90cd-6826f704ebee,40.295338,-111.2584445
2015-10-21 06:00:00,50.06330109009024,cfe58efd-ce2a-495a-90cd-6826f704ebee,40.295338,-111.2584445
2015-10-22 06:00:00,49.371659285282426,cfe58efd-ce2a-495a-90cd-6826f704ebee,40.295338,-111.2584445
2015-10-23 06:00:00,41.504065719736424,cfe58efd-ce2a-495a-90cd-6826f704ebee,40.295338,-111.2584445
2015-10-24 06:00:00,26.191832525013275,cfe58efd-ce2a-495a-90cd-6826f704ebee,40.295338,-111.2584445
2015-10-25 06:00:00,27.440709778257112,cfe58efd-ce2a-495a-90cd-6826f704ebee,40.295338,-111.2584445
2015-10-26 06:00:00,34.706914141359064,cfe58efd-ce2a-495a-90cd-6826f704ebee,40.295338,-111.2584445
2015-10-27 06:00:00,33.349750724008295,cfe58efd-ce2a-495a-90cd-6826f704ebee,40.295338,-111.2584445
2015-10-28 06:00:00,20.22562868153099,cfe58efd-ce2a-495a-90cd-6826f704ebee,40.295338,-111.2584445
2015-10-29 06:00:00,47.77579212463555,cfe58efd-ce2a-495a-90cd-6826f704ebee,40.295338,-111.2584445
2015-10-30 06:00:00,47.27346357625911,cfe58efd-ce2a-495a-90cd-6826f704ebee,40.295338,-111.2584445
2015-10-31 06:00:00,35.8184147375805,cfe58efd-ce2a-495a-90cd-6826f704ebee,40.295338,-111.2584445
2015-11-01 06:00:00,26.81247651451031,cfe58efd-ce2a-495a-90cd-6826f704ebee,40.295338,-111.2584445
2015-11-02 06:00:00,28.15013210322282,cfe58efd-ce2a-495a-90cd-6826f704ebee,40.295338,-111.2584445
2015-11-03 06:00:00,32.298083938393425,cfe58efd-ce2a-495a-90cd-6826f704ebee,40.295338,-111.2584445
2015-11-04 06:00:00,43.69599567526928,cfe58efd-ce2a-495a-90cd-6826f704ebee,40.295338,-111.2584445
2015-11-05 06:00:00,54.30646380773539,cfe58efd-ce2a-495a-90cd-6826f704ebee,40.295338,-111.2584445
2015-11-06 06:00:00,48.11180128671021,cfe58efd-ce2a-495a-90cd-6826f704ebee,40.295338,-111.2584445
2015-11-07 06:00:00,24.92520025621574,cfe58efd-ce2a-495a-90cd-6826f704ebee,40.295338,-111.2584445
2015-11-08 06:00:00,23.824887945374883,cfe58efd-ce2a-495a-90cd-6826f704ebee,40.295338,-111.2584445
2015-11-09 06:00:00,30.053212802531515,cfe58efd-ce2a-495a-90cd-6826f704ebee,40.295338,-111.2584445
2015-11-10 06:00:00,63.445665665479034,cfe58efd-ce2a-495a-90cd-6826f704ebee,40.295338,-111.2584445
2015-11-11 06:00:00,53.652545452575986,cfe58efd-ce2a-495a-90cd-6826f704ebee,40.295338,-111.2584445
2015-11-12 06:00:00,30.849904301301663,cfe58efd-ce2a-495a-90cd-6826f704ebee,40.295338,-111.2584445
2015-11-13 06:00:00,23.250495274861656,cfe58efd-ce2a-495a-90cd-6826f704ebee,40.295338,-111.2584445
2015-11-14 06:00:00,23.57633371930301,cfe58efd-ce2a-495a-90cd-6826f704ebee,40.295338,-111.2584445
2015-11-15 06:00:00,26.229671710964354,cfe58efd-ce2a-495a-90cd-6826f704ebee,40.295338,-111.2584445
2015-11-16 06:00:00,63.99741386977901,cfe58efd-ce2a-495a-90cd-6826f704ebee,40.295338,-111.2584445
2015-11-17 06:00:00,54.41706838983395,cfe58efd-ce2a-495a-90cd-6826f704ebee,40.295338,-111.2584445
2015-11-18 06:00:00,45.72582507980889,cfe58efd-ce2a-495a-90cd-6826f704ebee,40.295338,-111.2584445
2015-11-19 06:00:00,37.452800234044325,cfe58efd-ce2a-495a-90cd-6826f704ebee,40.295338,-111.2584445
2015-11-20 06:00:00,51.52316183407185,cfe58efd-ce2a-495a-90cd-6826f704ebee,40.295338,-111.2584445
2015-11-21 06:00:00,28.849295851591116,cfe58efd-ce2a-495a-90cd-6826f704ebee,40.295338,-111.2584445
2015-11-22 06:00:00,17.69467487390172,cfe58efd-ce2a-495a-90cd-6826f704ebee,40.295338,-111.2584445
2015-11-23 06:00:00,16.86877453224116,cfe58efd-ce2a-495a-90cd-6826f704ebee,40.295338,-111.2584445
2015-11-24 06:00:00,27.49174093123701,cfe58efd-ce2a-495a-90cd-6826f704ebee,40.295338,-111.2584445
2015-11-25 06:00:00,38.42206028948371,cfe58efd-ce2a-495a-90cd-6826f704ebee,40.295338,-111.2584445
2015-11-26 06:00:00,73.18496863138894,cfe58efd-ce2a-495a-90cd-6826f704ebee,40.295338,-111.2584445
2015-11-27 06:00:00,62.64454021325602,cfe58efd-ce2a-495a-90cd-6826f704ebee,40.295338,-111.2584445
2015-11-28 06:00:00,61.65171499188191,cfe58efd-ce2a-495a-90cd-6826f704ebee,40.295338,-111.2584445
2015-11-29 06:00:00,68.54262876922871,cfe58efd-ce2a-495a-90cd-6826f704ebee,40.295338,-111.2584445
2015-11-30 06:00:00,47.44707000908316,cfe58efd-ce2a-495a-90cd-6826f704ebee,40.295338,-111.2584445
2015-12-01 06:00:00,32.573511323370006,cfe58efd-ce2a-495a-90cd-6826f704ebee,40.295338,-111.2584445
2015-12-02 06:00:00,22.69995819846675,cfe58efd-ce2a-495a-90cd-6826f704ebee,40.295338,-111.2584445
2015-12-03 06:00:00,28.43603736408392,cfe58efd-ce2a-495a-90cd-6826f704ebee,40.295338,-111.2584445
2015-12-04 06:00:00,36.066748260879145,cfe58efd-ce2a-495a-90cd-6826f704ebee,40.295338,-111.2584445
2015-12-05 06:00:00,46.978041444571396,cfe58efd-ce2a-495a-90cd-6826f704ebee,40.295338,-111.2584445
2015-12-06 06:00:00,32.32349096182788,cfe58efd-ce2a-495a-90cd-6826f704ebee,40.295338,-111.2584445
2015-12-07 06:00:00,26.182827600484625,cfe58efd-ce2a-495a-90cd-6826f704ebee,40.295338,-111.2584445
2015-12-08 06:00:00,39.576796316390535,cfe58efd-ce2a-495a-90cd-6826f704ebee,40.295338,-111.2584445
2015-12-09 06:00:00,37.784769789286244,cfe58efd-ce2a-495a-90cd-6826f704ebee,40.295338,-111.2584445
2015-12-10 06:00:00,44.25642942489053,cfe58efd-ce2a-495a-90cd-6826f704ebee,40.295338,-111.2584445
2015-12-11 06:00:00,67.3811871677952,cfe58efd-ce2a-495a-90cd-6826f704ebee,40.295338,-111.2584445
2015-12-12 06:00:00,60.90902049992659,cfe58efd-ce2a-495a-90cd-6826f704ebee,40.295338,-111.2584445
2015-12-13 06:00:00,38.40866311299583,cfe58efd-ce2a-495a-90cd-6826f704ebee,40.295338,-111.2584445
2015-12-14 06:00:00,80.0915578865982,cfe58efd-ce2a-495a-90cd-6826f704ebee,40.295338,-111.2584445
2015-12-15 06:00:00,77.69881124798778,cfe58efd-ce2a-495a-90cd-6826f704ebee,40.295338,-111.2584445
2015-12-16 06:00:00,58.358396579621505,cfe58efd-ce2a-495a-90cd-6826f704ebee,40.295338,-111.2584445
2015-12-17 06:00:00,51.842931009048925,cfe58efd-ce2a-495a-90cd-6826f704ebee,40.295338,-111.2584445
2015-12-18 06:00:00,37.53793966712916,cfe58efd-ce2a-495a-90cd-6826f704ebee,40.295338,-111.2584445
2015-12-19 06:00:00,41.62456183016701,cfe58efd-ce2a-495a-90cd-6826f704ebee,40.295338,-111.2584445
2015-12-20 06:00:00,50.107393834593196,cfe58efd-ce2a-495a-90cd-6826f704ebee,40.295338,-111.2584445
2015-12-21 06:00:00,66.40197114092473,cfe58efd-ce2a-495a-90cd-6826f704ebee,40.295338,-111.2584445
2015-12-22 06:00:00,68.9424937135548,cfe58efd-ce2a-495a-90cd-6826f704ebee,40.295338,-111.2584445
2015-12-23 06:00:00,75.99965064555377,cfe58efd-ce2a-495a-90cd-6826f704ebee,40.295338,-111.2584445
2015-12-24 06:00:00,48.38479545732512,cfe58efd-ce2a-495a-90cd-6826f704ebee,40.295338,-111.2584445
2015-12-25 06:00:00,68.80543413263004,cfe58efd-ce2a-495a-90cd-6826f704ebee,40.295338,-111.2584445
2015-12-26 06:00:00,49.47722130298156,cfe58efd-ce2a-495a-90cd-6826f704ebee,40.295338,-111.2584445
2015-12-27 06:00:00,23.49303754170736,cfe58efd-ce2a-495a-90cd-6826f704ebee,40.295338,-111.2584445
2015-12-28 06:00:00,29.012289074724627,cfe58efd-ce2a-495a-90cd-6826f704ebee,40.295338,-111.2584445
2015-12-29 06:00:00,52.866612506760184,cfe58efd-ce2a-495a-90cd-6826f704ebee,40.295338,-111.2584445
2015-12-30 06:00:00,55.06684994216612,cfe58efd-ce2a-495a-90cd-6826f704ebee,40.295338,-111.2584445
2015-12-31 06:00:00,49.9729605499766,cfe58efd-ce2a-495a-90cd-6826f704ebee,40.295338,-111.2584445
2016-01-01 06:00:00,33.25463931865124,cfe58efd-ce2a-495a-90cd-6826f704ebee,40.295338,-111.2584445
2016-01-02 06:00:00,36.23146341124139,cfe58efd-ce2a-495a-90cd-6826f704ebee,40.295338,-111.2584445
2016-01-03 06:00:00,37.545487512887156,cfe58efd-ce2a-495a-90cd-6826f704ebee,40.295338,-111.2584445
2016-01-04 06:00:00,45.02017546112325,cfe58efd-ce2a-495a-90cd-6826f704ebee,40.295338,-111.2584445
2016-01-05 06:00:00,63.088128327178225,cfe58efd-ce2a-495a-90cd-6826f704ebee,40.295338,-111.2584445
2016-01-06 06:00:00,59.36848043685458,cfe58efd-ce2a-495a-90cd-6826f704ebee,40.295338,-111.2584445
2016-01-07 06:00:00,62.85183835281534,cfe58efd-ce2a-495a-90cd-6826f704ebee,40.295338,-111.2584445
2016-01-08 06:00:00,63.39267413737565,cfe58efd-ce2a-495a-90cd-6826f704ebee,40.295338,-111.2584445
2016-01-09 06:00:00,48.35665037904533,cfe58efd-ce2a-495a-90cd-6826f704ebee,40.295338,-111.2584445
2016-01-10 06:00:00,41.8521284896748,cfe58efd-ce2a-495a-90cd-6826f704ebee,40.295338,-111.2584445
2016-01-11 06:00:00,35.64787807702789,cfe58efd-ce2a-495a-90cd-6826f704ebee,40.295338,-111.2584445
2016-01-12 06:00:00,23.736885070800785,cfe58efd-ce2a-495a-90cd-6826f704ebee,40.295338,-111.2584445
2016-01-13 06:00:00,24.012200649602267,cfe58efd-ce2a-495a-90cd-6826f704ebee,40.295338,-111.2584445
2016-01-14 06:00:00,45.87570166977178,cfe58efd-ce2a-495a-90cd-6826f704ebee,40.295338,-111.2584445
2016-01-15 06:00:00,51.07062040579995,cfe58efd-ce2a-495a-90cd-6826f704ebee,40.295338,-111.2584445
2016-01-16 06:00:00,54.49667817921048,cfe58efd-ce2a-495a-90cd-6826f704ebee,40.295338,-111.2584445
2016-01-17 06:00:00,46.749159304484174,cfe58efd-ce2a-495a-90cd-6826f704ebee,40.295338,-111.2584445
2016-01-18 06:00:00,46.23681157649881,cfe58efd-ce2a-495a-90cd-6826f704ebee,40.295338,-111.2584445
2016-01-19 06:00:00,52.10308376535787,cfe58efd-ce2a-495a-90cd-6826f704ebee,40.295338,-111.2584445
2016-01-20 06:00:00,53.6615615976647,cfe58efd-ce2a-495a-90cd-6826f704ebee,40.295338,-111.2584445
2016-01-21 06:00:00,34.07649994079708,cfe58efd-ce2a-495a-90cd-6826f704ebee,40.295338,-111.2584445
2016-01-22 06:00:00,31.69943405686378,cfe58efd-ce2a-495a-90cd-6826f704ebee,40.295338,-111.2584445
2016-01-23 06:00:00,39.901931315631856,cfe58efd-ce2a-495a-90cd-6826f704ebee,40.295338,-111.2584445
2016-01-24 06:00:00,62.789199066895016,cfe58efd-ce2a-495a-90cd-6826f704ebee,40.295338,-111.2584445
2016-01-25 06:00:00,55.006011556136166,cfe58efd-ce2a-495a-90cd-6826f704ebee,40.295338,-111.2584445
2016-01-26 06:00:00,37.152527951140684,cfe58efd-ce2a-495a-90cd-6826f704ebee,40.295338,-111.2584445
2016-01-27 06:00:00,27.165787091287253,cfe58efd-ce2a-495a-90cd-6826f704ebee,40.295338,-111.2584445
2016-01-28 06:00:00,27.105580022996943,cfe58efd-ce2a-495a-90cd-6826f704ebee,40.295338,-111.2584445
2016-01-29 06:00:00,36.06744766235352,cfe58efd-ce2a-495a-90cd-6826f704ebee,40.295338,-111.2584445
2016-01-30 06:00:00,50.93684250522874,cfe58efd-ce2a-495a-90cd-6826f704ebee,40.295338,-111.2584445
2016-01-31 06:00:00,52.54074204414654,cfe58efd-ce2a-495a-90cd-6826f704ebee,40.295338,-111.2584445
2016-02-01 06:00:00,22.143477045035386,cfe58efd-ce2a-495a-90cd-6826f704ebee,40.295338,-111.2584445
2016-02-02 06:00:00,20.32407730205144,cfe58efd-ce2a-495a-90cd-6826f704ebee,40.295338,-111.2584445
2016-02-03 06:00:00,17.194149698006434,cfe58efd-ce2a-495a-90cd-6826f704ebee,40.295338,-111.2584445
2016-02-04 06:00:00,19.11159291482682,cfe58efd-ce2a-495a-90cd-6826f704ebee,40.295338,-111.2584445
2016-02-05 06:00:00,23.96665695512902,cfe58efd-ce2a-495a-90cd-6826f704ebee,40.295338,-111.2584445
2016-02-06 06:00:00,28.993229201845434,cfe58efd-ce2a-495a-90cd-6826f704ebee,40.295338,-111.2584445
2016-02-07 06:00:00,27.15633018193167,cfe58efd-ce2a-495a-90cd-6826f704ebee,40.295338,-111.2584445
2016-02-08 06:00:00,24.282508432349832,cfe58efd-ce2a-495a-90cd-6826f704ebee,40.295338,-111.2584445
2016-02-09 06:00:00,19.895153851834312,cfe58efd-ce2a-495a-90cd-6826f704ebee,40.295338,-111.2584445
2016-02-10 06:00:00,23.396438252341856,cfe58efd-ce2a-495a-90cd-6826f704ebee,40.295338,-111.2584445
2016-02-11 06:00:00,32.99053649096164,cfe58efd-ce2a-495a-90cd-6826f704ebee,40.295338,-111.2584445
2016-02-12 06:00:00,27.24680476779553,cfe58efd-ce2a-495a-90cd-6826f704ebee,40.295338,-111.2584445
2016-02-13 06:00:00,34.024991624522514,cfe58efd-ce2a-495a-90cd-6826f704ebee,40.295338,-111.2584445
2016-02-14 06:00:00,32.59320740786799,cfe58efd-ce2a-495a-90cd-6826f704ebee,40.295338,-111.2584445
2016-02-15 06:00:00,33.62855547008093,cfe58efd-ce2a-495a-90cd-6826f704ebee,40.295338,-111.2584445
2016-02-16 06:00:00,29.23191719531555,cfe58efd-ce2a-495a-90cd-6826f704ebee,40.295338,-111.2584445
2016-02-17 06:00:00,37.52460595533095,cfe58efd-ce2a-495a-90cd-6826f704ebee,40.295338,-111.2584445
2016-02-18 06:00:00,47.97015589000397,cfe58efd-ce2a-495a-90cd-6826f704ebee,40.295338,-111.2584445
2016-02-19 06:00:00,32.30300290257053,cfe58efd-ce2a-495a-90cd-6826f704ebee,40.295338,-111.2584445
2016-02-20 06:00:00,33.88495782564514,cfe58efd-ce2a-495a-90cd-6826f704ebee,40.295338,-111.2584445
2016-02-21 06:00:00,25.97865582336954,cfe58efd-ce2a-495a-90cd-6826f704ebee,40.295338,-111.2584445
2016-02-22 06:00:00,42.0717010168246,cfe58efd-ce2a-495a-90cd-6826f704ebee,40.295338,-111.2584445
2016-02-23 06:00:00,47.59665663441594,cfe58efd-ce2a-495a-90cd-6826f704ebee,40.295338,-111.2584445
2016-02-24 06:00:00,50.63682330788385,cfe58efd-ce2a-495a-90cd-6826f704ebee,40.295338,-111.2584445
2016-02-25 06:00:00,56.51181559420686,cfe58efd-ce2a-495a-90cd-6826f704ebee,40.295338,-111.2584445
2016-02-26 06:00:00,48.7881907738824,cfe58efd-ce2a-495a-90cd-6826f704ebee,40.295338,-111.2584445
2016-02-27 06:00:00,59.723300222933695,cfe58efd-ce2a-495a-90cd-6826f704ebee,40.295338,-111.2584445
2016-02-28 06:00:00,60.496613710460245,cfe58efd-ce2a-495a-90cd-6826f704ebee,40.295338,-111.2584445
2016-02-29 06:00:00,56.241871191605604,cfe58efd-ce2a-495a-90cd-6826f704ebee,40.295338,-111.2584445
2016-03-01 06:00:00,27.83252460835189,cfe58efd-ce2a-495a-90cd-6826f704ebee,40.295338,-111.2584445
2016-03-02 06:00:00,30.39228033492705,cfe58efd-ce2a-495a-90cd-6826f704ebee,40.295338,-111.2584445
2016-03-03 06:00:00,20.447958642994408,cfe58efd-ce2a-495a-90cd-6826f704ebee,40.295338,-111.2584445
2016-03-04 06:00:00,29.115909389528834,cfe58efd-ce2a-495a-90cd-6826f704ebee,40.295338,-111.2584445
2016-03-05 06:00:00,25.32581595568332,cfe58efd-ce2a-495a-90cd-6826f704ebee,40.295338,-111.2584445
2016-03-06 06:00:00,40.57451716486247,cfe58efd-ce2a-495a-90cd-6826f704ebee,40.295338,-111.2584445
2016-03-07 06:00:00,49.93715068586278,cfe58efd-ce2a-495a-90cd-6826f704ebee,40.295338,-111.2584445
2016-03-08 06:00:00,30.541869080146846,cfe58efd-ce2a-495a-90cd-6826f704ebee,40.295338,-111.2584445
2016-03-09 06:00:00,36.520218914226206,cfe58efd-ce2a-495a-90cd-6826f704ebee,40.295338,-111.2584445
2016-03-10 06:00:00,23.894939505057653,cfe58efd-ce2a-495a-90cd-6826f704ebee,40.295338,-111.2584445
2016-03-11 06:00:00,31.926770238665636,cfe58efd-ce2a-495a-90cd-6826f704ebee,40.295338,-111.2584445
2016-03-12 06:00:00,30.34046171263476,cfe58efd-ce2a-495a-90cd-6826f704ebee,40.295338,-111.2584445
2016-03-13 06:00:00,31.237310939059594,cfe58efd-ce2a-495a-90cd-6826f704ebee,40.295338,-111.2584445
2016-03-14 06:00:00,47.561006734739934,cfe58efd-ce2a-495a-90cd-6826f704ebee,40.295338,-111.2584445
2016-03-15 06:00:00,48.854050437494834,cfe58efd-ce2a-495a-90cd-6826f704ebee,40.295338,-111.2584445
2016-03-16 06:00:00,38.14871641263495,cfe58efd-ce2a-495a-90cd-6826f704ebee,40.295338,-111.2584445
2016-03-17 06:00:00,30.464456318205766,cfe58efd-ce2a-495a-90cd-6826f704ebee,40.295338,-111.2584445
2016-03-18 06:00:00,28.071970149030143,cfe58efd-ce2a-495a-90cd-6826f704ebee,40.295338,-111.2584445
2016-03-19 06:00:00,20.773160322484323,cfe58efd-ce2a-495a-90cd-6826f704ebee,40.295338,-111.2584445
2016-03-20 06:00:00,21.251416804582085,cfe58efd-ce2a-495a-90cd-6826f704ebee,40.295338,-111.2584445
2016-03-21 06:00:00,25.345683532993345,cfe58efd-ce2a-495a-90cd-6826f704ebee,40.295338,-111.2584445
2016-03-22 06:00:00,36.19739672086425,cfe58efd-ce2a-495a-90cd-6826f704ebee,40.295338,-111.2584445
2016-03-23 06:00:00,42.151284249898445,cfe58efd-ce2a-495a-90cd-6826f704ebee,40.295338,-111.2584445
2016-03-24 06:00:00,31.341648581850194,cfe58efd-ce2a-495a-90cd-6826f704ebee,40.295338,-111.2584445
2016-03-25 06:00:00,43.88449618498027,cfe58efd-ce2a-495a-90cd-6826f704ebee,40.295338,-111.2584445
2016-03-26 06:00:00,33.08978631700265,cfe58efd-ce2a-495a-90cd-6826f704ebee,40.295338,-111.2584445
2016-03-27 06:00:00,23.88067581330665,cfe58efd-ce2a-495a-90cd-6826f704ebee,40.295338,-111.2584445
2016-03-28 06:00:00,48.323679298305606,cfe58efd-ce2a-495a-90cd-6826f704ebee,40.295338,-111.2584445
2016-03-29 06:00:00,51.36572672379464,cfe58efd-ce2a-495a-90cd-6826f704ebee,40.295338,-111.2584445
2016-03-30 06:00:00,44.86732593576686,cfe58efd-ce2a-495a-90cd-6826f704ebee,40.295338,-111.2584445
2016-03-31 06:00:00,46.32969520781386,cfe58efd-ce2a-495a-90cd-6826f704ebee,40.295338,-111.2584445
2016-04-01 06:00:00,31.265766195101197,cfe58efd-ce2a-495a-90cd-6826f704ebee,40.295338,-111.2584445
2016-04-02 06:00:00,25.38661726659359,cfe58efd-ce2a-495a-90cd-6826f704ebee,40.295338,-111.2584445
2016-04-03 06:00:00,25.15063166916084,cfe58efd-ce2a-495a-90cd-6826f704ebee,40.295338,-111.2584445
2016-04-04 06:00:00,25.97055045099469,cfe58efd-ce2a-495a-90cd-6826f704ebee,40.295338,-111.2584445
2016-04-05 06:00:00,34.92035391053596,cfe58efd-ce2a-495a-90cd-6826f704ebee,40.295338,-111.2584445
2016-04-06 06:00:00,22.03584679815199,cfe58efd-ce2a-495a-90cd-6826f704ebee,40.295338,-111.2584445
2016-04-07 06:00:00,19.42350970771196,cfe58efd-ce2a-495a-90cd-6826f704ebee,40.295338,-111.2584445
2016-04-08 06:00:00,25.918262802329238,cfe58efd-ce2a-495a-90cd-6826f704ebee,40.295338,-111.2584445
2016-04-09 06:00:00,34.51160418815503,cfe58efd-ce2a-495a-90cd-6826f704ebee,40.295338,-111.2584445
2016-04-10 06:00:00,35.40206284390174,cfe58efd-ce2a-495a-90cd-6826f704ebee,40.295338,-111.2584445
2016-04-11 06:00:00,28.490104356485414,cfe58efd-ce2a-495a-90cd-6826f704ebee,40.295338,-111.2584445
2016-04-12 06:00:00,28.30896840384096,cfe58efd-ce2a-495a-90cd-6826f704ebee,40.295338,-111.2584445
2016-04-13 06:00:00,34.97469161269072,cfe58efd-ce2a-495a-90cd-6826f704ebee,40.295338,-111.2584445
2016-04-14 06:00:00,43.875473403564214,cfe58efd-ce2a-495a-90cd-6826f704ebee,40.295338,-111.2584445
2016-04-15 06:00:00,43.97687603073779,cfe58efd-ce2a-495a-90cd-6826f704ebee,40.295338,-111.2584445
2016-04-16 06:00:00,35.7641995271505,cfe58efd-ce2a-495a-90cd-6826f704ebee,40.295338,-111.2584445
2016-04-17 06:00:00,36.06465561543372,cfe58efd-ce2a-495a-90cd-6826f704ebee,40.295338,-111.2584445
2016-04-18 06:00:00,29.5333904464238,cfe58efd-ce2a-495a-90cd-6826f704ebee,40.295338,-111.2584445
2016-04-19 06:00:00,25.246932726886616,cfe58efd-ce2a-495a-90cd-6826f704ebee,40.295338,-111.2584445
2016-04-20 06:00:00,24.10382281806352,cfe58efd-ce2a-495a-90cd-6826f704ebee,40.295338,-111.2584445
2016-04-21 06:00:00,21.123901821579874,cfe58efd-ce2a-495a-90cd-6826f704ebee,40.295338,-111.2584445
2016-04-22 06:00:00,19.884427142990656,cfe58efd-ce2a-495a-90cd-6826f704ebee,40.295338,-111.2584445
2016-04-23 06:00:00,35.72288828326691,cfe58efd-ce2a-495a-90cd-6826f704ebee,40.295338,-111.2584445
2016-04-24 06:00:00,37.455198029619815,cfe58efd-ce2a-495a-90cd-6826f704ebee,40.295338,-111.2584445
2016-04-25 06:00:00,49.29388129081324,cfe58efd-ce2a-495a-90cd-6826f704ebee,40.295338,-111.2584445
2016-04-26 06:00:00,52.120051857602924,cfe58efd-ce2a-495a-90cd-6826f704ebee,40.295338,-111.2584445
2016-04-27 06:00:00,40.7114349643733,cfe58efd-ce2a-495a-90cd-6826f704ebee,40.295338,-111.2584445
2016-04-28 06:00:00,48.48079028024224,cfe58efd-ce2a-495a-90cd-6826f704ebee,40.295338,-111.2584445
2016-04-29 06:00:00,44.382759878431585,cfe58efd-ce2a-495a-90cd-6826f704ebee,40.295338,-111.2584445
2016-04-30 06:00:00,46.505058409501224,cfe58efd-ce2a-495a-90cd-6826f704ebee,40.295338,-111.2584445
2016-05-01 06:00:00,35.94335416048107,cfe58efd-ce2a-495a-90cd-6826f704ebee,40.295338,-111.2584445
2016-05-02 06:00:00,29.959045362518342,cfe58efd-ce2a-495a-90cd-6826f704ebee,40.295338,-111.2584445
2016-05-03 06:00:00,26.101232988575582,cfe58efd-ce2a-495a-90cd-6826f704ebee,40.295338,-111.2584445
2016-05-04 06:00:00,24.869511533768332,cfe58efd-ce2a-495a-90cd-6826f704ebee,40.295338,-111.2584445
2016-05-05 06:00:00,27.386535235944557,cfe58efd-ce2a-495a-90cd-6826f704ebee,40.295338,-111.2584445
2016-05-06 06:00:00,37.157942065587996,cfe58efd-ce2a-495a-90cd-6826f704ebee,40.295338,-111.2584445
2016-05-07 06:00:00,43.78753051611235,cfe58efd-ce2a-495a-90cd-6826f704ebee,40.295338,-111.2584445
2016-05-08 06:00:00,63.45847790339723,cfe58efd-ce2a-495a-90cd-6826f704ebee,40.295338,-111.2584445
2016-05-09 06:00:00,42.744088794953775,cfe58efd-ce2a-495a-90cd-6826f704ebee,40.295338,-111.2584445
2016-05-10 06:00:00,39.298323841076645,cfe58efd-ce2a-495a-90cd-6826f704ebee,40.295338,-111.2584445
2016-05-11 06:00:00,30.868317211052187,cfe58efd-ce2a-495a-90cd-6826f704ebee,40.295338,-111.2584445
2016-05-12 06:00:00,23.84084845917598,cfe58efd-ce2a-495a-90cd-6826f704ebee,40.295338,-111.2584445
2016-05-13 06:00:00,23.218019080551397,cfe58efd-ce2a-495a-90cd-6826f704ebee,40.295338,-111.2584445
2016-05-14 06:00:00,24.381179542065126,cfe58efd-ce2a-495a-90cd-6826f704ebee,40.295338,-111.2584445
2016-05-15 06:00:00,49.23857301754178,cfe58efd-ce2a-495a-90cd-6826f704ebee,40.295338,-111.2584445
2016-05-16 06:00:00,52.7964221723485,cfe58efd-ce2a-495a-90cd-6826f704ebee,40.295338,-111.2584445
2016-05-17 06:00:00,48.10495098454808,cfe58efd-ce2a-495a-90cd-6826f704ebee,40.295338,-111.2584445
2016-05-18 06:00:00,35.08730116815778,cfe58efd-ce2a-495a-90cd-6826f704ebee,40.295338,-111.2584445
2016-05-19 06:00:00,33.686681020042286,cfe58efd-ce2a-495a-90cd-6826f704ebee,40.295338,-111.2584445
2016-05-20 06:00:00,38.19193404139979,cfe58efd-ce2a-495a-90cd-6826f704ebee,40.295338,-111.2584445
2016-05-21 06:00:00,41.262884992000345,cfe58efd-ce2a-495a-90cd-6826f704ebee,40.295338,-111.2584445
2016-05-22 06:00:00,41.76088218432454,cfe58efd-ce2a-495a-90cd-6826f704ebee,40.295338,-111.2584445
2016-05-23 06:00:00,29.034265034480466,cfe58efd-ce2a-495a-90cd-6826f704ebee,40.295338,-111.2584445
2016-05-24 06:00:00,30.42064016490573,cfe58efd-ce2a-495a-90cd-6826f704ebee,40.295338,-111.2584445
2016-05-25 06:00:00,34.87598656646113,cfe58efd-ce2a-495a-90cd-6826f704ebee,40.295338,-111.2584445
2016-05-26 06:00:00,39.19369060505365,cfe58efd-ce2a-495a-90cd-6826f704ebee,40.295338,-111.2584445
2016-05-27 06:00:00,36.92705080396963,cfe58efd-ce2a-495a-90cd-6826f704ebee,40.295338,-111.2584445
2016-05-28 06:00:00,32.98786300380681,cfe58efd-ce2a-495a-90cd-6826f704ebee,40.295338,-111.2584445
2016-05-29 06:00:00,29.09837848285892,cfe58efd-ce2a-495a-90cd-6826f704ebee,40.295338,-111.2584445
2016-05-30 06:00:00,30.993024582363574,cfe58efd-ce2a-495a-90cd-6826f704ebee,40.295338,-111.2584445
2016-05-31 06:00:00,25.52333102927085,cfe58efd-ce2a-495a-90cd-6826f704ebee,40.295338,-111.2584445
2016-06-01 06:00:00,26.13652404836459,cfe58efd-ce2a-495a-90cd-6826f704ebee,40.295338,-111.2584445
2016-06-02 06:00:00,23.758438694832076,cfe58efd-ce2a-495a-90cd-6826f704ebee,40.295338,-111.2584445
2016-06-03 06:00:00,28.396978490061766,cfe58efd-ce2a-495a-90cd-6826f704ebee,40.295338,-111.2584445
2016-06-04 06:00:00,26.587210705598654,cfe58efd-ce2a-495a-90cd-6826f704ebee,40.295338,-111.2584445
2016-06-05 06:00:00,22.799018093992267,cfe58efd-ce2a-495a-90cd-6826f704ebee,40.295338,-111.2584445
2016-06-06 06:00:00,27.083519097363922,cfe58efd-ce2a-495a-90cd-6826f704ebee,40.295338,-111.2584445
2016-06-07 06:00:00,29.85818896994467,cfe58efd-ce2a-495a-90cd-6826f704ebee,40.295338,-111.2584445
2016-06-08 06:00:00,30.47952956493719,cfe58efd-ce2a-495a-90cd-6826f704ebee,40.295338,-111.2584445
2016-06-09 06:00:00,25.46092782034311,cfe58efd-ce2a-495a-90cd-6826f704ebee,40.295338,-111.2584445
2016-06-10 06:00:00,24.260231272746005,cfe58efd-ce2a-495a-90cd-6826f704ebee,40.295338,-111.2584445
2016-06-11 06:00:00,40.13656312427649,cfe58efd-ce2a-495a-90cd-6826f704ebee,40.295338,-111.2584445
2016-06-12 06:00:00,40.418044871715956,cfe58efd-ce2a-495a-90cd-6826f704ebee,40.295338,-111.2584445
2016-06-13 06:00:00,39.86152679707201,cfe58efd-ce2a-495a-90cd-6826f704ebee,40.295338,-111.2584445
2016-06-14 06:00:00,28.05385907124603,cfe58efd-ce2a-495a-90cd-6826f704ebee,40.295338,-111.2584445
2016-06-15 06:00:00,21.852638887740692,cfe58efd-ce2a-495a-90cd-6826f704ebee,40.295338,-111.2584445
2016-06-16 06:00:00,26.1124639483625,cfe58efd-ce2a-495a-90cd-6826f704ebee,40.295338,-111.2584445
2016-06-17 06:00:00,23.742806939409974,cfe58efd-ce2a-495a-90cd-6826f704ebee,40.295338,-111.2584445
2016-06-18 06:00:00,20.334287599459163,cfe58efd-ce2a-495a-90cd-6826f704ebee,40.295338,-111.2584445
2016-06-19 06:00:00,24.038395243121613,cfe58efd-ce2a-495a-90cd-6826f704ebee,40.295338,-111.2584445
2016-06-20 06:00:00,21.111971159833306,cfe58efd-ce2a-495a-90cd-6826f704ebee,40.295338,-111.2584445
2016-06-21 06:00:00,22.48174247595121,cfe58efd-ce2a-495a-90cd-6826f704ebee,40.295338,-111.2584445
2016-06-22 06:00:00,23.243180856695552,cfe58efd-ce2a-495a-90cd-6826f704ebee,40.295338,-111.2584445
2016-06-23 06:00:00,23.17797173088726,cfe58efd-ce2a-495a-90cd-6826f704ebee,40.295338,-111.2584445
2016-06-24 06:00:00,22.282604536336848,cfe58efd-ce2a-495a-90cd-6826f704ebee,40.295338,-111.2584445
2016-06-25 06:00:00,24.56334763232844,cfe58efd-ce2a-495a-90cd-6826f704ebee,40.295338,-111.2584445
2016-06-26 06:00:00,15.810533107643975,cfe58efd-ce2a-495a-90cd-6826f704ebee,40.295338,-111.2584445
2016-06-27 06:00:00,17.346400893959828,cfe58efd-ce2a-495a-90cd-6826f704ebee,40.295338,-111.2584445
2016-06-28 06:00:00,18.485641871588836,cfe58efd-ce2a-495a-90cd-6826f704ebee,40.295338,-111.2584445
2016-06-29 06:00:00,24.978027728517734,cfe58efd-ce2a-495a-90cd-6826f704ebee,40.295338,-111.2584445
2016-06-30 06:00:00,35.515777382681165,cfe58efd-ce2a-495a-90cd-6826f704ebee,40.295338,-111.2584445
2016-07-01 06:00:00,41.21551569738031,cfe58efd-ce2a-495a-90cd-6826f704ebee,40.295338,-111.2584445
2016-07-02 06:00:00,35.12242357691932,cfe58efd-ce2a-495a-90cd-6826f704ebee,40.295338,-111.2584445
2016-07-03 06:00:00,30.697713472657657,cfe58efd-ce2a-495a-90cd-6826f704ebee,40.295338,-111.2584445
2016-07-04 06:00:00,27.369904896482385,cfe58efd-ce2a-495a-90cd-6826f704ebee,40.295338,-111.2584445
2016-07-05 06:00:00,24.158179203440202,cfe58efd-ce2a-495a-90cd-6826f704ebee,40.295338,-111.2584445
2016-07-06 06:00:00,24.22273301849219,cfe58efd-ce2a-495a-90cd-6826f704ebee,40.295338,-111.2584445
2016-07-07 06:00:00,25.479881836289287,cfe58efd-ce2a-495a-90cd-6826f704ebee,40.295338,-111.2584445
2016-07-08 06:00:00,20.488335275054553,cfe58efd-ce2a-495a-90cd-6826f704ebee,40.295338,-111.2584445
2016-07-09 06:00:00,20.023172506795955,cfe58efd-ce2a-495a-90cd-6826f704ebee,40.295338,-111.2584445
2016-07-10 06:00:00,21.19068455581592,cfe58efd-ce2a-495a-90cd-6826f704ebee,40.295338,-111.2584445
2016-07-11 06:00:00,27.080251776175814,cfe58efd-ce2a-495a-90cd-6826f704ebee,40.295338,-111.2584445
2016-07-12 06:00:00,17.84597150782458,cfe58efd-ce2a-495a-90cd-6826f704ebee,40.295338,-111.2584445
2016-07-13 06:00:00,20.748087755655806,cfe58efd-ce2a-495a-90cd-6826f704ebee,40.295338,-111.2584445
2016-07-14 06:00:00,18.59895952977777,cfe58efd-ce2a-495a-90cd-6826f704ebee,40.295338,-111.2584445
2016-07-15 06:00:00,18.055885223330044,cfe58efd-ce2a-495a-90cd-6826f704ebee,40.295338,-111.2584445
2016-07-16 06:00:00,20.515221411625316,cfe58efd-ce2a-495a-90cd-6826f704ebee,40.295338,-111.2584445
2016-07-17 06:00:00,17.865920745673716,cfe58efd-ce2a-495a-90cd-6826f704ebee,40.295338,-111.2584445
2016-07-18 06:00:00,25.58548120210998,cfe58efd-ce2a-495a-90cd-6826f704ebee,40.295338,-111.2584445
2016-07-19 06:00:00,26.601651049713816,cfe58efd-ce2a-495a-90cd-6826f704ebee,40.295338,-111.2584445
2016-07-20 06:00:00,23.91364310866474,cfe58efd-ce2a-495a-90cd-6826f704ebee,40.295338,-111.2584445
2016-07-21 06:00:00,20.08974417577445,cfe58efd-ce2a-495a-90cd-6826f704ebee,40.295338,-111.2584445
2016-07-22 06:00:00,21.410419339519873,cfe58efd-ce2a-495a-90cd-6826f704ebee,40.295338,-111.2584445
2016-07-23 06:00:00,19.17073231311399,cfe58efd-ce2a-495a-90cd-6826f704ebee,40.295338,-111.2584445
2016-07-24 06:00:00,17.014817760954905,cfe58efd-ce2a-495a-90cd-6826f704ebee,40.295338,-111.2584445
2016-07-25 06:00:00,16.762548428333,cfe58efd-ce2a-495a-90cd-6826f704ebee,40.295338,-111.2584445
2016-07-26 06:00:00,16.18965743300322,cfe58efd-ce2a-495a-90cd-6826f704ebee,40.295338,-111.2584445
2016-07-27 06:00:00,14.954532760708062,cfe58efd-ce2a-495a-90cd-6826f704ebee,40.295338,-111.2584445
2016-07-28 06:00:00,15.780823498706653,cfe58efd-ce2a-495a-90cd-6826f704ebee,40.295338,-111.2584445
2016-07-29 06:00:00,17.202723745882913,cfe58efd-ce2a-495a-90cd-6826f704ebee,40.295338,-111.2584445
2016-07-30 06:00:00,21.950387626743225,cfe58efd-ce2a-495a-90cd-6826f704ebee,40.295338,-111.2584445
2016-07-31 06:00:00,26.71541434039758,cfe58efd-ce2a-495a-90cd-6826f704ebee,40.295338,-111.2584445
2016-08-01 06:00:00,23.541025117769706,cfe58efd-ce2a-495a-90cd-6826f704ebee,40.295338,-111.2584445
2016-08-02 06:00:00,19.762857101836193,cfe58efd-ce2a-495a-90cd-6826f704ebee,40.295338,-111.2584445
2016-08-03 06:00:00,24.97473654440111,cfe58efd-ce2a-495a-90cd-6826f704ebee,40.295338,-111.2584445
2016-08-04 06:00:00,20.81601110819323,cfe58efd-ce2a-495a-90cd-6826f704ebee,40.295338,-111.2584445
2016-08-05 06:00:00,31.449191962836682,cfe58efd-ce2a-495a-90cd-6826f704ebee,40.295338,-111.2584445
2016-08-06 06:00:00,34.07363629959502,cfe58efd-ce2a-495a-90cd-6826f704ebee,40.295338,-111.2584445
2016-08-07 06:00:00,37.84896569888713,cfe58efd-ce2a-495a-90cd-6826f704ebee,40.295338,-111.2584445
2016-08-08 06:00:00,24.39562668924029,cfe58efd-ce2a-495a-90cd-6826f704ebee,40.295338,-111.2584445
2016-08-09 06:00:00,18.13458087052667,cfe58efd-ce2a-495a-90cd-6826f704ebee,40.295338,-111.2584445
2016-08-10 06:00:00,26.91449348750192,cfe58efd-ce2a-495a-90cd-6826f704ebee,40.295338,-111.2584445
2016-08-11 06:00:00,29.19624274012908,cfe58efd-ce2a-495a-90cd-6826f704ebee,40.295338,-111.2584445
2016-08-12 06:00:00,20.204526226985468,cfe58efd-ce2a-495a-90cd-6826f704ebee,40.295338,-111.2584445
2016-08-13 06:00:00,16.048089078707147,cfe58efd-ce2a-495a-90cd-6826f704ebee,40.295338,-111.2584445
2016-08-14 06:00:00,13.116261243133106,cfe58efd-ce2a-495a-90cd-6826f704ebee,40.295338,-111.2584445
2016-08-15 06:00:00,16.873641031505283,cfe58efd-ce2a-495a-90cd-6826f704ebee,40.295338,-111.2584445
2016-08-16 06:00:00,20.82681159899856,cfe58efd-ce2a-495a-90cd-6826f704ebee,40.295338,-111.2584445
2016-08-17 06:00:00,20.804759566996903,cfe58efd-ce2a-495a-90cd-6826f704ebee,40.295338,-111.2584445
2016-08-18 06:00:00,21.428352984411,cfe58efd-ce2a-495a-90cd-6826f704ebee,40.295338,-111.2584445
2016-08-19 06:00:00,20.540432569960014,cfe58efd-ce2a-495a-90cd-6826f704ebee,40.295338,-111.2584445
2016-08-20 06:00:00,19.087285189303383,cfe58efd-ce2a-495a-90cd-6826f704ebee,40.295338,-111.2584445
2016-08-21 06:00:00,15.64817791095041,cfe58efd-ce2a-495a-90cd-6826f704ebee,40.295338,-111.2584445
2016-08-22 06:00:00,18.520071826681967,cfe58efd-ce2a-495a-90cd-6826f704ebee,40.295338,-111.2584445
2016-08-23 06:00:00,23.846905723886923,cfe58efd-ce2a-495a-90cd-6826f704ebee,40.295338,-111.2584445
2016-08-24 06:00:00,18.75945728496218,cfe58efd-ce2a-495a-90cd-6826f704ebee,40.295338,-111.2584445
2016-08-25 06:00:00,15.720239615463273,cfe58efd-ce2a-495a-90cd-6826f704ebee,40.295338,-111.2584445
2016-08-26 06:00:00,21.600839385839752,cfe58efd-ce2a-495a-90cd-6826f704ebee,40.295338,-111.2584445
2016-08-27 06:00:00,21.606906656344044,cfe58efd-ce2a-495a-90cd-6826f704ebee,40.295338,-111.2584445
2016-08-28 06:00:00,19.442189497860664,cfe58efd-ce2a-495a-90cd-6826f704ebee,40.295338,-111.2584445
2016-08-29 06:00:00,15.452008770476388,cfe58efd-ce2a-495a-90cd-6826f704ebee,40.295338,-111.2584445
2016-08-30 06:00:00,16.23019131414027,cfe58efd-ce2a-495a-90cd-6826f704ebee,40.295338,-111.2584445
2016-08-31 06:00:00,13.558116694806749,cfe58efd-ce2a-495a-90cd-6826f704ebee,40.295338,-111.2584445
2016-09-01 06:00:00,23.151110770952005,cfe58efd-ce2a-495a-90cd-6826f704ebee,40.295338,-111.2584445
2016-09-02 06:00:00,29.05559518541085,cfe58efd-ce2a-495a-90cd-6826f704ebee,40.295338,-111.2584445
2016-09-03 06:00:00,29.744240019667277,cfe58efd-ce2a-495a-90cd-6826f704ebee,40.295338,-111.2584445
2016-09-04 06:00:00,22.671220599860668,cfe58efd-ce2a-495a-90cd-6826f704ebee,40.295338,-111.2584445
2016-09-05 06:00:00,26.531409204063454,cfe58efd-ce2a-495a-90cd-6826f704ebee,40.295338,-111.2584445
2016-09-06 06:00:00,19.631542031748957,cfe58efd-ce2a-495a-90cd-6826f704ebee,40.295338,-111.2584445
2016-09-07 06:00:00,19.229936352380758,cfe58efd-ce2a-495a-90cd-6826f704ebee,40.295338,-111.2584445
2016-09-08 06:00:00,17.906280759432132,cfe58efd-ce2a-495a-90cd-6826f704ebee,40.295338,-111.2584445
2016-09-09 06:00:00,16.0675823164032,cfe58efd-ce2a-495a-90cd-6826f704ebee,40.295338,-111.2584445
2016-09-10 06:00:00,7.837157217844764,cfe58efd-ce2a-495a-90cd-6826f704ebee,40.295338,-111.2584445
2016-09-11 06:00:00,12.004045849231204,cfe58efd-ce2a-495a-90cd-6826f704ebee,40.295338,-111.2584445
2016-09-12 06:00:00,17.189904298150232,cfe58efd-ce2a-495a-90cd-6826f704ebee,40.295338,-111.2584445
2016-09-13 06:00:00,26.121727469789654,cfe58efd-ce2a-495a-90cd-6826f704ebee,40.295338,-111.2584445
2016-09-14 06:00:00,42.23693173763046,cfe58efd-ce2a-495a-90cd-6826f704ebee,40.295338,-111.2584445
2016-09-15 06:00:00,38.77779823398498,cfe58efd-ce2a-495a-90cd-6826f704ebee,40.295338,-111.2584445
2016-09-16 06:00:00,26.917229730274446,cfe58efd-ce2a-495a-90cd-6826f704ebee,40.295338,-111.2584445
2016-09-17 06:00:00,23.954604692120146,cfe58efd-ce2a-495a-90cd-6826f704ebee,40.295338,-111.2584445
2016-09-18 06:00:00,15.713337161699016,cfe58efd-ce2a-495a-90cd-6826f704ebee,40.295338,-111.2584445
2016-09-19 06:00:00,12.451186206682044,cfe58efd-ce2a-495a-90cd-6826f704ebee,40.295338,-111.2584445
2016-09-20 06:00:00,14.808086104855644,cfe58efd-ce2a-495a-90cd-6826f704ebee,40.295338,-111.2584445
2016-09-21 06:00:00,36.53172569384836,cfe58efd-ce2a-495a-90cd-6826f704ebee,40.295338,-111.2584445
2016-09-22 06:00:00,46.924817439802105,cfe58efd-ce2a-495a-90cd-6826f704ebee,40.295338,-111.2584445
2016-09-23 06:00:00,84.48438405853184,cfe58efd-ce2a-495a-90cd-6826f704ebee,40.295338,-111.2584445
2016-09-24 06:00:00,64.74804210388008,cfe58efd-ce2a-495a-90cd-6826f704ebee,40.295338,-111.2584445
2016-09-25 06:00:00,33.27301339067941,cfe58efd-ce2a-495a-90cd-6826f704ebee,40.295338,-111.2584445
2016-09-26 06:00:00,29.231918934099273,cfe58efd-ce2a-495a-90cd-6826f704ebee,40.295338,-111.2584445
2016-09-27 06:00:00,25.800999169619928,cfe58efd-ce2a-495a-90cd-6826f704ebee,40.295338,-111.2584445
2016-09-28 06:00:00,25.072564853371393,cfe58efd-ce2a-495a-90cd-6826f704ebee,40.295338,-111.2584445
2016-09-29 06:00:00,37.71281312178467,cfe58efd-ce2a-495a-90cd-6826f704ebee,40.295338,-111.2584445
2016-09-30 06:00:00,35.8070286174558,cfe58efd-ce2a-495a-90cd-6826f704ebee,40.295338,-111.2584445
2016-10-01 06:00:00,36.75226402465938,cfe58efd-ce2a-495a-90cd-6826f704ebee,40.295338,-111.2584445
2016-10-02 06:00:00,34.46479138127894,cfe58efd-ce2a-495a-90cd-6826f704ebee,40.295338,-111.2584445
2016-10-03 06:00:00,40.75734277188377,cfe58efd-ce2a-495a-90cd-6826f704ebee,40.295338,-111.2584445
2016-10-04 06:00:00,31.714056742408893,cfe58efd-ce2a-495a-90cd-6826f704ebee,40.295338,-111.2584445
2016-10-05 06:00:00,30.654858745827802,cfe58efd-ce2a-495a-90cd-6826f704ebee,40.295338,-111.2584445
2016-10-06 06:00:00,36.368309328810284,cfe58efd-ce2a-495a-90cd-6826f704ebee,40.295338,-111.2584445
2016-10-07 06:00:00,19.83269938268304,cfe58efd-ce2a-495a-90cd-6826f704ebee,40.295338,-111.2584445
2016-10-08 06:00:00,18.45773140635202,cfe58efd-ce2a-495a-90cd-6826f704ebee,40.295338,-111.2584445
2016-10-09 06:00:00,21.115403200089073,cfe58efd-ce2a-495a-90cd-6826f704ebee,40.295338,-111.2584445
2016-10-10 06:00:00,23.670307273021923,cfe58efd-ce2a-495a-90cd-6826f704ebee,40.295338,-111.2584445
2016-10-11 06:00:00,24.218846891844763,cfe58efd-ce2a-495a-90cd-6826f704ebee,40.295338,-111.2584445
2016-10-12 06:00:00,24.478366012646532,cfe58efd-ce2a-495a-90cd-6826f704ebee,40.295338,-111.2584445
2016-10-13 06:00:00,21.834196213457474,cfe58efd-ce2a-495a-90cd-6826f704ebee,40.295338,-111.2584445
2016-10-14 06:00:00,19.797607498828548,cfe58efd-ce2a-495a-90cd-6826f704ebee,40.295338,-111.2584445
2016-10-15 06:00:00,25.33958135672651,cfe58efd-ce2a-495a-90cd-6826f704ebee,40.295338,-111.2584445
2016-10-16 06:00:00,38.99862973948836,cfe58efd-ce2a-495a-90cd-6826f704ebee,40.295338,-111.2584445
2016-10-17 06:00:00,41.9606522845031,cfe58efd-ce2a-495a-90cd-6826f704ebee,40.295338,-111.2584445
2016-10-18 06:00:00,33.458166662943576,cfe58efd-ce2a-495a-90cd-6826f704ebee,40.295338,-111.2584445
2016-10-19 06:00:00,37.82167239010506,cfe58efd-ce2a-495a-90cd-6826f704ebee,40.295338,-111.2584445
2016-10-20 06:00:00,18.62415162012282,cfe58efd-ce2a-495a-90cd-6826f704ebee,40.295338,-111.2584445
2016-10-21 06:00:00,14.465953823239845,cfe58efd-ce2a-495a-90cd-6826f704ebee,40.295338,-111.2584445
2016-10-22 06:00:00,20.169841942251242,cfe58efd-ce2a-495a-90cd-6826f704ebee,40.295338,-111.2584445
2016-10-23 06:00:00,18.887832989724757,cfe58efd-ce2a-495a-90cd-6826f704ebee,40.295338,-111.2584445
2016-10-24 06:00:00,54.03821613557286,cfe58efd-ce2a-495a-90cd-6826f704ebee,40.295338,-111.2584445
2016-10-25 06:00:00,46.96091184515316,cfe58efd-ce2a-495a-90cd-6826f704ebee,40.295338,-111.2584445
2016-10-26 06:00:00,32.80378697859795,cfe58efd-ce2a-495a-90cd-6826f704ebee,40.295338,-111.2584445
2016-10-27 06:00:00,33.30244562696884,cfe58efd-ce2a-495a-90cd-6826f704ebee,40.295338,-111.2584445
2016-10-28 06:00:00,35.352692251361184,cfe58efd-ce2a-495a-90cd-6826f704ebee,40.295338,-111.2584445
2016-10-29 06:00:00,45.65679784329549,cfe58efd-ce2a-495a-90cd-6826f704ebee,40.295338,-111.2584445
2016-10-30 06:00:00,48.082628662373224,cfe58efd-ce2a-495a-90cd-6826f704ebee,40.295338,-111.2584445
2016-10-31 06:00:00,49.00168668250415,cfe58efd-ce2a-495a-90cd-6826f704ebee,40.295338,-111.2584445
2016-11-01 06:00:00,43.752416737141466,cfe58efd-ce2a-495a-90cd-6826f704ebee,40.295338,-111.2584445
2016-11-02 06:00:00,33.722528704992285,cfe58efd-ce2a-495a-90cd-6826f704ebee,40.295338,-111.2584445
2016-11-03 06:00:00,24.6189568654261,cfe58efd-ce2a-495a-90cd-6826f704ebee,40.295338,-111.2584445
2016-11-04 06:00:00,23.089760631007955,cfe58efd-ce2a-495a-90cd-6826f704ebee,40.295338,-111.2584445
2016-11-05 06:00:00,26.69773947929214,cfe58efd-ce2a-495a-90cd-6826f704ebee,40.295338,-111.2584445
2016-11-06 06:00:00,31.570945999922372,cfe58efd-ce2a-495a-90cd-6826f704ebee,40.295338,-111.2584445
2016-11-07 06:00:00,29.489015024058755,cfe58efd-ce2a-495a-90cd-6826f704ebee,40.295338,-111.2584445
2016-11-08 06:00:00,25.529548830074496,cfe58efd-ce2a-495a-90cd-6826f704ebee,40.295338,-111.2584445
2016-11-09 06:00:00,23.495593031591,cfe58efd-ce2a-495a-90cd-6826f704ebee,40.295338,-111.2584445
2016-11-10 06:00:00,24.814662610877605,cfe58efd-ce2a-495a-90cd-6826f704ebee,40.295338,-111.2584445
2016-11-11 06:00:00,27.75176394569771,cfe58efd-ce2a-495a-90cd-6826f704ebee,40.295338,-111.2584445
2016-11-12 06:00:00,28.131766217586286,cfe58efd-ce2a-495a-90cd-6826f704ebee,40.295338,-111.2584445
2016-11-13 06:00:00,27.200067129877183,cfe58efd-ce2a-495a-90cd-6826f704ebee,40.295338,-111.2584445
2016-11-14 06:00:00,23.465444709565297,cfe58efd-ce2a-495a-90cd-6826f704ebee,40.295338,-111.2584445
2016-11-15 06:00:00,16.218522769916987,cfe58efd-ce2a-495a-90cd-6826f704ebee,40.295338,-111.2584445
2016-11-16 06:00:00,23.361475903293925,cfe58efd-ce2a-495a-90cd-6826f704ebee,40.295338,-111.2584445
2016-11-17 06:00:00,61.49170869502967,cfe58efd-ce2a-495a-90cd-6826f704ebee,40.295338,-111.2584445
2016-11-18 06:00:00,35.21982380246796,cfe58efd-ce2a-495a-90cd-6826f704ebee,40.295338,-111.2584445
2016-11-19 06:00:00,25.372484267616827,cfe58efd-ce2a-495a-90cd-6826f704ebee,40.295338,-111.2584445
2016-11-20 06:00:00,34.4451948636776,cfe58efd-ce2a-495a-90cd-6826f704ebee,40.295338,-111.2584445
2016-11-21 06:00:00,69.41858852653979,cfe58efd-ce2a-495a-90cd-6826f704ebee,40.295338,-111.2584445
2016-11-22 06:00:00,55.303911885198325,cfe58efd-ce2a-495a-90cd-6826f704ebee,40.295338,-111.2584445
2016-11-23 06:00:00,41.40643045973252,cfe58efd-ce2a-495a-90cd-6826f704ebee,40.295338,-111.2584445
2016-11-24 06:00:00,44.11632481042751,cfe58efd-ce2a-495a-90cd-6826f704ebee,40.295338,-111.2584445
2016-11-25 06:00:00,28.10144573948226,cfe58efd-ce2a-495a-90cd-6826f704ebee,40.295338,-111.2584445
2016-11-26 06:00:00,34.21535272076081,cfe58efd-ce2a-495a-90cd-6826f704ebee,40.295338,-111.2584445
2016-11-27 06:00:00,61.71809279838511,cfe58efd-ce2a-495a-90cd-6826f704ebee,40.295338,-111.2584445
2016-11-28 06:00:00,62.12289531682112,cfe58efd-ce2a-495a-90cd-6826f704ebee,40.295338,-111.2584445
2016-11-29 06:00:00,59.42919064392618,cfe58efd-ce2a-495a-90cd-6826f704ebee,40.295338,-111.2584445
2016-11-30 06:00:00,44.34934315237143,cfe58efd-ce2a-495a-90cd-6826f704ebee,40.295338,-111.2584445
2016-12-01 06:00:00,51.512119703631804,cfe58efd-ce2a-495a-90cd-6826f704ebee,40.295338,-111.2584445
2016-12-02 06:00:00,45.234996161703656,cfe58efd-ce2a-495a-90cd-6826f704ebee,40.295338,-111.2584445
2016-12-03 06:00:00,45.72163746565381,cfe58efd-ce2a-495a-90cd-6826f704ebee,40.295338,-111.2584445
2016-12-04 06:00:00,36.308932459205536,cfe58efd-ce2a-495a-90cd-6826f704ebee,40.295338,-111.2584445
2016-12-05 06:00:00,39.4972785707853,cfe58efd-ce2a-495a-90cd-6826f704ebee,40.295338,-111.2584445
2016-12-06 06:00:00,33.78899210216218,cfe58efd-ce2a-495a-90cd-6826f704ebee,40.295338,-111.2584445
2016-12-07 06:00:00,51.697505316977086,cfe58efd-ce2a-495a-90cd-6826f704ebee,40.295338,-111.2584445
2016-12-08 06:00:00,38.866248776658466,cfe58efd-ce2a-495a-90cd-6826f704ebee,40.295338,-111.2584445
2016-12-09 06:00:00,44.27753359440081,cfe58efd-ce2a-495a-90cd-6826f704ebee,40.295338,-111.2584445
2016-12-10 06:00:00,53.57261880880131,cfe58efd-ce2a-495a-90cd-6826f704ebee,40.295338,-111.2584445
2016-12-11 06:00:00,58.02493781933523,cfe58efd-ce2a-495a-90cd-6826f704ebee,40.295338,-111.2584445
2016-12-12 06:00:00,38.21925739138088,cfe58efd-ce2a-495a-90cd-6826f704ebee,40.295338,-111.2584445
2016-12-13 06:00:00,32.134553781045845,cfe58efd-ce2a-495a-90cd-6826f704ebee,40.295338,-111.2584445
2016-12-14 06:00:00,39.823632151432385,cfe58efd-ce2a-495a-90cd-6826f704ebee,40.295338,-111.2584445
2016-12-15 06:00:00,41.65732585456255,cfe58efd-ce2a-495a-90cd-6826f704ebee,40.295338,-111.2584445
2016-12-16 06:00:00,62.46466251706756,cfe58efd-ce2a-495a-90cd-6826f704ebee,40.295338,-111.2584445
2016-12-17 06:00:00,56.4982309698715,cfe58efd-ce2a-495a-90cd-6826f704ebee,40.295338,-111.2584445
2016-12-18 06:00:00,32.69094109695537,cfe58efd-ce2a-495a-90cd-6826f704ebee,40.295338,-111.2584445
2016-12-19 06:00:00,21.00689401177691,cfe58efd-ce2a-495a-90cd-6826f704ebee,40.295338,-111.2584445
2016-12-20 06:00:00,21.373709052944275,cfe58efd-ce2a-495a-90cd-6826f704ebee,40.295338,-111.2584445
2016-12-21 06:00:00,36.732548723761326,cfe58efd-ce2a-495a-90cd-6826f704ebee,40.295338,-111.2584445
2016-12-22 06:00:00,49.23488582131041,cfe58efd-ce2a-495a-90cd-6826f704ebee,40.295338,-111.2584445
2016-12-23 06:00:00,44.479323945059214,cfe58efd-ce2a-495a-90cd-6826f704ebee,40.295338,-111.2584445
2016-12-24 06:00:00,58.64769164423434,cfe58efd-ce2a-495a-90cd-6826f704ebee,40.295338,-111.2584445
2016-12-25 06:00:00,53.234763259960985,cfe58efd-ce2a-495a-90cd-6826f704ebee,40.295338,-111.2584445
2016-12-26 06:00:00,38.78896477265958,cfe58efd-ce2a-495a-90cd-6826f704ebee,40.295338,-111.2584445
2016-12-27 06:00:00,27.234017057904364,cfe58efd-ce2a-495a-90cd-6826f704ebee,40.295338,-111.2584445
2016-12-28 06:00:00,38.733246871992215,cfe58efd-ce2a-495a-90cd-6826f704ebee,40.295338,-111.2584445
2016-12-29 06:00:00,24.542016043099615,cfe58efd-ce2a-495a-90cd-6826f704ebee,40.295338,-111.2584445
2016-12-30 06:00:00,23.651730891950542,cfe58efd-ce2a-495a-90cd-6826f704ebee,40.295338,-111.2584445
2016-12-31 06:00:00,33.270755005615705,cfe58efd-ce2a-495a-90cd-6826f704ebee,40.295338,-111.2584445
2017-01-01 06:00:00,34.98510906721513,cfe58efd-ce2a-495a-90cd-6826f704ebee,40.295338,-111.2584445
2017-01-02 06:00:00,55.32113273686565,cfe58efd-ce2a-495a-90cd-6826f704ebee,40.295338,-111.2584445
2017-01-03 06:00:00,58.468587668324524,cfe58efd-ce2a-495a-90cd-6826f704ebee,40.295338,-111.2584445
2017-01-04 06:00:00,63.71027922469992,cfe58efd-ce2a-495a-90cd-6826f704ebee,40.295338,-111.2584445
2017-01-05 06:00:00,67.90720624676355,cfe58efd-ce2a-495a-90cd-6826f704ebee,40.295338,-111.2584445
2017-01-06 06:00:00,26.991065971675003,cfe58efd-ce2a-495a-90cd-6826f704ebee,40.295338,-111.2584445
2017-01-07 06:00:00,40.182420234057226,cfe58efd-ce2a-495a-90cd-6826f704ebee,40.295338,-111.2584445
2017-01-08 06:00:00,47.980210633145056,cfe58efd-ce2a-495a-90cd-6826f704ebee,40.295338,-111.2584445
2017-01-09 06:00:00,52.102402173132994,cfe58efd-ce2a-495a-90cd-6826f704ebee,40.295338,-111.2584445
2017-01-10 06:00:00,55.40874114022819,cfe58efd-ce2a-495a-90cd-6826f704ebee,40.295338,-111.2584445
2017-01-11 06:00:00,67.8196912796651,cfe58efd-ce2a-495a-90cd-6826f704ebee,40.295338,-111.2584445
2017-01-12 06:00:00,67.35513971129024,cfe58efd-ce2a-495a-90cd-6826f704ebee,40.295338,-111.2584445
2017-01-13 06:00:00,44.66388067709037,cfe58efd-ce2a-495a-90cd-6826f704ebee,40.295338,-111.2584445
2017-01-14 06:00:00,36.59173889966336,cfe58efd-ce2a-495a-90cd-6826f704ebee,40.295338,-111.2584445
2017-01-15 06:00:00,34.512969208496564,cfe58efd-ce2a-495a-90cd-6826f704ebee,40.295338,-111.2584445
2017-01-16 06:00:00,35.233718549598315,cfe58efd-ce2a-495a-90cd-6826f704ebee,40.295338,-111.2584445
2017-01-17 06:00:00,27.11652289252231,cfe58efd-ce2a-495a-90cd-6826f704ebee,40.295338,-111.2584445
2017-01-18 06:00:00,26.810759173346526,cfe58efd-ce2a-495a-90cd-6826f704ebee,40.295338,-111.2584445
2017-01-19 06:00:00,58.90970334539496,cfe58efd-ce2a-495a-90cd-6826f704ebee,40.295338,-111.2584445
2017-01-20 06:00:00,52.42766500320948,cfe58efd-ce2a-495a-90cd-6826f704ebee,40.295338,-111.2584445
2017-01-21 06:00:00,60.073776413682104,cfe58efd-ce2a-495a-90cd-6826f704ebee,40.295338,-111.2584445
2017-01-22 06:00:00,57.02132629042744,cfe58efd-ce2a-495a-90cd-6826f704ebee,40.295338,-111.2584445
2017-01-23 06:00:00,69.86753271361249,cfe58efd-ce2a-495a-90cd-6826f704ebee,40.295338,-111.2584445
2017-01-24 06:00:00,62.79711881815301,cfe58efd-ce2a-495a-90cd-6826f704ebee,40.295338,-111.2584445
2017-01-25 06:00:00,56.93160523736168,cfe58efd-ce2a-495a-90cd-6826f704ebee,40.295338,-111.2584445
2017-01-26 06:00:00,43.436696374107164,cfe58efd-ce2a-495a-90cd-6826f704ebee,40.295338,-111.2584445
2017-01-27 06:00:00,41.041882744898146,cfe58efd-ce2a-495a-90cd-6826f704ebee,40.295338,-111.2584445
2017-01-28 06:00:00,29.47454338733332,cfe58efd-ce2a-495a-90cd-6826f704ebee,40.295338,-111.2584445
2017-01-29 06:00:00,21.15494727721934,cfe58efd-ce2a-495a-90cd-6826f704ebee,40.295338,-111.2584445
2017-01-30 06:00:00,19.203938417315598,cfe58efd-ce2a-495a-90cd-6826f704ebee,40.295338,-111.2584445
2017-01-31 06:00:00,21.62901027837015,cfe58efd-ce2a-495a-90cd-6826f704ebee,40.295338,-111.2584445
2017-02-01 06:00:00,22.034006248862553,cfe58efd-ce2a-495a-90cd-6826f704ebee,40.295338,-111.2584445
2017-02-02 06:00:00,40.415947074047324,cfe58efd-ce2a-495a-90cd-6826f704ebee,40.295338,-111.2584445
2017-02-03 06:00:00,42.27915350321276,cfe58efd-ce2a-495a-90cd-6826f704ebee,40.295338,-111.2584445
2017-02-04 06:00:00,40.06666615144435,cfe58efd-ce2a-495a-90cd-6826f704ebee,40.295338,-111.2584445
2017-02-05 06:00:00,32.36397755134575,cfe58efd-ce2a-495a-90cd-6826f704ebee,40.295338,-111.2584445
2017-02-06 06:00:00,48.97396754577227,cfe58efd-ce2a-495a-90cd-6826f704ebee,40.295338,-111.2584445
2017-02-07 06:00:00,51.437559437454034,cfe58efd-ce2a-495a-90cd-6826f704ebee,40.295338,-111.2584445
2017-02-08 06:00:00,35.12439998952845,cfe58efd-ce2a-495a-90cd-6826f704ebee,40.295338,-111.2584445
2017-02-09 06:00:00,34.20096024541644,cfe58efd-ce2a-495a-90cd-6826f704ebee,40.295338,-111.2584445
2017-02-10 06:00:00,42.616521518351824,cfe58efd-ce2a-495a-90cd-6826f704ebee,40.295338,-111.2584445
2017-02-11 06:00:00,57.36119097545672,cfe58efd-ce2a-495a-90cd-6826f704ebee,40.295338,-111.2584445
2017-02-12 06:00:00,24.252642084610912,cfe58efd-ce2a-495a-90cd-6826f704ebee,40.295338,-111.2584445
2017-02-13 06:00:00,26.083572972175826,cfe58efd-ce2a-495a-90cd-6826f704ebee,40.295338,-111.2584445
2017-02-14 06:00:00,21.89663795962229,cfe58efd-ce2a-495a-90cd-6826f704ebee,40.295338,-111.2584445
2017-02-15 06:00:00,19.072046069201086,cfe58efd-ce2a-495a-90cd-6826f704ebee,40.295338,-111.2584445
2017-02-16 06:00:00,23.15398640774627,cfe58efd-ce2a-495a-90cd-6826f704ebee,40.295338,-111.2584445
2017-02-17 06:00:00,42.35619622852571,cfe58efd-ce2a-495a-90cd-6826f704ebee,40.295338,-111.2584445
2017-02-18 06:00:00,54.43266121592233,cfe58efd-ce2a-495a-90cd-6826f704ebee,40.295338,-111.2584445
2017-02-19 06:00:00,49.09740681423806,cfe58efd-ce2a-495a-90cd-6826f704ebee,40.295338,-111.2584445
2017-02-20 06:00:00,40.438712593686915,cfe58efd-ce2a-495a-90cd-6826f704ebee,40.295338,-111.2584445
2017-02-21 06:00:00,36.98645636625409,cfe58efd-ce2a-495a-90cd-6826f704ebee,40.295338,-111.2584445
2017-02-22 06:00:00,60.00710943773547,cfe58efd-ce2a-495a-90cd-6826f704ebee,40.295338,-111.2584445
2017-02-23 06:00:00,56.96186317421861,cfe58efd-ce2a-495a-90cd-6826f704ebee,40.295338,-111.2584445
2017-02-24 06:00:00,45.90634031048426,cfe58efd-ce2a-495a-90cd-6826f704ebee,40.295338,-111.2584445
2017-02-25 06:00:00,40.80874116001624,cfe58efd-ce2a-495a-90cd-6826f704ebee,40.295338,-111.2584445
2017-02-26 06:00:00,31.59346853140795,cfe58efd-ce2a-495a-90cd-6826f704ebee,40.295338,-111.2584445
2017-02-27 06:00:00,54.645820269552594,cfe58efd-ce2a-495a-90cd-6826f704ebee,40.295338,-111.2584445
2017-02-28 06:00:00,38.39625356199649,cfe58efd-ce2a-495a-90cd-6826f704ebee,40.295338,-111.2584445
2017-03-01 06:00:00,33.57809699257329,cfe58efd-ce2a-495a-90cd-6826f704ebee,40.295338,-111.2584445
2017-03-02 06:00:00,25.29173904330999,cfe58efd-ce2a-495a-90cd-6826f704ebee,40.295338,-111.2584445
2017-03-03 06:00:00,17.895196524408437,cfe58efd-ce2a-495a-90cd-6826f704ebee,40.295338,-111.2584445
2017-03-04 06:00:00,21.74121020827353,cfe58efd-ce2a-495a-90cd-6826f704ebee,40.295338,-111.2584445
2017-03-05 06:00:00,29.048895378735754,cfe58efd-ce2a-495a-90cd-6826f704ebee,40.295338,-111.2584445
2017-03-06 06:00:00,48.52027002237487,cfe58efd-ce2a-495a-90cd-6826f704ebee,40.295338,-111.2584445
2017-03-07 06:00:00,32.8216149094698,cfe58efd-ce2a-495a-90cd-6826f704ebee,40.295338,-111.2584445
2017-03-08 06:00:00,24.2159456899828,cfe58efd-ce2a-495a-90cd-6826f704ebee,40.295338,-111.2584445
2017-03-09 06:00:00,20.57560052056363,cfe58efd-ce2a-495a-90cd-6826f704ebee,40.295338,-111.2584445
2017-03-10 06:00:00,20.609125941676893,cfe58efd-ce2a-495a-90cd-6826f704ebee,40.295338,-111.2584445
2017-03-11 06:00:00,28.87540840530029,cfe58efd-ce2a-495a-90cd-6826f704ebee,40.295338,-111.2584445
2017-03-12 06:00:00,28.68069104387941,cfe58efd-ce2a-495a-90cd-6826f704ebee,40.295338,-111.2584445
2017-03-13 06:00:00,21.156100297867393,cfe58efd-ce2a-495a-90cd-6826f704ebee,40.295338,-111.2584445
2017-03-14 06:00:00,17.95696501315041,cfe58efd-ce2a-495a-90cd-6826f704ebee,40.295338,-111.2584445
2017-03-15 06:00:00,17.819692067522826,cfe58efd-ce2a-495a-90cd-6826f704ebee,40.295338,-111.2584445
2017-03-16 06:00:00,21.51450502357153,cfe58efd-ce2a-495a-90cd-6826f704ebee,40.295338,-111.2584445
2017-03-17 06:00:00,19.060134400322852,cfe58efd-ce2a-495a-90cd-6826f704ebee,40.295338,-111.2584445
2017-03-18 06:00:00,17.81114318254015,cfe58efd-ce2a-495a-90cd-6826f704ebee,40.295338,-111.2584445
2017-03-19 06:00:00,25.38443827010713,cfe58efd-ce2a-495a-90cd-6826f704ebee,40.295338,-111.2584445
2017-03-20 06:00:00,23.818539792591288,cfe58efd-ce2a-495a-90cd-6826f704ebee,40.295338,-111.2584445
2017-03-21 06:00:00,25.092602584135296,cfe58efd-ce2a-495a-90cd-6826f704ebee,40.295338,-111.2584445
2017-03-22 06:00:00,32.737175357902885,cfe58efd-ce2a-495a-90cd-6826f704ebee,40.295338,-111.2584445
2017-03-23 06:00:00,44.431124581841765,cfe58efd-ce2a-495a-90cd-6826f704ebee,40.295338,-111.2584445
2017-03-24 06:00:00,28.48232487505382,cfe58efd-ce2a-495a-90cd-6826f704ebee,40.295338,-111.2584445
2017-03-25 06:00:00,38.30221030302167,cfe58efd-ce2a-495a-90cd-6826f704ebee,40.295338,-111.2584445
2017-03-26 06:00:00,34.64466773994146,cfe58efd-ce2a-495a-90cd-6826f704ebee,40.295338,-111.2584445
2017-03-27 06:00:00,53.720749036952014,cfe58efd-ce2a-495a-90cd-6826f704ebee,40.295338,-111.2584445
2017-03-28 06:00:00,45.9959661243743,cfe58efd-ce2a-495a-90cd-6826f704ebee,40.295338,-111.2584445
2017-03-29 06:00:00,25.081076300453386,cfe58efd-ce2a-495a-90cd-6826f704ebee,40.295338,-111.2584445
2017-03-30 06:00:00,33.93141276554691,cfe58efd-ce2a-495a-90cd-6826f704ebee,40.295338,-111.2584445
2017-03-31 06:00:00,45.74217165123375,cfe58efd-ce2a-495a-90cd-6826f704ebee,40.295338,-111.2584445
2017-04-01 06:00:00,29.191642610987834,cfe58efd-ce2a-495a-90cd-6826f704ebee,40.295338,-111.2584445
2017-04-02 06:00:00,35.41940375776045,cfe58efd-ce2a-495a-90cd-6826f704ebee,40.295338,-111.2584445
2017-04-03 06:00:00,24.729010152312917,cfe58efd-ce2a-495a-90cd-6826f704ebee,40.295338,-111.2584445
2017-04-04 06:00:00,28.235638571747444,cfe58efd-ce2a-495a-90cd-6826f704ebee,40.295338,-111.2584445
2017-04-05 06:00:00,18.19260296560502,cfe58efd-ce2a-495a-90cd-6826f704ebee,40.295338,-111.2584445
2017-04-06 06:00:00,21.692603432822988,cfe58efd-ce2a-495a-90cd-6826f704ebee,40.295338,-111.2584445
2017-04-07 06:00:00,26.464169398737457,cfe58efd-ce2a-495a-90cd-6826f704ebee,40.295338,-111.2584445
2017-04-08 06:00:00,39.417482876296695,cfe58efd-ce2a-495a-90cd-6826f704ebee,40.295338,-111.2584445
2017-04-09 06:00:00,47.46186396574082,cfe58efd-ce2a-495a-90cd-6826f704ebee,40.295338,-111.2584445
2017-04-10 06:00:00,21.175889290947964,cfe58efd-ce2a-495a-90cd-6826f704ebee,40.295338,-111.2584445
2017-04-11 06:00:00,25.011623686718096,cfe58efd-ce2a-495a-90cd-6826f704ebee,40.295338,-111.2584445
2017-04-12 06:00:00,22.290394543914356,cfe58efd-ce2a-495a-90cd-6826f704ebee,40.295338,-111.2584445
2017-04-13 06:00:00,22.01412119393619,cfe58efd-ce2a-495a-90cd-6826f704ebee,40.295338,-111.2584445
2017-04-14 06:00:00,31.31316032922692,cfe58efd-ce2a-495a-90cd-6826f704ebee,40.295338,-111.2584445
2017-04-15 06:00:00,23.394620206468275,cfe58efd-ce2a-495a-90cd-6826f704ebee,40.295338,-111.2584445
2017-04-16 06:00:00,17.04082633576407,cfe58efd-ce2a-495a-90cd-6826f704ebee,40.295338,-111.2584445
2017-04-17 06:00:00,22.10883713867891,cfe58efd-ce2a-495a-90cd-6826f704ebee,40.295338,-111.2584445
2017-04-18 06:00:00,28.312872194991904,cfe58efd-ce2a-495a-90cd-6826f704ebee,40.295338,-111.2584445
2017-04-19 06:00:00,39.04601357466435,cfe58efd-ce2a-495a-90cd-6826f704ebee,40.295338,-111.2584445
2017-04-20 06:00:00,30.908549274880652,cfe58efd-ce2a-495a-90cd-6826f704ebee,40.295338,-111.2584445
2017-04-21 06:00:00,36.459269311998355,cfe58efd-ce2a-495a-90cd-6826f704ebee,40.295338,-111.2584445
2017-04-22 06:00:00,21.61969264394154,cfe58efd-ce2a-495a-90cd-6826f704ebee,40.295338,-111.2584445
2017-04-23 06:00:00,20.861959178898907,cfe58efd-ce2a-495a-90cd-6826f704ebee,40.295338,-111.2584445
2017-04-24 06:00:00,39.139962111151526,cfe58efd-ce2a-495a-90cd-6826f704ebee,40.295338,-111.2584445
2017-04-25 06:00:00,53.2200773240968,cfe58efd-ce2a-495a-90cd-6826f704ebee,40.295338,-111.2584445
2017-04-26 06:00:00,35.69586861396958,cfe58efd-ce2a-495a-90cd-6826f704ebee,40.295338,-111.2584445
2017-04-27 06:00:00,47.93976922452049,cfe58efd-ce2a-495a-90cd-6826f704ebee,40.295338,-111.2584445
2017-04-28 06:00:00,53.152354809324066,cfe58efd-ce2a-495a-90cd-6826f704ebee,40.295338,-111.2584445
2017-04-29 06:00:00,35.3571556706937,cfe58efd-ce2a-495a-90cd-6826f704ebee,40.295338,-111.2584445
2017-04-30 06:00:00,27.845436541422647,cfe58efd-ce2a-495a-90cd-6826f704ebee,40.295338,-111.2584445
2017-05-01 06:00:00,30.278290661565393,cfe58efd-ce2a-495a-90cd-6826f704ebee,40.295338,-111.2584445
2017-05-02 06:00:00,31.72718571013379,cfe58efd-ce2a-495a-90cd-6826f704ebee,40.295338,-111.2584445
2017-05-03 06:00:00,21.42641652535064,cfe58efd-ce2a-495a-90cd-6826f704ebee,40.295338,-111.2584445
2017-05-04 06:00:00,15.915849823085995,cfe58efd-ce2a-495a-90cd-6826f704ebee,40.295338,-111.2584445
2017-05-05 06:00:00,20.585783026747475,cfe58efd-ce2a-495a-90cd-6826f704ebee,40.295338,-111.2584445
2017-05-06 06:00:00,30.837176360497672,cfe58efd-ce2a-495a-90cd-6826f704ebee,40.295338,-111.2584445
2017-05-07 06:00:00,31.78434266045503,cfe58efd-ce2a-495a-90cd-6826f704ebee,40.295338,-111.2584445
2017-05-08 06:00:00,36.21152659406122,cfe58efd-ce2a-495a-90cd-6826f704ebee,40.295338,-111.2584445
2017-05-09 06:00:00,33.42007619251321,cfe58efd-ce2a-495a-90cd-6826f704ebee,40.295338,-111.2584445
2017-05-10 06:00:00,34.673775008730196,cfe58efd-ce2a-495a-90cd-6826f704ebee,40.295338,-111.2584445
2017-05-11 06:00:00,25.166090009764456,cfe58efd-ce2a-495a-90cd-6826f704ebee,40.295338,-111.2584445
2017-05-12 06:00:00,24.8818436786604,cfe58efd-ce2a-495a-90cd-6826f704ebee,40.295338,-111.2584445
2017-05-13 06:00:00,32.373774584386354,cfe58efd-ce2a-495a-90cd-6826f704ebee,40.295338,-111.2584445
2017-05-14 06:00:00,24.68559133582798,cfe58efd-ce2a-495a-90cd-6826f704ebee,40.295338,-111.2584445
2017-05-15 06:00:00,27.18828106751016,cfe58efd-ce2a-495a-90cd-6826f704ebee,40.295338,-111.2584445
2017-05-16 06:00:00,37.66301732058714,cfe58efd-ce2a-495a-90cd-6826f704ebee,40.295338,-111.2584445
2017-05-17 06:00:00,52.70009699151794,cfe58efd-ce2a-495a-90cd-6826f704ebee,40.295338,-111.2584445
2017-05-18 06:00:00,49.38885655984869,cfe58efd-ce2a-495a-90cd-6826f704ebee,40.295338,-111.2584445
2017-05-19 06:00:00,39.17819354948692,cfe58efd-ce2a-495a-90cd-6826f704ebee,40.295338,-111.2584445
2017-05-20 06:00:00,27.252161322821802,cfe58efd-ce2a-495a-90cd-6826f704ebee,40.295338,-111.2584445
2017-05-21 06:00:00,41.65245051754999,cfe58efd-ce2a-495a-90cd-6826f704ebee,40.295338,-111.2584445
2017-05-22 06:00:00,33.771756955457356,cfe58efd-ce2a-495a-90cd-6826f704ebee,40.295338,-111.2584445
2017-05-23 06:00:00,28.015465806929914,cfe58efd-ce2a-495a-90cd-6826f704ebee,40.295338,-111.2584445
2017-05-24 06:00:00,25.47175766709444,cfe58efd-ce2a-495a-90cd-6826f704ebee,40.295338,-111.2584445
2017-05-25 06:00:00,40.42459275376671,cfe58efd-ce2a-495a-90cd-6826f704ebee,40.295338,-111.2584445
2017-05-26 06:00:00,35.75725239910379,cfe58efd-ce2a-495a-90cd-6826f704ebee,40.295338,-111.2584445
2017-05-27 06:00:00,30.903553655809446,cfe58efd-ce2a-495a-90cd-6826f704ebee,40.295338,-111.2584445
2017-05-28 06:00:00,23.355907801134332,cfe58efd-ce2a-495a-90cd-6826f704ebee,40.295338,-111.2584445
2017-05-29 06:00:00,21.247934438538714,cfe58efd-ce2a-495a-90cd-6826f704ebee,40.295338,-111.2584445
2017-05-30 06:00:00,22.28299701225288,cfe58efd-ce2a-495a-90cd-6826f704ebee,40.295338,-111.2584445
2017-05-31 06:00:00,23.47761749099013,cfe58efd-ce2a-495a-90cd-6826f704ebee,40.295338,-111.2584445
2017-06-01 06:00:00,33.07233334412149,cfe58efd-ce2a-495a-90cd-6826f704ebee,40.295338,-111.2584445
2017-06-02 06:00:00,33.61854017845835,cfe58efd-ce2a-495a-90cd-6826f704ebee,40.295338,-111.2584445
2017-06-03 06:00:00,20.19913600478232,cfe58efd-ce2a-495a-90cd-6826f704ebee,40.295338,-111.2584445
2017-06-04 06:00:00,22.479922872684416,cfe58efd-ce2a-495a-90cd-6826f704ebee,40.295338,-111.2584445
2017-06-05 06:00:00,27.933621063012563,cfe58efd-ce2a-495a-90cd-6826f704ebee,40.295338,-111.2584445
2017-06-06 06:00:00,24.05754074331205,cfe58efd-ce2a-495a-90cd-6826f704ebee,40.295338,-111.2584445
2017-06-07 06:00:00,21.252834576580184,cfe58efd-ce2a-495a-90cd-6826f704ebee,40.295338,-111.2584445
2017-06-08 06:00:00,19.739578041860856,cfe58efd-ce2a-495a-90cd-6826f704ebee,40.295338,-111.2584445
2017-06-09 06:00:00,21.43957699822418,cfe58efd-ce2a-495a-90cd-6826f704ebee,40.295338,-111.2584445
2017-06-10 06:00:00,26.533044921332657,cfe58efd-ce2a-495a-90cd-6826f704ebee,40.295338,-111.2584445
2017-06-11 06:00:00,25.63246883095513,cfe58efd-ce2a-495a-90cd-6826f704ebee,40.295338,-111.2584445
2017-06-12 06:00:00,27.92468819448744,cfe58efd-ce2a-495a-90cd-6826f704ebee,40.295338,-111.2584445
2017-06-13 06:00:00,39.690105899953714,cfe58efd-ce2a-495a-90cd-6826f704ebee,40.295338,-111.2584445
2017-06-14 06:00:00,30.00336181098286,cfe58efd-ce2a-495a-90cd-6826f704ebee,40.295338,-111.2584445
2017-06-15 06:00:00,25.076753061168134,cfe58efd-ce2a-495a-90cd-6826f704ebee,40.295338,-111.2584445
2017-06-16 06:00:00,27.824496409391468,cfe58efd-ce2a-495a-90cd-6826f704ebee,40.295338,-111.2584445
2017-06-17 06:00:00,40.26378393402247,cfe58efd-ce2a-495a-90cd-6826f704ebee,40.295338,-111.2584445
2017-06-18 06:00:00,32.01018231379997,cfe58efd-ce2a-495a-90cd-6826f704ebee,40.295338,-111.2584445
2017-06-19 06:00:00,24.36301659026132,cfe58efd-ce2a-495a-90cd-6826f704ebee,40.295338,-111.2584445
2017-06-20 06:00:00,23.87675245030355,cfe58efd-ce2a-495a-90cd-6826f704ebee,40.295338,-111.2584445
2017-06-21 06:00:00,23.58472619436889,cfe58efd-ce2a-495a-90cd-6826f704ebee,40.295338,-111.2584445
2017-06-22 06:00:00,25.884821594047732,cfe58efd-ce2a-495a-90cd-6826f704ebee,40.295338,-111.2584445
2017-06-23 06:00:00,20.56945251296279,cfe58efd-ce2a-495a-90cd-6826f704ebee,40.295338,-111.2584445
2017-06-24 06:00:00,19.785398770936055,cfe58efd-ce2a-495a-90cd-6826f704ebee,40.295338,-111.2584445
2017-06-25 06:00:00,18.782709039253874,cfe58efd-ce2a-495a-90cd-6826f704ebee,40.295338,-111.2584445
2017-06-26 06:00:00,20.01248783840799,cfe58efd-ce2a-495a-90cd-6826f704ebee,40.295338,-111.2584445
2017-06-27 06:00:00,22.830451675840116,cfe58efd-ce2a-495a-90cd-6826f704ebee,40.295338,-111.2584445
2017-06-28 06:00:00,21.870893661616286,cfe58efd-ce2a-495a-90cd-6826f704ebee,40.295338,-111.2584445
2017-06-29 06:00:00,22.83842465696601,cfe58efd-ce2a-495a-90cd-6826f704ebee,40.295338,-111.2584445
2017-06-30 06:00:00,19.98222830568107,cfe58efd-ce2a-495a-90cd-6826f704ebee,40.295338,-111.2584445
2017-07-01 06:00:00,18.28405369072437,cfe58efd-ce2a-495a-90cd-6826f704ebee,40.295338,-111.2584445
2017-07-02 06:00:00,19.745628952407476,cfe58efd-ce2a-495a-90cd-6826f704ebee,40.295338,-111.2584445
2017-07-03 06:00:00,19.698847716640213,cfe58efd-ce2a-495a-90cd-6826f704ebee,40.295338,-111.2584445
2017-07-04 06:00:00,17.802593626962274,cfe58efd-ce2a-495a-90cd-6826f704ebee,40.295338,-111.2584445
2017-07-05 06:00:00,18.277521384437996,cfe58efd-ce2a-495a-90cd-6826f704ebee,40.295338,-111.2584445
2017-07-06 06:00:00,19.005283300746072,cfe58efd-ce2a-495a-90cd-6826f704ebee,40.295338,-111.2584445
2017-07-07 06:00:00,21.356292097987634,cfe58efd-ce2a-495a-90cd-6826f704ebee,40.295338,-111.2584445
2017-07-08 06:00:00,21.95561989446195,cfe58efd-ce2a-495a-90cd-6826f704ebee,40.295338,-111.2584445
2017-07-09 06:00:00,24.58549478990773,cfe58efd-ce2a-495a-90cd-6826f704ebee,40.295338,-111.2584445
2017-07-10 06:00:00,31.976944336172025,cfe58efd-ce2a-495a-90cd-6826f704ebee,40.295338,-111.2584445
2017-07-11 06:00:00,31.25148930398463,cfe58efd-ce2a-495a-90cd-6826f704ebee,40.295338,-111.2584445
2017-07-12 06:00:00,29.141306518935792,cfe58efd-ce2a-495a-90cd-6826f704ebee,40.295338,-111.2584445
2017-07-13 06:00:00,26.34985565016982,cfe58efd-ce2a-495a-90cd-6826f704ebee,40.295338,-111.2584445
2017-07-14 06:00:00,26.47367864933069,cfe58efd-ce2a-495a-90cd-6826f704ebee,40.295338,-111.2584445
2017-07-15 06:00:00,23.623246943229216,cfe58efd-ce2a-495a-90cd-6826f704ebee,40.295338,-111.2584445
2017-07-16 06:00:00,22.36897138949201,cfe58efd-ce2a-495a-90cd-6826f704ebee,40.295338,-111.2584445
2017-07-17 06:00:00,25.558405298091955,cfe58efd-ce2a-495a-90cd-6826f704ebee,40.295338,-111.2584445
2017-07-18 06:00:00,26.236023498886947,cfe58efd-ce2a-495a-90cd-6826f704ebee,40.295338,-111.2584445
2017-07-19 06:00:00,32.751391386092564,cfe58efd-ce2a-495a-90cd-6826f704ebee,40.295338,-111.2584445
2017-07-20 06:00:00,33.752065675059384,cfe58efd-ce2a-495a-90cd-6826f704ebee,40.295338,-111.2584445
2017-07-21 06:00:00,31.77060452478649,cfe58efd-ce2a-495a-90cd-6826f704ebee,40.295338,-111.2584445
2017-07-22 06:00:00,28.544091930994043,cfe58efd-ce2a-495a-90cd-6826f704ebee,40.295338,-111.2584445
2017-07-23 06:00:00,22.67963524670926,cfe58efd-ce2a-495a-90cd-6826f704ebee,40.295338,-111.2584445
2017-07-24 06:00:00,28.067915268750514,cfe58efd-ce2a-495a-90cd-6826f704ebee,40.295338,-111.2584445
2017-07-25 06:00:00,60.77780984297724,cfe58efd-ce2a-495a-90cd-6826f704ebee,40.295338,-111.2584445
2017-07-26 06:00:00,44.54879937735346,cfe58efd-ce2a-495a-90cd-6826f704ebee,40.295338,-111.2584445
2017-07-27 06:00:00,35.581843820474795,cfe58efd-ce2a-495a-90cd-6826f704ebee,40.295338,-111.2584445
2017-07-28 06:00:00,32.93621633421562,cfe58efd-ce2a-495a-90cd-6826f704ebee,40.295338,-111.2584445
2017-07-29 06:00:00,26.72276696416761,cfe58efd-ce2a-495a-90cd-6826f704ebee,40.295338,-111.2584445
2017-07-30 06:00:00,24.030739385731284,cfe58efd-ce2a-495a-90cd-6826f704ebee,40.295338,-111.2584445
2017-07-31 06:00:00,24.7803070258911,cfe58efd-ce2a-495a-90cd-6826f704ebee,40.295338,-111.2584445
2017-08-01 06:00:00,21.921709646981686,cfe58efd-ce2a-495a-90cd-6826f704ebee,40.295338,-111.2584445
2017-08-02 06:00:00,20.221710020023167,cfe58efd-ce2a-495a-90cd-6826f704ebee,40.295338,-111.2584445
2017-08-03 06:00:00,21.15629252233148,cfe58efd-ce2a-495a-90cd-6826f704ebee,40.295338,-111.2584445
2017-08-04 06:00:00,29.315945503462064,cfe58efd-ce2a-495a-90cd-6826f704ebee,40.295338,-111.2584445
2017-08-05 06:00:00,30.38232512203807,cfe58efd-ce2a-495a-90cd-6826f704ebee,40.295338,-111.2584445
2017-08-06 06:00:00,26.610182785048842,cfe58efd-ce2a-495a-90cd-6826f704ebee,40.295338,-111.2584445
2017-08-07 06:00:00,36.72190110850632,cfe58efd-ce2a-495a-90cd-6826f704ebee,40.295338,-111.2584445
2017-08-08 06:00:00,36.696637625424025,cfe58efd-ce2a-495a-90cd-6826f704ebee,40.295338,-111.2584445
2017-08-09 06:00:00,32.839864750989456,cfe58efd-ce2a-495a-90cd-6826f704ebee,40.295338,-111.2584445
2017-08-10 06:00:00,32.112680444341805,cfe58efd-ce2a-495a-90cd-6826f704ebee,40.295338,-111.2584445
2017-08-11 06:00:00,26.672719097961952,cfe58efd-ce2a-495a-90cd-6826f704ebee,40.295338,-111.2584445
2017-08-12 06:00:00,28.918539554768184,cfe58efd-ce2a-495a-90cd-6826f704ebee,40.295338,-111.2584445
2017-08-13 06:00:00,30.599423858320108,cfe58efd-ce2a-495a-90cd-6826f704ebee,40.295338,-111.2584445
2017-08-14 06:00:00,30.0371763502372,cfe58efd-ce2a-495a-90cd-6826f704ebee,40.295338,-111.2584445
2017-08-15 06:00:00,38.309990288315774,cfe58efd-ce2a-495a-90cd-6826f704ebee,40.295338,-111.2584445
2017-08-16 06:00:00,21.55100884011568,cfe58efd-ce2a-495a-90cd-6826f704ebee,40.295338,-111.2584445
2017-08-17 06:00:00,23.555715617712135,cfe58efd-ce2a-495a-90cd-6826f704ebee,40.295338,-111.2584445
2017-08-18 06:00:00,22.40211297913771,cfe58efd-ce2a-495a-90cd-6826f704ebee,40.295338,-111.2584445
2017-08-19 06:00:00,19.88347698105401,cfe58efd-ce2a-495a-90cd-6826f704ebee,40.295338,-111.2584445
2017-08-20 06:00:00,22.735158627131714,cfe58efd-ce2a-495a-90cd-6826f704ebee,40.295338,-111.2584445
2017-08-21 06:00:00,23.580883922082204,cfe58efd-ce2a-495a-90cd-6826f704ebee,40.295338,-111.2584445
2017-08-22 06:00:00,29.193948665109538,cfe58efd-ce2a-495a-90cd-6826f704ebee,40.295338,-111.2584445
2017-08-23 06:00:00,30.97550422932298,cfe58efd-ce2a-495a-90cd-6826f704ebee,40.295338,-111.2584445
2017-08-24 06:00:00,25.57271871649223,cfe58efd-ce2a-495a-90cd-6826f704ebee,40.295338,-111.2584445
2017-08-25 06:00:00,21.81853917329845,cfe58efd-ce2a-495a-90cd-6826f704ebee,40.295338,-111.2584445
2017-08-26 06:00:00,20.45946195237804,cfe58efd-ce2a-495a-90cd-6826f704ebee,40.295338,-111.2584445
2017-08-27 06:00:00,17.562152065529947,cfe58efd-ce2a-495a-90cd-6826f704ebee,40.295338,-111.2584445
2017-08-28 06:00:00,14.908549274880647,cfe58efd-ce2a-495a-90cd-6826f704ebee,40.295338,-111.2584445
2017-08-29 06:00:00,17.683958434692148,cfe58efd-ce2a-495a-90cd-6826f704ebee,40.295338,-111.2584445
2017-08-30 06:00:00,22.245532841091542,cfe58efd-ce2a-495a-90cd-6826f704ebee,40.295338,-111.2584445
2017-08-31 06:00:00,40.771470523361515,cfe58efd-ce2a-495a-90cd-6826f704ebee,40.295338,-111.2584445
2017-09-01 06:00:00,24.175697117786246,cfe58efd-ce2a-495a-90cd-6826f704ebee,40.295338,-111.2584445
2017-09-02 06:00:00,17.340729562281187,cfe58efd-ce2a-495a-90cd-6826f704ebee,40.295338,-111.2584445
2017-09-03 06:00:00,17.610951382419906,cfe58efd-ce2a-495a-90cd-6826f704ebee,40.295338,-111.2584445
2017-09-04 06:00:00,15.04870307273755,cfe58efd-ce2a-495a-90cd-6826f704ebee,40.295338,-111.2584445
2017-09-05 06:00:00,14.662535842397144,cfe58efd-ce2a-495a-90cd-6826f704ebee,40.295338,-111.2584445
2017-09-06 06:00:00,15.44610943185035,cfe58efd-ce2a-495a-90cd-6826f704ebee,40.295338,-111.2584445
2017-09-07 06:00:00,20.04015380207102,cfe58efd-ce2a-495a-90cd-6826f704ebee,40.295338,-111.2584445
2017-09-08 06:00:00,24.151297357652652,cfe58efd-ce2a-495a-90cd-6826f704ebee,40.295338,-111.2584445
2017-09-09 06:00:00,38.91613795915324,cfe58efd-ce2a-495a-90cd-6826f704ebee,40.295338,-111.2584445
2017-09-10 06:00:00,32.79413951760181,cfe58efd-ce2a-495a-90cd-6826f704ebee,40.295338,-111.2584445
2017-09-11 06:00:00,24.842650698424535,cfe58efd-ce2a-495a-90cd-6826f704ebee,40.295338,-111.2584445
2017-09-12 06:00:00,23.524111625898588,cfe58efd-ce2a-495a-90cd-6826f704ebee,40.295338,-111.2584445
2017-09-13 06:00:00,25.551104903793703,cfe58efd-ce2a-495a-90cd-6826f704ebee,40.295338,-111.2584445
2017-09-14 06:00:00,41.102690114984135,cfe58efd-ce2a-495a-90cd-6826f704ebee,40.295338,-111.2584445
2017-09-15 06:00:00,66.5948122740937,cfe58efd-ce2a-495a-90cd-6826f704ebee,40.295338,-111.2584445
2017-09-16 06:00:00,31.09145087902645,cfe58efd-ce2a-495a-90cd-6826f704ebee,40.295338,-111.2584445
2017-09-17 06:00:00,23.12401584475002,cfe58efd-ce2a-495a-90cd-6826f704ebee,40.295338,-111.2584445
2017-09-18 06:00:00,25.032565119630664,cfe58efd-ce2a-495a-90cd-6826f704ebee,40.295338,-111.2584445
2017-09-19 06:00:00,46.309412620024084,cfe58efd-ce2a-495a-90cd-6826f704ebee,40.295338,-111.2584445
2017-09-20 06:00:00,24.943131541198085,cfe58efd-ce2a-495a-90cd-6826f704ebee,40.295338,-111.2584445
2017-09-21 06:00:00,35.07339140409237,cfe58efd-ce2a-495a-90cd-6826f704ebee,40.295338,-111.2584445
2017-09-22 06:00:00,62.502401082591305,cfe58efd-ce2a-495a-90cd-6826f704ebee,40.295338,-111.2584445
2017-09-23 06:00:00,66.72526636041206,cfe58efd-ce2a-495a-90cd-6826f704ebee,40.295338,-111.2584445
2017-09-24 06:00:00,89.94687495016342,cfe58efd-ce2a-495a-90cd-6826f704ebee,40.295338,-111.2584445
2017-09-25 06:00:00,50.700190819878635,cfe58efd-ce2a-495a-90cd-6826f704ebee,40.295338,-111.2584445
2017-09-26 06:00:00,33.17022174465095,cfe58efd-ce2a-495a-90cd-6826f704ebee,40.295338,-111.2584445
2017-09-27 06:00:00,29.0569647276894,cfe58efd-ce2a-495a-90cd-6826f704ebee,40.295338,-111.2584445
2017-09-28 06:00:00,47.331508042832965,cfe58efd-ce2a-495a-90cd-6826f704ebee,40.295338,-111.2584445
2017-09-29 06:00:00,36.82804862910114,cfe58efd-ce2a-495a-90cd-6826f704ebee,40.295338,-111.2584445
2017-09-30 06:00:00,40.703650548753544,cfe58efd-ce2a-495a-90cd-6826f704ebee,40.295338,-111.2584445
2017-10-01 06:00:00,54.14735752659047,cfe58efd-ce2a-495a-90cd-6826f704ebee,40.295338,-111.2584445
2017-10-02 06:00:00,41.45504217670012,cfe58efd-ce2a-495a-90cd-6826f704ebee,40.295338,-111.2584445
2017-10-03 06:00:00,27.139001076778005,cfe58efd-ce2a-495a-90cd-6826f704ebee,40.295338,-111.2584445
2017-10-04 06:00:00,26.89731050797315,cfe58efd-ce2a-495a-90cd-6826f704ebee,40.295338,-111.2584445
2017-10-05 06:00:00,24.04159508521,cfe58efd-ce2a-495a-90cd-6826f704ebee,40.295338,-111.2584445
2017-10-06 06:00:00,35.400384538340866,cfe58efd-ce2a-495a-90cd-6826f704ebee,40.295338,-111.2584445
2017-10-07 06:00:00,19.43583099299275,cfe58efd-ce2a-495a-90cd-6826f704ebee,40.295338,-111.2584445
2017-10-08 06:00:00,29.49788684460203,cfe58efd-ce2a-495a-90cd-6826f704ebee,40.295338,-111.2584445
2017-10-09 06:00:00,30.19788642025819,cfe58efd-ce2a-495a-90cd-6826f704ebee,40.295338,-111.2584445
2017-10-10 06:00:00,20.56628236028578,cfe58efd-ce2a-495a-90cd-6826f704ebee,40.295338,-111.2584445
2017-10-11 06:00:00,17.622479133715892,cfe58efd-ce2a-495a-90cd-6826f704ebee,40.295338,-111.2584445
2017-10-12 06:00:00,26.030931652336598,cfe58efd-ce2a-495a-90cd-6826f704ebee,40.295338,-111.2584445
2017-10-13 06:00:00,18.403842550418794,cfe58efd-ce2a-495a-90cd-6826f704ebee,40.295338,-111.2584445
2017-10-14 06:00:00,36.36637868523942,cfe58efd-ce2a-495a-90cd-6826f704ebee,40.295338,-111.2584445
2017-10-15 06:00:00,9.355811588129782,cfe58efd-ce2a-495a-90cd-6826f704ebee,40.295338,-111.2584445
2017-10-16 06:00:00,10.447742736992302,cfe58efd-ce2a-495a-90cd-6826f704ebee,40.295338,-111.2584445
2017-10-17 06:00:00,10.353025782692331,cfe58efd-ce2a-495a-90cd-6826f704ebee,40.295338,-111.2584445
2017-10-18 06:00:00,13.01258396529785,cfe58efd-ce2a-495a-90cd-6826f704ebee,40.295338,-111.2584445
2017-10-19 06:00:00,16.91392886650093,cfe58efd-ce2a-495a-90cd-6826f704ebee,40.295338,-111.2584445
2017-10-20 06:00:00,27.417771580354398,cfe58efd-ce2a-495a-90cd-6826f704ebee,40.295338,-111.2584445
2017-10-21 06:00:00,35.06368852921339,cfe58efd-ce2a-495a-90cd-6826f704ebee,40.295338,-111.2584445
2017-10-22 06:00:00,23.757061033954308,cfe58efd-ce2a-495a-90cd-6826f704ebee,40.295338,-111.2584445
2017-10-23 06:00:00,31.562728022521334,cfe58efd-ce2a-495a-90cd-6826f704ebee,40.295338,-111.2584445
2017-10-24 06:00:00,20.729106254467705,cfe58efd-ce2a-495a-90cd-6826f704ebee,40.295338,-111.2584445
2017-10-25 06:00:00,15.701921168940217,cfe58efd-ce2a-495a-90cd-6826f704ebee,40.295338,-111.2584445
2017-10-26 06:00:00,26.836215010981054,cfe58efd-ce2a-495a-90cd-6826f704ebee,40.295338,-111.2584445
2017-10-27 06:00:00,27.574736522780828,cfe58efd-ce2a-495a-90cd-6826f704ebee,40.295338,-111.2584445
2017-10-28 06:00:00,28.668780248973604,cfe58efd-ce2a-495a-90cd-6826f704ebee,40.295338,-111.2584445
2017-10-29 06:00:00,23.19538932895569,cfe58efd-ce2a-495a-90cd-6826f704ebee,40.295338,-111.2584445
2017-10-30 06:00:00,38.10470678529181,cfe58efd-ce2a-495a-90cd-6826f704ebee,40.295338,-111.2584445
2017-10-31 06:00:00,36.524879341968315,cfe58efd-ce2a-495a-90cd-6826f704ebee,40.295338,-111.2584445
2017-11-01 06:00:00,23.61152749148615,cfe58efd-ce2a-495a-90cd-6826f704ebee,40.295338,-111.2584445
2017-11-02 06:00:00,26.48280544995575,cfe58efd-ce2a-495a-90cd-6826f704ebee,40.295338,-111.2584445
2017-11-03 06:00:00,41.13717699005098,cfe58efd-ce2a-495a-90cd-6826f704ebee,40.295338,-111.2584445
2017-11-04 06:00:00,46.429779518120114,cfe58efd-ce2a-495a-90cd-6826f704ebee,40.295338,-111.2584445
2017-11-05 06:00:00,51.85254676518363,cfe58efd-ce2a-495a-90cd-6826f704ebee,40.295338,-111.2584445
2017-11-06 06:00:00,46.15341004033597,cfe58efd-ce2a-495a-90cd-6826f704ebee,40.295338,-111.2584445
2017-11-07 06:00:00,43.370509914431175,cfe58efd-ce2a-495a-90cd-6826f704ebee,40.295338,-111.2584445
2017-11-08 06:00:00,17.578770703472394,cfe58efd-ce2a-495a-90cd-6826f704ebee,40.295338,-111.2584445
2017-11-09 06:00:00,21.573390836101904,cfe58efd-ce2a-495a-90cd-6826f704ebee,40.295338,-111.2584445
2017-11-10 06:00:00,30.017291540829294,cfe58efd-ce2a-495a-90cd-6826f704ebee,40.295338,-111.2584445
2017-11-11 06:00:00,32.76234273333371,cfe58efd-ce2a-495a-90cd-6826f704ebee,40.295338,-111.2584445
2017-11-12 06:00:00,24.534101744550107,cfe58efd-ce2a-495a-90cd-6826f704ebee,40.295338,-111.2584445
2017-11-13 06:00:00,19.095869460092157,cfe58efd-ce2a-495a-90cd-6826f704ebee,40.295338,-111.2584445
2017-11-14 06:00:00,23.75706061987094,cfe58efd-ce2a-495a-90cd-6826f704ebee,40.295338,-111.2584445
2017-11-15 06:00:00,23.030836209783637,cfe58efd-ce2a-495a-90cd-6826f704ebee,40.295338,-111.2584445
2017-11-16 06:00:00,38.82728224872512,cfe58efd-ce2a-495a-90cd-6826f704ebee,40.295338,-111.2584445
2017-11-17 06:00:00,48.95283404596716,cfe58efd-ce2a-495a-90cd-6826f704ebee,40.295338,-111.2584445
2017-11-18 06:00:00,33.989721058196004,cfe58efd-ce2a-495a-90cd-6826f704ebee,40.295338,-111.2584445
2017-11-19 06:00:00,23.198751117951822,cfe58efd-ce2a-495a-90cd-6826f704ebee,40.295338,-111.2584445
2017-11-20 06:00:00,27.45907712784327,cfe58efd-ce2a-495a-90cd-6826f704ebee,40.295338,-111.2584445
2017-11-21 06:00:00,35.956003058998775,cfe58efd-ce2a-495a-90cd-6826f704ebee,40.295338,-111.2584445
2017-11-22 06:00:00,32.78366965038289,cfe58efd-ce2a-495a-90cd-6826f704ebee,40.295338,-111.2584445
2017-11-23 06:00:00,31.122670198380092,cfe58efd-ce2a-495a-90cd-6826f704ebee,40.295338,-111.2584445
2017-11-24 06:00:00,33.15907733561784,cfe58efd-ce2a-495a-90cd-6826f704ebee,40.295338,-111.2584445
2017-11-25 06:00:00,27.90970289100259,cfe58efd-ce2a-495a-90cd-6826f704ebee,40.295338,-111.2584445
2017-11-26 06:00:00,25.77665666658986,cfe58efd-ce2a-495a-90cd-6826f704ebee,40.295338,-111.2584445
2017-11-27 06:00:00,31.560134301382575,cfe58efd-ce2a-495a-90cd-6826f704ebee,40.295338,-111.2584445
2017-11-28 06:00:00,32.93371757925072,cfe58efd-ce2a-495a-90cd-6826f704ebee,40.295338,-111.2584445
2017-11-29 06:00:00,35.43218166706771,cfe58efd-ce2a-495a-90cd-6826f704ebee,40.295338,-111.2584445
2017-11-30 06:00:00,28.0656104953557,cfe58efd-ce2a-495a-90cd-6826f704ebee,40.295338,-111.2584445
2017-12-01 06:00:00,37.21469683102069,cfe58efd-ce2a-495a-90cd-6826f704ebee,40.295338,-111.2584445
2017-12-02 06:00:00,31.41306464152194,cfe58efd-ce2a-495a-90cd-6826f704ebee,40.295338,-111.2584445
2017-12-03 06:00:00,33.34495679285524,cfe58efd-ce2a-495a-90cd-6826f704ebee,40.295338,-111.2584445
2017-12-04 06:00:00,67.89077880448959,cfe58efd-ce2a-495a-90cd-6826f704ebee,40.295338,-111.2584445
2017-12-05 06:00:00,39.127954056123265,cfe58efd-ce2a-495a-90cd-6826f704ebee,40.295338,-111.2584445
2017-12-06 06:00:00,43.03919420049925,cfe58efd-ce2a-495a-90cd-6826f704ebee,40.295338,-111.2584445
2017-12-07 06:00:00,36.69586869458758,cfe58efd-ce2a-495a-90cd-6826f704ebee,40.295338,-111.2584445
2017-12-08 06:00:00,26.592122784265527,cfe58efd-ce2a-495a-90cd-6826f704ebee,40.295338,-111.2584445
2017-12-09 06:00:00,21.683093654548287,cfe58efd-ce2a-495a-90cd-6826f704ebee,40.295338,-111.2584445
2017-12-10 06:00:00,19.393948167476598,cfe58efd-ce2a-495a-90cd-6826f704ebee,40.295338,-111.2584445
2017-12-11 06:00:00,16.071950073315477,cfe58efd-ce2a-495a-90cd-6826f704ebee,40.295338,-111.2584445
2017-12-12 06:00:00,15.489337125039814,cfe58efd-ce2a-495a-90cd-6826f704ebee,40.295338,-111.2584445
2017-12-13 06:00:00,25.677041556718375,cfe58efd-ce2a-495a-90cd-6826f704ebee,40.295338,-111.2584445
2017-12-14 06:00:00,43.67579171934687,cfe58efd-ce2a-495a-90cd-6826f704ebee,40.295338,-111.2584445
2017-12-15 06:00:00,21.46003851583666,cfe58efd-ce2a-495a-90cd-6826f704ebee,40.295338,-111.2584445
2017-12-16 06:00:00,35.68184448593975,cfe58efd-ce2a-495a-90cd-6826f704ebee,40.295338,-111.2584445
2017-12-17 06:00:00,53.410662985443494,cfe58efd-ce2a-495a-90cd-6826f704ebee,40.295338,-111.2584445
2017-12-18 06:00:00,29.008260741586533,cfe58efd-ce2a-495a-90cd-6826f704ebee,40.295338,-111.2584445
2017-12-19 06:00:00,28.147069905379098,cfe58efd-ce2a-495a-90cd-6826f704ebee,40.295338,-111.2584445
2017-12-20 06:00:00,36.37185415731498,cfe58efd-ce2a-495a-90cd-6826f704ebee,40.295338,-111.2584445
2017-12-21 06:00:00,60.86195946289415,cfe58efd-ce2a-495a-90cd-6826f704ebee,40.295338,-111.2584445
2017-12-22 06:00:00,35.01421761489854,cfe58efd-ce2a-495a-90cd-6826f704ebee,40.295338,-111.2584445
2017-12-23 06:00:00,64.21844359662644,cfe58efd-ce2a-495a-90cd-6826f704ebee,40.295338,-111.2584445
2017-12-24 06:00:00,46.81018177439226,cfe58efd-ce2a-495a-90cd-6826f704ebee,40.295338,-111.2584445
2017-12-25 06:00:00,52.470510510271495,cfe58efd-ce2a-495a-90cd-6826f704ebee,40.295338,-111.2584445
2017-12-26 06:00:00,38.740346276450914,cfe58efd-ce2a-495a-90cd-6826f704ebee,40.295338,-111.2584445
2017-12-27 06:00:00,25.712295849201887,cfe58efd-ce2a-495a-90cd-6826f704ebee,40.295338,-111.2584445
2017-12-28 06:00:00,22.66397684154089,cfe58efd-ce2a-495a-90cd-6826f704ebee,40.295338,-111.2584445
2017-12-29 06:00:00,20.46138359604835,cfe58efd-ce2a-495a-90cd-6826f704ebee,40.295338,-111.2584445
2017-12-30 06:00:00,23.732084741509958,cfe58efd-ce2a-495a-90cd-6826f704ebee,40.295338,-111.2584445
2017-12-31 06:00:00,42.172238110808884,cfe58efd-ce2a-495a-90cd-6826f704ebee,40.295338,-111.2584445
2018-01-01 06:00:00,28.859750012957512,cfe58efd-ce2a-495a-90cd-6826f704ebee,40.295338,-111.2584445
2018-01-02 06:00:00,31.48770391334146,cfe58efd-ce2a-495a-90cd-6826f704ebee,40.295338,-111.2584445
2018-01-03 06:00:00,23.421710194817656,cfe58efd-ce2a-495a-90cd-6826f704ebee,40.295338,-111.2584445
2018-01-04 06:00:00,19.44716627980286,cfe58efd-ce2a-495a-90cd-6826f704ebee,40.295338,-111.2584445
2018-01-05 06:00:00,22.385783643475186,cfe58efd-ce2a-495a-90cd-6826f704ebee,40.295338,-111.2584445
2018-01-06 06:00:00,50.20672446552317,cfe58efd-ce2a-495a-90cd-6826f704ebee,40.295338,-111.2584445
2018-01-07 06:00:00,49.59433261530543,cfe58efd-ce2a-495a-90cd-6826f704ebee,40.295338,-111.2584445
2018-01-08 06:00:00,40.37262305883578,cfe58efd-ce2a-495a-90cd-6826f704ebee,40.295338,-111.2584445
2018-01-09 06:00:00,73.22555201930798,cfe58efd-ce2a-495a-90cd-6826f704ebee,40.295338,-111.2584445
2018-01-10 06:00:00,62.432179398770295,cfe58efd-ce2a-495a-90cd-6826f704ebee,40.295338,-111.2584445
2018-01-11 06:00:00,49.555813062889555,cfe58efd-ce2a-495a-90cd-6826f704ebee,40.295338,-111.2584445
2018-01-12 06:00:00,52.974351166533694,cfe58efd-ce2a-495a-90cd-6826f704ebee,40.295338,-111.2584445
2018-01-13 06:00:00,40.973968066124826,cfe58efd-ce2a-495a-90cd-6826f704ebee,40.295338,-111.2584445
2018-01-14 06:00:00,32.06138226255331,cfe58efd-ce2a-495a-90cd-6826f704ebee,40.295338,-111.2584445
2018-01-15 06:00:00,35.72785832444483,cfe58efd-ce2a-495a-90cd-6826f704ebee,40.295338,-111.2584445
2018-01-16 06:00:00,39.7156569657706,cfe58efd-ce2a-495a-90cd-6826f704ebee,40.295338,-111.2584445
2018-01-17 06:00:00,36.121900820480185,cfe58efd-ce2a-495a-90cd-6826f704ebee,40.295338,-111.2584445
2018-01-18 06:00:00,34.4596536986308,cfe58efd-ce2a-495a-90cd-6826f704ebee,40.295338,-111.2584445
2018-01-19 06:00:00,41.07262336738286,cfe58efd-ce2a-495a-90cd-6826f704ebee,40.295338,-111.2584445
2018-01-20 06:00:00,77.99923162982513,cfe58efd-ce2a-495a-90cd-6826f704ebee,40.295338,-111.2584445
2018-01-21 06:00:00,63.897023438262195,cfe58efd-ce2a-495a-90cd-6826f704ebee,40.295338,-111.2584445
2018-01-22 06:00:00,41.653697912562485,cfe58efd-ce2a-495a-90cd-6826f704ebee,40.295338,-111.2584445
2018-01-23 06:00:00,41.82910782505295,cfe58efd-ce2a-495a-90cd-6826f704ebee,40.295338,-111.2584445
2018-01-24 06:00:00,32.987416658575555,cfe58efd-ce2a-495a-90cd-6826f704ebee,40.295338,-111.2584445
2018-01-25 06:00:00,42.30778126345588,cfe58efd-ce2a-495a-90cd-6826f704ebee,40.295338,-111.2584445
2018-01-26 06:00:00,48.23823186780947,cfe58efd-ce2a-495a-90cd-6826f704ebee,40.295338,-111.2584445
2018-01-27 06:00:00,34.68145916487137,cfe58efd-ce2a-495a-90cd-6826f704ebee,40.295338,-111.2584445
2018-01-28 06:00:00,39.603746064229156,cfe58efd-ce2a-495a-90cd-6826f704ebee,40.295338,-111.2584445
2018-01-29 06:00:00,25.721133689257414,cfe58efd-ce2a-495a-90cd-6826f704ebee,40.295338,-111.2584445
2018-01-30 06:00:00,22.970124137504644,cfe58efd-ce2a-495a-90cd-6826f704ebee,40.295338,-111.2584445
2018-01-31 06:00:00,30.678289691950702,cfe58efd-ce2a-495a-90cd-6826f704ebee,40.295338,-111.2584445
2018-02-01 06:00:00,37.21047124212231,cfe58efd-ce2a-495a-90cd-6826f704ebee,40.295338,-111.2584445
2018-02-02 06:00:00,42.66512871338243,cfe58efd-ce2a-495a-90cd-6826f704ebee,40.295338,-111.2584445
2018-02-03 06:00:00,40.793948581193526,cfe58efd-ce2a-495a-90cd-6826f704ebee,40.295338,-111.2584445
2018-02-04 06:00:00,39.90278665064391,cfe58efd-ce2a-495a-90cd-6826f704ebee,40.295338,-111.2584445
2018-02-05 06:00:00,48.60182539530378,cfe58efd-ce2a-495a-90cd-6826f704ebee,40.295338,-111.2584445
2018-02-06 06:00:00,55.650817138202825,cfe58efd-ce2a-495a-90cd-6826f704ebee,40.295338,-111.2584445
2018-02-07 06:00:00,33.28463068292418,cfe58efd-ce2a-495a-90cd-6826f704ebee,40.295338,-111.2584445
2018-02-08 06:00:00,29.857732761833784,cfe58efd-ce2a-495a-90cd-6826f704ebee,40.295338,-111.2584445
2018-02-09 06:00:00,32.222381622944745,cfe58efd-ce2a-495a-90cd-6826f704ebee,40.295338,-111.2584445
2018-02-10 06:00:00,39.04034544755128,cfe58efd-ce2a-495a-90cd-6826f704ebee,40.295338,-111.2584445
2018-02-11 06:00:00,36.59586949856894,cfe58efd-ce2a-495a-90cd-6826f704ebee,40.295338,-111.2584445
2018-02-12 06:00:00,40.90989408025824,cfe58efd-ce2a-495a-90cd-6826f704ebee,40.295338,-111.2584445
2018-02-13 06:00:00,33.13025821022525,cfe58efd-ce2a-495a-90cd-6826f704ebee,40.295338,-111.2584445
2018-02-14 06:00:00,40.53150808387486,cfe58efd-ce2a-495a-90cd-6826f704ebee,40.295338,-111.2584445
2018-02-15 06:00:00,59.819883363047666,cfe58efd-ce2a-495a-90cd-6826f704ebee,40.295338,-111.2584445
2018-02-16 06:00:00,36.63102794357725,cfe58efd-ce2a-495a-90cd-6826f704ebee,40.295338,-111.2584445
2018-02-17 06:00:00,26.902977739127063,cfe58efd-ce2a-495a-90cd-6826f704ebee,40.295338,-111.2584445
2018-02-18 06:00:00,33.198750458349984,cfe58efd-ce2a-495a-90cd-6826f704ebee,40.295338,-111.2584445
2018-02-19 06:00:00,61.81450511261778,cfe58efd-ce2a-495a-90cd-6826f704ebee,40.295338,-111.2584445
2018-02-20 06:00:00,44.88741702282233,cfe58efd-ce2a-495a-90cd-6826f704ebee,40.295338,-111.2584445
2018-02-21 06:00:00,43.17733000609648,cfe58efd-ce2a-495a-90cd-6826f704ebee,40.295338,-111.2584445
2018-02-22 06:00:00,45.61575483016162,cfe58efd-ce2a-495a-90cd-6826f704ebee,40.295338,-111.2584445
2018-02-23 06:00:00,50.41335215646412,cfe58efd-ce2a-495a-90cd-6826f704ebee,40.295338,-111.2584445
2018-02-24 06:00:00,45.52391917790277,cfe58efd-ce2a-495a-90cd-6826f704ebee,40.295338,-111.2584445
2018-02-25 06:00:00,44.012680357860674,cfe58efd-ce2a-495a-90cd-6826f704ebee,40.295338,-111.2584445
2018-02-26 06:00:00,40.38059599965267,cfe58efd-ce2a-495a-90cd-6826f704ebee,40.295338,-111.2584445
2018-02-27 06:00:00,34.389721396791614,cfe58efd-ce2a-495a-90cd-6826f704ebee,40.295338,-111.2584445
2018-02-28 06:00:00,44.80739722861108,cfe58efd-ce2a-495a-90cd-6826f704ebee,40.295338,-111.2584445
2018-03-01 06:00:00,45.82564852125478,cfe58efd-ce2a-495a-90cd-6826f704ebee,40.295338,-111.2584445
2018-03-02 06:00:00,35.39010663724198,cfe58efd-ce2a-495a-90cd-6826f704ebee,40.295338,-111.2584445
2018-03-03 06:00:00,39.041979178686084,cfe58efd-ce2a-495a-90cd-6826f704ebee,40.295338,-111.2584445
2018-03-04 06:00:00,49.39346775930736,cfe58efd-ce2a-495a-90cd-6826f704ebee,40.295338,-111.2584445
2018-03-05 06:00:00,47.35100972068413,cfe58efd-ce2a-495a-90cd-6826f704ebee,40.295338,-111.2584445
2018-03-06 06:00:00,29.586359436299,cfe58efd-ce2a-495a-90cd-6826f704ebee,40.295338,-111.2584445
2018-03-07 06:00:00,23.00758815475889,cfe58efd-ce2a-495a-90cd-6826f704ebee,40.295338,-111.2584445
2018-03-08 06:00:00,22.49913528031964,cfe58efd-ce2a-495a-90cd-6826f704ebee,40.295338,-111.2584445
2018-03-09 06:00:00,26.700864802863485,cfe58efd-ce2a-495a-90cd-6826f704ebee,40.295338,-111.2584445
2018-03-10 06:00:00,32.78751155255966,cfe58efd-ce2a-495a-90cd-6826f704ebee,40.295338,-111.2584445
2018-03-11 06:00:00,30.16522564370396,cfe58efd-ce2a-495a-90cd-6826f704ebee,40.295338,-111.2584445
2018-03-12 06:00:00,27.60432290068965,cfe58efd-ce2a-495a-90cd-6826f704ebee,40.295338,-111.2584445
2018-03-13 06:00:00,30.755331502982227,cfe58efd-ce2a-495a-90cd-6826f704ebee,40.295338,-111.2584445
2018-03-14 06:00:00,42.38885746863345,cfe58efd-ce2a-495a-90cd-6826f704ebee,40.295338,-111.2584445
2018-03-15 06:00:00,39.65859847201624,cfe58efd-ce2a-495a-90cd-6826f704ebee,40.295338,-111.2584445
2018-03-16 06:00:00,43.970029524950654,cfe58efd-ce2a-495a-90cd-6826f704ebee,40.295338,-111.2584445
2018-03-17 06:00:00,46.676849390885565,cfe58efd-ce2a-495a-90cd-6826f704ebee,40.295338,-111.2584445
2018-03-18 06:00:00,54.96167194465396,cfe58efd-ce2a-495a-90cd-6826f704ebee,40.295338,-111.2584445
2018-03-19 06:00:00,33.20105651063947,cfe58efd-ce2a-495a-90cd-6826f704ebee,40.295338,-111.2584445
2018-03-20 06:00:00,27.35417935667304,cfe58efd-ce2a-495a-90cd-6826f704ebee,40.295338,-111.2584445
2018-03-21 06:00:00,29.40355426227669,cfe58efd-ce2a-495a-90cd-6826f704ebee,40.295338,-111.2584445
2018-03-22 06:00:00,59.993372049615665,cfe58efd-ce2a-495a-90cd-6826f704ebee,40.295338,-111.2584445
2018-03-23 06:00:00,46.03304599685009,cfe58efd-ce2a-495a-90cd-6826f704ebee,40.295338,-111.2584445
2018-03-24 06:00:00,32.650047203305824,cfe58efd-ce2a-495a-90cd-6826f704ebee,40.295338,-111.2584445
2018-03-25 06:00:00,34.5862632736807,cfe58efd-ce2a-495a-90cd-6826f704ebee,40.295338,-111.2584445
2018-03-26 06:00:00,48.49346721916676,cfe58efd-ce2a-495a-90cd-6826f704ebee,40.295338,-111.2584445
2018-03-27 06:00:00,31.43938589874766,cfe58efd-ce2a-495a-90cd-6826f704ebee,40.295338,-111.2584445
2018-03-28 06:00:00,38.95936640905258,cfe58efd-ce2a-495a-90cd-6826f704ebee,40.295338,-111.2584445
2018-03-29 06:00:00,30.832757149145767,cfe58efd-ce2a-495a-90cd-6826f704ebee,40.295338,-111.2584445
2018-03-30 06:00:00,27.491739251084564,cfe58efd-ce2a-495a-90cd-6826f704ebee,40.295338,-111.2584445
2018-03-31 06:00:00,24.14562924336517,cfe58efd-ce2a-495a-90cd-6826f704ebee,40.295338,-111.2584445
2018-04-01 06:00:00,28.028915033331295,cfe58efd-ce2a-495a-90cd-6826f704ebee,40.295338,-111.2584445
2018-04-02 06:00:00,31.926128757561088,cfe58efd-ce2a-495a-90cd-6826f704ebee,40.295338,-111.2584445
2018-04-03 06:00:00,18.767435042704676,cfe58efd-ce2a-495a-90cd-6826f704ebee,40.295338,-111.2584445
2018-04-04 06:00:00,20.90297820634503,cfe58efd-ce2a-495a-90cd-6826f704ebee,40.295338,-111.2584445
2018-04-05 06:00:00,30.518251133239925,cfe58efd-ce2a-495a-90cd-6826f704ebee,40.295338,-111.2584445
2018-04-06 06:00:00,52.98174798545873,cfe58efd-ce2a-495a-90cd-6826f704ebee,40.295338,-111.2584445
2018-04-07 06:00:00,72.58722415597937,cfe58efd-ce2a-495a-90cd-6826f704ebee,40.295338,-111.2584445
2018-04-08 06:00:00,55.81825062498007,cfe58efd-ce2a-495a-90cd-6826f704ebee,40.295338,-111.2584445
2018-04-09 06:00:00,35.067242207376005,cfe58efd-ce2a-495a-90cd-6826f704ebee,40.295338,-111.2584445
2018-04-10 06:00:00,23.308261378468746,cfe58efd-ce2a-495a-90cd-6826f704ebee,40.295338,-111.2584445
2018-04-11 06:00:00,25.248510809613467,cfe58efd-ce2a-495a-90cd-6826f704ebee,40.295338,-111.2584445
2018-04-12 06:00:00,27.073102700034667,cfe58efd-ce2a-495a-90cd-6826f704ebee,40.295338,-111.2584445
2018-04-13 06:00:00,48.421902391798334,cfe58efd-ce2a-495a-90cd-6826f704ebee,40.295338,-111.2584445
2018-04-14 06:00:00,27.66666710090454,cfe58efd-ce2a-495a-90cd-6826f704ebee,40.295338,-111.2584445
2018-04-15 06:00:00,24.721997892249675,cfe58efd-ce2a-495a-90cd-6826f704ebee,40.295338,-111.2584445
2018-04-16 06:00:00,19.089529742883105,cfe58efd-ce2a-495a-90cd-6826f704ebee,40.295338,-111.2584445
2018-04-17 06:00:00,44.73333315157639,cfe58efd-ce2a-495a-90cd-6826f704ebee,40.295338,-111.2584445
2018-04-18 06:00:00,22.52219038898274,cfe58efd-ce2a-495a-90cd-6826f704ebee,40.295338,-111.2584445
2018-04-19 06:00:00,20.179538657182004,cfe58efd-ce2a-495a-90cd-6826f704ebee,40.295338,-111.2584445
2018-04-20 06:00:00,41.732757751582106,cfe58efd-ce2a-495a-90cd-6826f704ebee,40.295338,-111.2584445
2018-04-21 06:00:00,24.46724286111471,cfe58efd-ce2a-495a-90cd-6826f704ebee,40.295338,-111.2584445
2018-04-22 06:00:00,18.297117432989147,cfe58efd-ce2a-495a-90cd-6826f704ebee,40.295338,-111.2584445
2018-04-23 06:00:00,26.175120594636624,cfe58efd-ce2a-495a-90cd-6826f704ebee,40.295338,-111.2584445
2018-04-24 06:00:00,24.940633881905118,cfe58efd-ce2a-495a-90cd-6826f704ebee,40.295338,-111.2584445
2018-04-25 06:00:00,18.63861631087451,cfe58efd-ce2a-495a-90cd-6826f704ebee,40.295338,-111.2584445
2018-04-26 06:00:00,19.040730273918275,cfe58efd-ce2a-495a-90cd-6826f704ebee,40.295338,-111.2584445
2018-04-27 06:00:00,15.711431347556577,cfe58efd-ce2a-495a-90cd-6826f704ebee,40.295338,-111.2584445
2018-04-28 06:00:00,14.83535045894949,cfe58efd-ce2a-495a-90cd-6826f704ebee,40.295338,-111.2584445
2018-04-29 06:00:00,23.51652279138336,cfe58efd-ce2a-495a-90cd-6826f704ebee,40.295338,-111.2584445
2018-04-30 06:00:00,49.448126240491185,cfe58efd-ce2a-495a-90cd-6826f704ebee,40.295338,-111.2584445
2018-05-01 06:00:00,33.725456028919055,cfe58efd-ce2a-495a-90cd-6826f704ebee,40.295338,-111.2584445
2018-05-02 06:00:00,57.33381405481345,cfe58efd-ce2a-495a-90cd-6826f704ebee,40.295338,-111.2584445
2018-05-03 06:00:00,38.418637018267866,cfe58efd-ce2a-495a-90cd-6826f704ebee,40.295338,-111.2584445
2018-05-04 06:00:00,22.763401278844828,cfe58efd-ce2a-495a-90cd-6826f704ebee,40.295338,-111.2584445
2018-05-05 06:00:00,19.704419406300897,cfe58efd-ce2a-495a-90cd-6826f704ebee,40.295338,-111.2584445
2018-05-06 06:00:00,19.61556235101794,cfe58efd-ce2a-495a-90cd-6826f704ebee,40.295338,-111.2584445
2018-05-07 06:00:00,18.63736828924027,cfe58efd-ce2a-495a-90cd-6826f704ebee,40.295338,-111.2584445
2018-05-08 06:00:00,22.34735757679348,cfe58efd-ce2a-495a-90cd-6826f704ebee,40.295338,-111.2584445
2018-05-09 06:00:00,20.269836539379344,cfe58efd-ce2a-495a-90cd-6826f704ebee,40.295338,-111.2584445
2018-05-10 06:00:00,27.036599312231704,cfe58efd-ce2a-495a-90cd-6826f704ebee,40.295338,-111.2584445
2018-05-11 06:00:00,57.54005790512569,cfe58efd-ce2a-495a-90cd-6826f704ebee,40.295338,-111.2584445
2018-05-12 06:00:00,51.521325693121334,cfe58efd-ce2a-495a-90cd-6826f704ebee,40.295338,-111.2584445
2018-05-13 06:00:00,30.406723848795455,cfe58efd-ce2a-495a-90cd-6826f704ebee,40.295338,-111.2584445
2018-05-14 06:00:00,35.891354673534025,cfe58efd-ce2a-495a-90cd-6826f704ebee,40.295338,-111.2584445
2018-05-15 06:00:00,33.38270833787726,cfe58efd-ce2a-495a-90cd-6826f704ebee,40.295338,-111.2584445
2018-05-16 06:00:00,23.626608327303106,cfe58efd-ce2a-495a-90cd-6826f704ebee,40.295338,-111.2584445
2018-05-17 06:00:00,21.04044203891076,cfe58efd-ce2a-495a-90cd-6826f704ebee,40.295338,-111.2584445
2018-05-18 06:00:00,31.582324750828814,cfe58efd-ce2a-495a-90cd-6826f704ebee,40.295338,-111.2584445
2018-05-19 06:00:00,31.851969063911838,cfe58efd-ce2a-495a-90cd-6826f704ebee,40.295338,-111.2584445
2018-05-20 06:00:00,31.10365042929233,cfe58efd-ce2a-495a-90cd-6826f704ebee,40.295338,-111.2584445
2018-05-21 06:00:00,26.28885678484621,cfe58efd-ce2a-495a-90cd-6826f704ebee,40.295338,-111.2584445
2018-05-22 06:00:00,36.466378255032446,cfe58efd-ce2a-495a-90cd-6826f704ebee,40.295338,-111.2584445
2018-05-23 06:00:00,35.633910733386955,cfe58efd-ce2a-495a-90cd-6826f704ebee,40.295338,-111.2584445
2018-05-24 06:00:00,25.347357576793485,cfe58efd-ce2a-495a-90cd-6826f704ebee,40.295338,-111.2584445
2018-05-25 06:00:00,18.108261650737724,cfe58efd-ce2a-495a-90cd-6826f704ebee,40.295338,-111.2584445
2018-05-26 06:00:00,18.24005778309935,cfe58efd-ce2a-495a-90cd-6826f704ebee,40.295338,-111.2584445
2018-05-27 06:00:00,35.88607023680702,cfe58efd-ce2a-495a-90cd-6826f704ebee,40.295338,-111.2584445
2018-05-28 06:00:00,39.84073143115305,cfe58efd-ce2a-495a-90cd-6826f704ebee,40.295338,-111.2584445
2018-05-29 06:00:00,37.88117062644702,cfe58efd-ce2a-495a-90cd-6826f704ebee,40.295338,-111.2584445
2018-05-30 06:00:00,25.709606077210708,cfe58efd-ce2a-495a-90cd-6826f704ebee,40.295338,-111.2584445
2018-05-31 06:00:00,21.48097975636536,cfe58efd-ce2a-495a-90cd-6826f704ebee,40.295338,-111.2584445
2018-06-01 06:00:00,32.51873165500726,cfe58efd-ce2a-495a-90cd-6826f704ebee,40.295338,-111.2584445
2018-06-02 06:00:00,20.021133505301794,cfe58efd-ce2a-495a-90cd-6826f704ebee,40.295338,-111.2584445
2018-06-03 06:00:00,20.555619555866343,cfe58efd-ce2a-495a-90cd-6826f704ebee,40.295338,-111.2584445
2018-06-04 06:00:00,18.126417288290092,cfe58efd-ce2a-495a-90cd-6826f704ebee,40.295338,-111.2584445
2018-06-05 06:00:00,17.607204919131643,cfe58efd-ce2a-495a-90cd-6826f704ebee,40.295338,-111.2584445
2018-06-06 06:00:00,16.977425365466324,cfe58efd-ce2a-495a-90cd-6826f704ebee,40.295338,-111.2584445
2018-06-07 06:00:00,17.677522138949204,cfe58efd-ce2a-495a-90cd-6826f704ebee,40.295338,-111.2584445
2018-06-08 06:00:00,17.766858935470655,cfe58efd-ce2a-495a-90cd-6826f704ebee,40.295338,-111.2584445
2018-06-09 06:00:00,15.640249910088944,cfe58efd-ce2a-495a-90cd-6826f704ebee,40.295338,-111.2584445
2018-06-10 06:00:00,24.89029825523882,cfe58efd-ce2a-495a-90cd-6826f704ebee,40.295338,-111.2584445
2018-06-11 06:00:00,18.628530496822652,cfe58efd-ce2a-495a-90cd-6826f704ebee,40.295338,-111.2584445
2018-06-12 06:00:00,21.080211489161663,cfe58efd-ce2a-495a-90cd-6826f704ebee,40.295338,-111.2584445
2018-06-13 06:00:00,18.358885148531193,cfe58efd-ce2a-495a-90cd-6826f704ebee,40.295338,-111.2584445
2018-06-14 06:00:00,17.280115369417487,cfe58efd-ce2a-495a-90cd-6826f704ebee,40.295338,-111.2584445
2018-06-15 06:00:00,19.393371250398108,cfe58efd-ce2a-495a-90cd-6826f704ebee,40.295338,-111.2584445
2018-06-16 06:00:00,28.218828226945128,cfe58efd-ce2a-495a-90cd-6826f704ebee,40.295338,-111.2584445
2018-06-17 06:00:00,32.56925993304661,cfe58efd-ce2a-495a-90cd-6826f704ebee,40.295338,-111.2584445
2018-06-18 06:00:00,31.46974104808914,cfe58efd-ce2a-495a-90cd-6826f704ebee,40.295338,-111.2584445
2018-06-19 06:00:00,30.7757923829796,cfe58efd-ce2a-495a-90cd-6826f704ebee,40.295338,-111.2584445
2018-06-20 06:00:00,25.7460131100115,cfe58efd-ce2a-495a-90cd-6826f704ebee,40.295338,-111.2584445
2018-06-21 06:00:00,17.809318069765823,cfe58efd-ce2a-495a-90cd-6826f704ebee,40.295338,-111.2584445
2018-06-22 06:00:00,22.14918364159312,cfe58efd-ce2a-495a-90cd-6826f704ebee,40.295338,-111.2584445
2018-06-23 06:00:00,18.112007859346384,cfe58efd-ce2a-495a-90cd-6826f704ebee,40.295338,-111.2584445
2018-06-24 06:00:00,26.978386714982943,cfe58efd-ce2a-495a-90cd-6826f704ebee,40.295338,-111.2584445
2018-06-25 06:00:00,18.976945004934997,cfe58efd-ce2a-495a-90cd-6826f704ebee,40.295338,-111.2584445
2018-06-26 06:00:00,15.929106257032823,cfe58efd-ce2a-495a-90cd-6826f704ebee,40.295338,-111.2584445
2018-06-27 06:00:00,16.164169593686445,cfe58efd-ce2a-495a-90cd-6826f704ebee,40.295338,-111.2584445
2018-06-28 06:00:00,14.76685875316404,cfe58efd-ce2a-495a-90cd-6826f704ebee,40.295338,-111.2584445
2018-06-29 06:00:00,25.88693588909109,cfe58efd-ce2a-495a-90cd-6826f704ebee,40.295338,-111.2584445
2018-06-30 06:00:00,25.064553470593253,cfe58efd-ce2a-495a-90cd-6826f704ebee,40.295338,-111.2584445
2018-07-01 06:00:00,20.41277569194578,cfe58efd-ce2a-495a-90cd-6826f704ebee,40.295338,-111.2584445
2018-07-02 06:00:00,16.356292097987637,cfe58efd-ce2a-495a-90cd-6826f704ebee,40.295338,-111.2584445
2018-07-03 06:00:00,17.55360240917957,cfe58efd-ce2a-495a-90cd-6826f704ebee,40.295338,-111.2584445
2018-07-04 06:00:00,15.383381228854631,cfe58efd-ce2a-495a-90cd-6826f704ebee,40.295338,-111.2584445
2018-07-05 06:00:00,16.72862622007284,cfe58efd-ce2a-495a-90cd-6826f704ebee,40.295338,-111.2584445
2018-07-06 06:00:00,19.718060085798662,cfe58efd-ce2a-495a-90cd-6826f704ebee,40.295338,-111.2584445
2018-07-07 06:00:00,19.550528378811855,cfe58efd-ce2a-495a-90cd-6826f704ebee,40.295338,-111.2584445
2018-07-08 06:00:00,21.6717582761268,cfe58efd-ce2a-495a-90cd-6826f704ebee,40.295338,-111.2584445
2018-07-09 06:00:00,24.49558147023665,cfe58efd-ce2a-495a-90cd-6826f704ebee,40.295338,-111.2584445
2018-07-10 06:00:00,26.271757470313226,cfe58efd-ce2a-495a-90cd-6826f704ebee,40.295338,-111.2584445
2018-07-11 06:00:00,30.694908827342857,cfe58efd-ce2a-495a-90cd-6826f704ebee,40.295338,-111.2584445
2018-07-12 06:00:00,28.790297406551137,cfe58efd-ce2a-495a-90cd-6826f704ebee,40.295338,-111.2584445
2018-07-13 06:00:00,23.614793500799497,cfe58efd-ce2a-495a-90cd-6826f704ebee,40.295338,-111.2584445
2018-07-14 06:00:00,30.13823248856807,cfe58efd-ce2a-495a-90cd-6826f704ebee,40.295338,-111.2584445
2018-07-15 06:00:00,22.844572400726115,cfe58efd-ce2a-495a-90cd-6826f704ebee,40.295338,-111.2584445
2018-07-16 06:00:00,21.24716672430121,cfe58efd-ce2a-495a-90cd-6826f704ebee,40.295338,-111.2584445
2018-07-17 06:00:00,25.182324978391446,cfe58efd-ce2a-495a-90cd-6826f704ebee,40.295338,-111.2584445
2018-07-18 06:00:00,18.423342494982926,cfe58efd-ce2a-495a-90cd-6826f704ebee,40.295338,-111.2584445
2018-07-19 06:00:00,15.293563818954482,cfe58efd-ce2a-495a-90cd-6826f704ebee,40.295338,-111.2584445
2018-07-20 06:00:00,21.92593606404681,cfe58efd-ce2a-495a-90cd-6826f704ebee,40.295338,-111.2584445
2018-07-21 06:00:00,22.795677905123927,cfe58efd-ce2a-495a-90cd-6826f704ebee,40.295338,-111.2584445
2018-07-22 06:00:00,29.84409188811992,cfe58efd-ce2a-495a-90cd-6826f704ebee,40.295338,-111.2584445
2018-07-23 06:00:00,24.798271574960324,cfe58efd-ce2a-495a-90cd-6826f704ebee,40.295338,-111.2584445
2018-07-24 06:00:00,19.934005207790996,cfe58efd-ce2a-495a-90cd-6826f704ebee,40.295338,-111.2584445
2018-07-25 06:00:00,21.252546187665576,cfe58efd-ce2a-495a-90cd-6826f704ebee,40.295338,-111.2584445
2018-07-26 06:00:00,19.69087458343946,cfe58efd-ce2a-495a-90cd-6826f704ebee,40.295338,-111.2584445
2018-07-27 06:00:00,17.66378514292604,cfe58efd-ce2a-495a-90cd-6826f704ebee,40.295338,-111.2584445
2018-07-28 06:00:00,16.677714110565915,cfe58efd-ce2a-495a-90cd-6826f704ebee,40.295338,-111.2584445
2018-07-29 06:00:00,14.85638782453583,cfe58efd-ce2a-495a-90cd-6826f704ebee,40.295338,-111.2584445
2018-07-30 06:00:00,11.618636277864809,cfe58efd-ce2a-495a-90cd-6826f704ebee,40.295338,-111.2584445
2018-07-31 06:00:00,12.429875186953145,cfe58efd-ce2a-495a-90cd-6826f704ebee,40.295338,-111.2584445
2018-08-01 06:00:00,19.867530714652492,cfe58efd-ce2a-495a-90cd-6826f704ebee,40.295338,-111.2584445
2018-08-02 06:00:00,29.1296823558386,cfe58efd-ce2a-495a-90cd-6826f704ebee,40.295338,-111.2584445
2018-08-03 06:00:00,27.202593245492547,cfe58efd-ce2a-495a-90cd-6826f704ebee,40.295338,-111.2584445
2018-08-04 06:00:00,22.08616732360078,cfe58efd-ce2a-495a-90cd-6826f704ebee,40.295338,-111.2584445
2018-08-05 06:00:00,20.643036088384655,cfe58efd-ce2a-495a-90cd-6826f704ebee,40.295338,-111.2584445
2018-08-06 06:00:00,12.070797656386318,cfe58efd-ce2a-495a-90cd-6826f704ebee,40.295338,-111.2584445
2018-08-07 06:00:00,12.413832676399226,cfe58efd-ce2a-495a-90cd-6826f704ebee,40.295338,-111.2584445
2018-08-08 06:00:00,12.021806115032271,cfe58efd-ce2a-495a-90cd-6826f704ebee,40.295338,-111.2584445
2018-08-09 06:00:00,11.184053618901059,cfe58efd-ce2a-495a-90cd-6826f704ebee,40.295338,-111.2584445
2018-08-10 06:00:00,12.60528373260205,cfe58efd-ce2a-495a-90cd-6826f704ebee,40.295338,-111.2584445
2018-08-11 06:00:00,12.492026866799243,cfe58efd-ce2a-495a-90cd-6826f704ebee,40.295338,-111.2584445
2018-08-12 06:00:00,14.007973133200757,cfe58efd-ce2a-495a-90cd-6826f704ebee,40.295338,-111.2584445
2018-08-13 06:00:00,17.145725820066836,cfe58efd-ce2a-495a-90cd-6826f704ebee,40.295338,-111.2584445
2018-08-14 06:00:00,18.383476981054013,cfe58efd-ce2a-495a-90cd-6826f704ebee,40.295338,-111.2584445
2018-08-15 06:00:00,19.410662483413216,cfe58efd-ce2a-495a-90cd-6826f704ebee,40.295338,-111.2584445
2018-08-16 06:00:00,21.904706496899227,cfe58efd-ce2a-495a-90cd-6826f704ebee,40.295338,-111.2584445
2018-08-17 06:00:00,20.010662864882942,cfe58efd-ce2a-495a-90cd-6826f704ebee,40.295338,-111.2584445
2018-08-18 06:00:00,26.005283300746072,cfe58efd-ce2a-495a-90cd-6826f704ebee,40.295338,-111.2584445
2018-08-19 06:00:00,16.8947162170117,cfe58efd-ce2a-495a-90cd-6826f704ebee,40.295338,-111.2584445
2018-08-20 06:00:00,19.713353207429712,cfe58efd-ce2a-495a-90cd-6826f704ebee,40.295338,-111.2584445
2018-08-21 06:00:00,35.92353466814465,cfe58efd-ce2a-495a-90cd-6826f704ebee,40.295338,-111.2584445
2018-08-22 06:00:00,48.269164987760135,cfe58efd-ce2a-495a-90cd-6826f704ebee,40.295338,-111.2584445
2018-08-23 06:00:00,34.507877122657334,cfe58efd-ce2a-495a-90cd-6826f704ebee,40.295338,-111.2584445
2018-08-24 06:00:00,25.696734508107653,cfe58efd-ce2a-495a-90cd-6826f704ebee,40.295338,-111.2584445
2018-08-25 06:00:00,21.496733745168196,cfe58efd-ce2a-495a-90cd-6826f704ebee,40.295338,-111.2584445
2018-08-26 06:00:00,17.780787954412897,cfe58efd-ce2a-495a-90cd-6826f704ebee,40.295338,-111.2584445
2018-08-27 06:00:00,25.097310649787545,cfe58efd-ce2a-495a-90cd-6826f704ebee,40.295338,-111.2584445
2018-08-28 06:00:00,27.819211758293868,cfe58efd-ce2a-495a-90cd-6826f704ebee,40.295338,-111.2584445
2018-08-29 06:00:00,17.94361174782232,cfe58efd-ce2a-495a-90cd-6826f704ebee,40.295338,-111.2584445
2018-08-30 06:00:00,16.791930093316363,cfe58efd-ce2a-495a-90cd-6826f704ebee,40.295338,-111.2584445
2018-08-31 06:00:00,16.3509120666328,cfe58efd-ce2a-495a-90cd-6826f704ebee,40.295338,-111.2584445
2018-09-01 06:00:00,15.075888909478238,cfe58efd-ce2a-495a-90cd-6826f704ebee,40.295338,-111.2584445
2018-09-02 06:00:00,12.397790373803103,cfe58efd-ce2a-495a-90cd-6826f704ebee,40.295338,-111.2584445
2018-09-03 06:00:00,10.9919305466094,cfe58efd-ce2a-495a-90cd-6826f704ebee,40.295338,-111.2584445
2018-09-04 06:00:00,12.272718292148381,cfe58efd-ce2a-495a-90cd-6826f704ebee,40.295338,-111.2584445
2018-09-05 06:00:00,15.164745731152218,cfe58efd-ce2a-495a-90cd-6826f704ebee,40.295338,-111.2584445
2018-09-06 06:00:00,20.667819427138443,cfe58efd-ce2a-495a-90cd-6826f704ebee,40.295338,-111.2584445
2018-09-07 06:00:00,18.432756911322667,cfe58efd-ce2a-495a-90cd-6826f704ebee,40.295338,-111.2584445
2018-09-08 06:00:00,13.756772335393284,cfe58efd-ce2a-495a-90cd-6826f704ebee,40.295338,-111.2584445
2018-09-09 06:00:00,13.403073775321674,cfe58efd-ce2a-495a-90cd-6826f704ebee,40.295338,-111.2584445
2018-09-10 06:00:00,11.146205870951745,cfe58efd-ce2a-495a-90cd-6826f704ebee,40.295338,-111.2584445
2018-09-11 06:00:00,12.089817643509132,cfe58efd-ce2a-495a-90cd-6826f704ebee,40.295338,-111.2584445
2018-09-12 06:00:00,11.30835733862592,cfe58efd-ce2a-495a-90cd-6826f704ebee,40.295338,-111.2584445
2018-09-13 06:00:00,11.465321517013564,cfe58efd-ce2a-495a-90cd-6826f704ebee,40.295338,-111.2584445
2018-09-14 06:00:00,8.932949009363062,cfe58efd-ce2a-495a-90cd-6826f704ebee,40.295338,-111.2584445
2018-09-15 06:00:00,11.678674414796857,cfe58efd-ce2a-495a-90cd-6826f704ebee,40.295338,-111.2584445
2018-09-16 06:00:00,17.45139280863386,cfe58efd-ce2a-495a-90cd-6826f704ebee,40.295338,-111.2584445
2018-09-17 06:00:00,20.018923666932974,cfe58efd-ce2a-495a-90cd-6826f704ebee,40.295338,-111.2584445
2018-09-18 06:00:00,14.783861567948897,cfe58efd-ce2a-495a-90cd-6826f704ebee,40.295338,-111.2584445
2018-09-19 06:00:00,10.040922138349698,cfe58efd-ce2a-495a-90cd-6826f704ebee,40.295338,-111.2584445
2018-09-20 06:00:00,14.281268182107743,cfe58efd-ce2a-495a-90cd-6826f704ebee,40.295338,-111.2584445
2018-09-21 06:00:00,7.386647524453493,cfe58efd-ce2a-495a-90cd-6826f704ebee,40.295338,-111.2584445
2018-09-22 06:00:00,11.121709740242055,cfe58efd-ce2a-495a-90cd-6826f704ebee,40.295338,-111.2584445
2018-09-23 06:00:00,18.345533638476873,cfe58efd-ce2a-495a-90cd-6826f704ebee,40.295338,-111.2584445
2018-09-24 06:00:00,21.691738775438353,cfe58efd-ce2a-495a-90cd-6826f704ebee,40.295338,-111.2584445
2018-09-25 06:00:00,12.075888625483003,cfe58efd-ce2a-495a-90cd-6826f704ebee,40.295338,-111.2584445
2018-09-26 06:00:00,12.314313015493491,cfe58efd-ce2a-495a-90cd-6826f704ebee,40.295338,-111.2584445
2018-09-27 06:00:00,9.24889503042934,cfe58efd-ce2a-495a-90cd-6826f704ebee,40.295338,-111.2584445
2018-09-28 06:00:00,9.346205680216883,cfe58efd-ce2a-495a-90cd-6826f704ebee,40.295338,-111.2584445
2018-09-29 06:00:00,13.210470759330406,cfe58efd-ce2a-495a-90cd-6826f704ebee,40.295338,-111.2584445
2018-09-30 06:00:00,21.550623874499408,cfe58efd-ce2a-495a-90cd-6826f704ebee,40.295338,-111.2584445
2018-10-01 06:00:00,19.98847196104433,cfe58efd-ce2a-495a-90cd-6826f704ebee,40.295338,-111.2584445
2018-10-02 06:00:00,38.47223761171017,cfe58efd-ce2a-495a-90cd-6826f704ebee,40.295338,-111.2584445
2018-10-03 06:00:00,45.584149612588,cfe58efd-ce2a-495a-90cd-6826f704ebee,40.295338,-111.2584445
2018-10-04 06:00:00,69.95110259482085,cfe58efd-ce2a-495a-90cd-6826f704ebee,40.295338,-111.2584445
2018-10-05 06:00:00,56.42420771486134,cfe58efd-ce2a-495a-90cd-6826f704ebee,40.295338,-111.2584445
2018-10-06 06:00:00,51.58674467308491,cfe58efd-ce2a-495a-90cd-6826f704ebee,40.295338,-111.2584445
2018-10-07 06:00:00,79.28309277361338,cfe58efd-ce2a-495a-90cd-6826f704ebee,40.295338,-111.2584445
2018-10-08 06:00:00,67.88558966556957,cfe58efd-ce2a-495a-90cd-6826f704ebee,40.295338,-111.2584445
2018-10-09 06:00:00,54.21786636440486,cfe58efd-ce2a-495a-90cd-6826f704ebee,40.295338,-111.2584445
2018-10-10 06:00:00,73.00700972059619,cfe58efd-ce2a-495a-90cd-6826f704ebee,40.295338,-111.2584445
2018-10-11 06:00:00,55.84687726023562,cfe58efd-ce2a-495a-90cd-6826f704ebee,40.295338,-111.2584445
2018-10-12 06:00:00,38.71075787576315,cfe58efd-ce2a-495a-90cd-6826f704ebee,40.295338,-111.2584445
2018-10-13 06:00:00,33.24649356398643,cfe58efd-ce2a-495a-90cd-6826f704ebee,40.295338,-111.2584445
2018-10-14 06:00:00,53.276848894718405,cfe58efd-ce2a-495a-90cd-6826f704ebee,40.295338,-111.2584445
2018-10-15 06:00:00,28.43429410423257,cfe58efd-ce2a-495a-90cd-6826f704ebee,40.295338,-111.2584445
2018-10-16 06:00:00,27.09644593193941,cfe58efd-ce2a-495a-90cd-6826f704ebee,40.295338,-111.2584445
2018-10-17 06:00:00,37.5723334247395,cfe58efd-ce2a-495a-90cd-6826f704ebee,40.295338,-111.2584445
2018-10-18 06:00:00,42.58366888744344,cfe58efd-ce2a-495a-90cd-6826f704ebee,40.295338,-111.2584445
2018-10-19 06:00:00,28.26320805948131,cfe58efd-ce2a-495a-90cd-6826f704ebee,40.295338,-111.2584445
2018-10-20 06:00:00,26.909029221328606,cfe58efd-ce2a-495a-90cd-6826f704ebee,40.295338,-111.2584445
2018-10-21 06:00:00,31.567338890346853,cfe58efd-ce2a-495a-90cd-6826f704ebee,40.295338,-111.2584445
2018-10-22 06:00:00,40.884246250852506,cfe58efd-ce2a-495a-90cd-6826f704ebee,40.295338,-111.2584445
2018-10-23 06:00:00,44.19433104911753,cfe58efd-ce2a-495a-90cd-6826f704ebee,40.295338,-111.2584445
2018-10-24 06:00:00,32.88952861716265,cfe58efd-ce2a-495a-90cd-6826f704ebee,40.295338,-111.2584445
2018-10-25 06:00:00,51.779828099993765,cfe58efd-ce2a-495a-90cd-6826f704ebee,40.295338,-111.2584445
2018-10-26 06:00:00,34.0850142076769,cfe58efd-ce2a-495a-90cd-6826f704ebee,40.295338,-111.2584445
2018-10-27 06:00:00,24.665417983598367,cfe58efd-ce2a-495a-90cd-6826f704ebee,40.295338,-111.2584445
2018-10-28 06:00:00,21.314408971986214,cfe58efd-ce2a-495a-90cd-6826f704ebee,40.295338,-111.2584445
2018-10-29 06:00:00,27.419020069206596,cfe58efd-ce2a-495a-90cd-6826f704ebee,40.295338,-111.2584445
2018-10-30 06:00:00,40.62776199472741,cfe58efd-ce2a-495a-90cd-6826f704ebee,40.295338,-111.2584445
2018-10-31 06:00:00,29.44217128002449,cfe58efd-ce2a-495a-90cd-6826f704ebee,40.295338,-111.2584445
2018-11-01 06:00:00,51.9365997974055,cfe58efd-ce2a-495a-90cd-6826f704ebee,40.295338,-111.2584445
2018-11-02 06:00:00,42.48059586993098,cfe58efd-ce2a-495a-90cd-6826f704ebee,40.295338,-111.2584445
2018-11-03 06:00:00,40.18088368059464,cfe58efd-ce2a-495a-90cd-6826f704ebee,40.295338,-111.2584445
2018-11-04 06:00:00,40.43342924896739,cfe58efd-ce2a-495a-90cd-6826f704ebee,40.295338,-111.2584445
2018-11-05 06:00:00,36.894236583874616,cfe58efd-ce2a-495a-90cd-6826f704ebee,40.295338,-111.2584445
2018-11-06 06:00:00,33.19644497771543,cfe58efd-ce2a-495a-90cd-6826f704ebee,40.295338,-111.2584445
2018-11-07 06:00:00,29.422382488488925,cfe58efd-ce2a-495a-90cd-6826f704ebee,40.295338,-111.2584445
2018-11-08 06:00:00,32.53352434009915,cfe58efd-ce2a-495a-90cd-6826f704ebee,40.295338,-111.2584445
2018-11-09 06:00:00,20.853602307674173,cfe58efd-ce2a-495a-90cd-6826f704ebee,40.295338,-111.2584445
2018-11-10 06:00:00,22.1502401514997,cfe58efd-ce2a-495a-90cd-6826f704ebee,40.295338,-111.2584445
2018-11-11 06:00:00,36.198462893937666,cfe58efd-ce2a-495a-90cd-6826f704ebee,40.295338,-111.2584445
2018-11-12 06:00:00,26.611815728325897,cfe58efd-ce2a-495a-90cd-6826f704ebee,40.295338,-111.2584445
2018-11-13 06:00:00,16.531027688531207,cfe58efd-ce2a-495a-90cd-6826f704ebee,40.295338,-111.2584445
2018-11-14 06:00:00,14.654370870416148,cfe58efd-ce2a-495a-90cd-6826f704ebee,40.295338,-111.2584445
2018-11-15 06:00:00,20.01181534502394,cfe58efd-ce2a-495a-90cd-6826f704ebee,40.295338,-111.2584445
2018-11-16 06:00:00,19.365802010014928,cfe58efd-ce2a-495a-90cd-6826f704ebee,40.295338,-111.2584445
2018-11-17 06:00:00,29.847262328456623,cfe58efd-ce2a-495a-90cd-6826f704ebee,40.295338,-111.2584445
2018-11-18 06:00:00,33.78722392951607,cfe58efd-ce2a-495a-90cd-6826f704ebee,40.295338,-111.2584445
2018-11-19 06:00:00,16.954946746972748,cfe58efd-ce2a-495a-90cd-6826f704ebee,40.295338,-111.2584445
2018-11-20 06:00:00,12.42497615008029,cfe58efd-ce2a-495a-90cd-6826f704ebee,40.295338,-111.2584445
2018-11-21 06:00:00,11.748318573239901,cfe58efd-ce2a-495a-90cd-6826f704ebee,40.295338,-111.2584445
2018-11-22 06:00:00,56.00893291433079,cfe58efd-ce2a-495a-90cd-6826f704ebee,40.295338,-111.2584445
2018-11-23 06:00:00,50.31046977121021,cfe58efd-ce2a-495a-90cd-6826f704ebee,40.295338,-111.2584445
2018-11-24 06:00:00,59.207396900275945,cfe58efd-ce2a-495a-90cd-6826f704ebee,40.295338,-111.2584445
2018-11-25 06:00:00,47.99096960018279,cfe58efd-ce2a-495a-90cd-6826f704ebee,40.295338,-111.2584445
2018-11-26 06:00:00,26.07829033286382,cfe58efd-ce2a-495a-90cd-6826f704ebee,40.295338,-111.2584445
2018-11-27 06:00:00,24.881076045040903,cfe58efd-ce2a-495a-90cd-6826f704ebee,40.295338,-111.2584445
2018-11-28 06:00:00,49.96618627425459,cfe58efd-ce2a-495a-90cd-6826f704ebee,40.295338,-111.2584445
2018-11-29 06:00:00,77.30970266527221,cfe58efd-ce2a-495a-90cd-6826f704ebee,40.295338,-111.2584445
2018-11-30 06:00:00,72.21872925918682,cfe58efd-ce2a-495a-90cd-6826f704ebee,40.295338,-111.2584445
2018-12-01 06:00:00,64.21719379773172,cfe58efd-ce2a-495a-90cd-6826f704ebee,40.295338,-111.2584445
2018-12-02 06:00:00,71.98674342497168,cfe58efd-ce2a-495a-90cd-6826f704ebee,40.295338,-111.2584445
2018-12-03 06:00:00,62.725839730298475,cfe58efd-ce2a-495a-90cd-6826f704ebee,40.295338,-111.2584445
2018-12-04 06:00:00,38.425552247237064,cfe58efd-ce2a-495a-90cd-6826f704ebee,40.295338,-111.2584445
2018-12-05 06:00:00,54.021612817799095,cfe58efd-ce2a-495a-90cd-6826f704ebee,40.295338,-111.2584445
2018-12-06 06:00:00,55.82276562151145,cfe58efd-ce2a-495a-90cd-6826f704ebee,40.295338,-111.2584445
2018-12-07 06:00:00,49.477906849152994,cfe58efd-ce2a-495a-90cd-6826f704ebee,40.295338,-111.2584445
2018-12-08 06:00:00,52.14745482518968,cfe58efd-ce2a-495a-90cd-6826f704ebee,40.295338,-111.2584445
2018-12-09 06:00:00,43.62459132902675,cfe58efd-ce2a-495a-90cd-6826f704ebee,40.295338,-111.2584445
2018-12-10 06:00:00,36.819308589675124,cfe58efd-ce2a-495a-90cd-6826f704ebee,40.295338,-111.2584445
2018-12-11 06:00:00,40.39414049820987,cfe58efd-ce2a-495a-90cd-6826f704ebee,40.295338,-111.2584445
2018-12-12 06:00:00,48.266666379373426,cfe58efd-ce2a-495a-90cd-6826f704ebee,40.295338,-111.2584445
2018-12-13 06:00:00,44.73265966512514,cfe58efd-ce2a-495a-90cd-6826f704ebee,40.295338,-111.2584445
2018-12-14 06:00:00,30.695292431614245,cfe58efd-ce2a-495a-90cd-6826f704ebee,40.295338,-111.2584445
2018-12-15 06:00:00,28.50451484628874,cfe58efd-ce2a-495a-90cd-6826f704ebee,40.295338,-111.2584445
2018-12-16 06:00:00,25.894044137711028,cfe58efd-ce2a-495a-90cd-6826f704ebee,40.295338,-111.2584445
2018-12-17 06:00:00,37.58693575973585,cfe58efd-ce2a-495a-90cd-6826f704ebee,40.295338,-111.2584445
2018-12-18 06:00:00,49.10374548890977,cfe58efd-ce2a-495a-90cd-6826f704ebee,40.295338,-111.2584445
2018-12-19 06:00:00,57.04159544432657,cfe58efd-ce2a-495a-90cd-6826f704ebee,40.295338,-111.2584445
2018-12-20 06:00:00,33.29183421835776,cfe58efd-ce2a-495a-90cd-6826f704ebee,40.295338,-111.2584445
2018-12-21 06:00:00,45.67233313744625,cfe58efd-ce2a-495a-90cd-6826f704ebee,40.295338,-111.2584445
2018-12-22 06:00:00,60.00278650992885,cfe58efd-ce2a-495a-90cd-6826f704ebee,40.295338,-111.2584445
2018-12-23 06:00:00,35.20115261096203,cfe58efd-ce2a-495a-90cd-6826f704ebee,40.295338,-111.2584445
2018-12-24 06:00:00,54.56484085727952,cfe58efd-ce2a-495a-90cd-6826f704ebee,40.295338,-111.2584445
2018-12-25 06:00:00,64.18616755299564,cfe58efd-ce2a-495a-90cd-6826f704ebee,40.295338,-111.2584445
2018-12-26 06:00:00,73.60557375861177,cfe58efd-ce2a-495a-90cd-6826f704ebee,40.295338,-111.2584445
2018-12-27 06:00:00,67.16022860832105,cfe58efd-ce2a-495a-90cd-6826f704ebee,40.295338,-111.2584445
2018-12-28 06:00:00,58.09068234944779,cfe58efd-ce2a-495a-90cd-6826f704ebee,40.295338,-111.2584445
2018-12-29 06:00:00,50.51277663041261,cfe58efd-ce2a-495a-90cd-6826f704ebee,40.295338,-111.2584445
2018-12-30 06:00:00,52.47022180987824,cfe58efd-ce2a-495a-90cd-6826f704ebee,40.295338,-111.2584445
2018-12-31 06:00:00,49.34034634094531,cfe58efd-ce2a-495a-90cd-6826f704ebee,40.295338,-111.2584445
2019-01-01 06:00:00,47.3310271967614,cfe58efd-ce2a-495a-90cd-6826f704ebee,40.295338,-111.2584445
2019-01-02 06:00:00,31.673775754446716,cfe58efd-ce2a-495a-90cd-6826f704ebee,40.295338,-111.2584445
2019-01-03 06:00:00,28.824783902346915,cfe58efd-ce2a-495a-90cd-6826f704ebee,40.295338,-111.2584445
2019-01-04 06:00:00,28.627857624167557,cfe58efd-ce2a-495a-90cd-6826f704ebee,40.295338,-111.2584445
2019-01-05 06:00:00,47.04658971121401,cfe58efd-ce2a-495a-90cd-6826f704ebee,40.295338,-111.2584445
2019-01-06 06:00:00,64.4185387046147,cfe58efd-ce2a-495a-90cd-6826f704ebee,40.295338,-111.2584445
2019-01-07 06:00:00,58.022670943730155,cfe58efd-ce2a-495a-90cd-6826f704ebee,40.295338,-111.2584445
2019-01-08 06:00:00,39.52488000889906,cfe58efd-ce2a-495a-90cd-6826f704ebee,40.295338,-111.2584445
2019-01-09 06:00:00,46.03804176982839,cfe58efd-ce2a-495a-90cd-6826f704ebee,40.295338,-111.2584445
2019-01-10 06:00:00,44.20835710098604,cfe58efd-ce2a-495a-90cd-6826f704ebee,40.295338,-111.2584445
2019-01-11 06:00:00,56.62392048464729,cfe58efd-ce2a-495a-90cd-6826f704ebee,40.295338,-111.2584445
2019-01-12 06:00:00,45.125359589267994,cfe58efd-ce2a-495a-90cd-6826f704ebee,40.295338,-111.2584445
2019-01-13 06:00:00,41.03871186665911,cfe58efd-ce2a-495a-90cd-6826f704ebee,40.295338,-111.2584445
2019-01-14 06:00:00,39.781076630987194,cfe58efd-ce2a-495a-90cd-6826f704ebee,40.295338,-111.2584445
2019-01-15 06:00:00,58.8185394316425,cfe58efd-ce2a-495a-90cd-6826f704ebee,40.295338,-111.2584445
2019-01-16 06:00:00,60.58885626742522,cfe58efd-ce2a-495a-90cd-6826f704ebee,40.295338,-111.2584445
2019-01-17 06:00:00,67.72065523790695,cfe58efd-ce2a-495a-90cd-6826f704ebee,40.295338,-111.2584445
2019-01-18 06:00:00,65.23506240038549,cfe58efd-ce2a-495a-90cd-6826f704ebee,40.295338,-111.2584445
2019-01-19 06:00:00,40.44995103995464,cfe58efd-ce2a-495a-90cd-6826f704ebee,40.295338,-111.2584445
2019-01-20 06:00:00,52.7706051220926,cfe58efd-ce2a-495a-90cd-6826f704ebee,40.295338,-111.2584445
2019-01-21 06:00:00,68.85936492274978,cfe58efd-ce2a-495a-90cd-6826f704ebee,40.295338,-111.2584445
2019-01-22 06:00:00,55.30979831120238,cfe58efd-ce2a-495a-90cd-6826f704ebee,40.295338,-111.2584445
2019-01-23 06:00:00,40.058596633925795,cfe58efd-ce2a-495a-90cd-6826f704ebee,40.295338,-111.2584445
2019-01-24 06:00:00,52.69394787541957,cfe58efd-ce2a-495a-90cd-6826f704ebee,40.295338,-111.2584445
2019-01-25 06:00:00,40.13352632476777,cfe58efd-ce2a-495a-90cd-6826f704ebee,40.295338,-111.2584445
2019-01-26 06:00:00,42.10297772336991,cfe58efd-ce2a-495a-90cd-6826f704ebee,40.295338,-111.2584445
2019-01-27 06:00:00,35.87367923527699,cfe58efd-ce2a-495a-90cd-6826f704ebee,40.295338,-111.2584445
2019-01-28 06:00:00,46.442171318501266,cfe58efd-ce2a-495a-90cd-6826f704ebee,40.295338,-111.2584445
2019-01-29 06:00:00,38.14313156391771,cfe58efd-ce2a-495a-90cd-6826f704ebee,40.295338,-111.2584445
2019-01-30 06:00:00,27.576753660306466,cfe58efd-ce2a-495a-90cd-6826f704ebee,40.295338,-111.2584445
2019-01-31 06:00:00,29.343131099264863,cfe58efd-ce2a-495a-90cd-6826f704ebee,40.295338,-111.2584445
2019-02-01 06:00:00,32.455716198161745,cfe58efd-ce2a-495a-90cd-6826f704ebee,40.295338,-111.2584445
2019-02-02 06:00:00,47.842171297980315,cfe58efd-ce2a-495a-90cd-6826f704ebee,40.295338,-111.2584445
2019-02-03 06:00:00,67.30480578126642,cfe58efd-ce2a-495a-90cd-6826f704ebee,40.295338,-111.2584445
2019-02-04 06:00:00,63.06013300050119,cfe58efd-ce2a-495a-90cd-6826f704ebee,40.295338,-111.2584445
2019-02-05 06:00:00,66.5811705868709,cfe58efd-ce2a-495a-90cd-6826f704ebee,40.295338,-111.2584445
2019-02-06 06:00:00,65.62554960589819,cfe58efd-ce2a-495a-90cd-6826f704ebee,40.295338,-111.2584445
2019-02-07 06:00:00,51.628049295298986,cfe58efd-ce2a-495a-90cd-6826f704ebee,40.295338,-111.2584445
2019-02-08 06:00:00,44.82920372016606,cfe58efd-ce2a-495a-90cd-6826f704ebee,40.295338,-111.2584445
2019-02-09 06:00:00,55.870893538857054,cfe58efd-ce2a-495a-90cd-6826f704ebee,40.295338,-111.2584445
2019-02-10 06:00:00,57.67281529905702,cfe58efd-ce2a-495a-90cd-6826f704ebee,40.295338,-111.2584445
2019-02-11 06:00:00,50.40182560710925,cfe58efd-ce2a-495a-90cd-6826f704ebee,40.295338,-111.2584445
2019-02-12 06:00:00,34.29039401440066,cfe58efd-ce2a-495a-90cd-6826f704ebee,40.295338,-111.2584445
2019-02-13 06:00:00,47.066570230680064,cfe58efd-ce2a-495a-90cd-6826f704ebee,40.295338,-111.2584445
2019-02-14 06:00:00,55.866185535500534,cfe58efd-ce2a-495a-90cd-6826f704ebee,40.295338,-111.2584445
2019-02-15 06:00:00,48.478674724626494,cfe58efd-ce2a-495a-90cd-6826f704ebee,40.295338,-111.2584445
2019-02-16 06:00:00,47.581170546561914,cfe58efd-ce2a-495a-90cd-6826f704ebee,40.295338,-111.2584445
2019-02-17 06:00:00,53.39298734564145,cfe58efd-ce2a-495a-90cd-6826f704ebee,40.295338,-111.2584445
2019-02-18 06:00:00,50.325936745268926,cfe58efd-ce2a-495a-90cd-6826f704ebee,40.295338,-111.2584445
2019-02-19 06:00:00,54.27617623276945,cfe58efd-ce2a-495a-90cd-6826f704ebee,40.295338,-111.2584445
2019-02-20 06:00:00,55.17252654736141,cfe58efd-ce2a-495a-90cd-6826f704ebee,40.295338,-111.2584445
2019-02-21 06:00:00,57.55264146275296,cfe58efd-ce2a-495a-90cd-6826f704ebee,40.295338,-111.2584445
2019-02-22 06:00:00,58.62065330454069,cfe58efd-ce2a-495a-90cd-6826f704ebee,40.295338,-111.2584445
2019-02-23 06:00:00,35.34870283656345,cfe58efd-ce2a-495a-90cd-6826f704ebee,40.295338,-111.2584445
2019-02-24 06:00:00,33.54812625551544,cfe58efd-ce2a-495a-90cd-6826f704ebee,40.295338,-111.2584445
2019-02-25 06:00:00,34.370028566329324,cfe58efd-ce2a-495a-90cd-6826f704ebee,40.295338,-111.2584445
2019-02-26 06:00:00,31.399039404994593,cfe58efd-ce2a-495a-90cd-6826f704ebee,40.295338,-111.2584445
2019-02-27 06:00:00,39.02564793567493,cfe58efd-ce2a-495a-90cd-6826f704ebee,40.295338,-111.2584445
2019-02-28 06:00:00,40.36608967703197,cfe58efd-ce2a-495a-90cd-6826f704ebee,40.295338,-111.2584445
2019-03-01 06:00:00,47.82756980580853,cfe58efd-ce2a-495a-90cd-6826f704ebee,40.295338,-111.2584445
2019-03-02 06:00:00,56.958693190106516,cfe58efd-ce2a-495a-90cd-6826f704ebee,40.295338,-111.2584445
2019-03-03 06:00:00,59.467051448327325,cfe58efd-ce2a-495a-90cd-6826f704ebee,40.295338,-111.2584445
2019-03-04 06:00:00,45.7821328074284,cfe58efd-ce2a-495a-90cd-6826f704ebee,40.295338,-111.2584445
2019-03-05 06:00:00,57.89423693199781,cfe58efd-ce2a-495a-90cd-6826f704ebee,40.295338,-111.2584445
2019-03-06 06:00:00,68.31796197222474,cfe58efd-ce2a-495a-90cd-6826f704ebee,40.295338,-111.2584445
2019-03-07 06:00:00,43.720173285170084,cfe58efd-ce2a-495a-90cd-6826f704ebee,40.295338,-111.2584445
2019-03-08 06:00:00,53.56551390399622,cfe58efd-ce2a-495a-90cd-6826f704ebee,40.295338,-111.2584445
2019-03-09 06:00:00,47.42641764850598,cfe58efd-ce2a-495a-90cd-6826f704ebee,40.295338,-111.2584445
2019-03-10 06:00:00,55.407780778282095,cfe58efd-ce2a-495a-90cd-6826f704ebee,40.295338,-111.2584445
2019-03-11 06:00:00,42.026321916827555,cfe58efd-ce2a-495a-90cd-6826f704ebee,40.295338,-111.2584445
2019-03-12 06:00:00,37.50806944789393,cfe58efd-ce2a-495a-90cd-6826f704ebee,40.295338,-111.2584445
2019-03-13 06:00:00,61.14899035993387,cfe58efd-ce2a-495a-90cd-6826f704ebee,40.295338,-111.2584445
2019-03-14 06:00:00,52.44514852664885,cfe58efd-ce2a-495a-90cd-6826f704ebee,40.295338,-111.2584445
2019-03-15 06:00:00,36.93362213486553,cfe58efd-ce2a-495a-90cd-6826f704ebee,40.295338,-111.2584445
2019-03-16 06:00:00,28.66666641931598,cfe58efd-ce2a-495a-90cd-6826f704ebee,40.295338,-111.2584445
2019-03-17 06:00:00,25.49000966881011,cfe58efd-ce2a-495a-90cd-6826f704ebee,40.295338,-111.2584445
2019-03-18 06:00:00,24.571277473662246,cfe58efd-ce2a-495a-90cd-6826f704ebee,40.295338,-111.2584445
2019-03-19 06:00:00,37.68088330682027,cfe58efd-ce2a-495a-90cd-6826f704ebee,40.295338,-111.2584445
2019-03-20 06:00:00,30.228722217790676,cfe58efd-ce2a-495a-90cd-6826f704ebee,40.295338,-111.2584445
2019-03-21 06:00:00,46.03563909686379,cfe58efd-ce2a-495a-90cd-6826f704ebee,40.295338,-111.2584445
2019-03-22 06:00:00,53.36032549723425,cfe58efd-ce2a-495a-90cd-6826f704ebee,40.295338,-111.2584445
2019-03-23 06:00:00,42.778962515502116,cfe58efd-ce2a-495a-90cd-6826f704ebee,40.295338,-111.2584445
2019-03-24 06:00:00,45.91950089512366,cfe58efd-ce2a-495a-90cd-6826f704ebee,40.295338,-111.2584445
2019-03-25 06:00:00,35.52123022308496,cfe58efd-ce2a-495a-90cd-6826f704ebee,40.295338,-111.2584445
2019-03-26 06:00:00,30.485494862830375,cfe58efd-ce2a-495a-90cd-6826f704ebee,40.295338,-111.2584445
2019-03-27 06:00:00,25.26608970964562,cfe58efd-ce2a-495a-90cd-6826f704ebee,40.295338,-111.2584445
2019-03-28 06:00:00,26.25542741275315,cfe58efd-ce2a-495a-90cd-6826f704ebee,40.295338,-111.2584445
2019-03-29 06:00:00,53.91681145659785,cfe58efd-ce2a-495a-90cd-6826f704ebee,40.295338,-111.2584445
2019-03-30 06:00:00,43.38818487264467,cfe58efd-ce2a-495a-90cd-6826f704ebee,40.295338,-111.2584445
2019-03-31 06:00:00,28.260903040568035,cfe58efd-ce2a-495a-90cd-6826f704ebee,40.295338,-111.2584445
2019-04-01 06:00:00,29.97387091410378,cfe58efd-ce2a-495a-90cd-6826f704ebee,40.295338,-111.2584445
2019-04-02 06:00:00,49.50691737633961,cfe58efd-ce2a-495a-90cd-6826f704ebee,40.295338,-111.2584445
2019-04-03 06:00:00,43.131029343398914,cfe58efd-ce2a-495a-90cd-6826f704ebee,40.295338,-111.2584445
2019-04-04 06:00:00,38.038231478644384,cfe58efd-ce2a-495a-90cd-6826f704ebee,40.295338,-111.2584445
2019-04-05 06:00:00,34.39164182386298,cfe58efd-ce2a-495a-90cd-6826f704ebee,40.295338,-111.2584445
2019-04-06 06:00:00,45.54025038060492,cfe58efd-ce2a-495a-90cd-6826f704ebee,40.295338,-111.2584445
2019-04-07 06:00:00,29.440634449895587,cfe58efd-ce2a-495a-90cd-6826f704ebee,40.295338,-111.2584445
2019-04-08 06:00:00,27.891738970387337,cfe58efd-ce2a-495a-90cd-6826f704ebee,40.295338,-111.2584445
2019-04-09 06:00:00,31.037175368163364,cfe58efd-ce2a-495a-90cd-6826f704ebee,40.295338,-111.2584445
2019-04-10 06:00:00,67.616810588855,cfe58efd-ce2a-495a-90cd-6826f704ebee,40.295338,-111.2584445
2019-04-11 06:00:00,51.39951997989652,cfe58efd-ce2a-495a-90cd-6826f704ebee,40.295338,-111.2584445
2019-04-12 06:00:00,42.341306805496146,cfe58efd-ce2a-495a-90cd-6826f704ebee,40.295338,-111.2584445
2019-04-13 06:00:00,39.148704407881596,cfe58efd-ce2a-495a-90cd-6826f704ebee,40.295338,-111.2584445
2019-04-14 06:00:00,34.369836402328744,cfe58efd-ce2a-495a-90cd-6826f704ebee,40.295338,-111.2584445
2019-04-15 06:00:00,47.804610249632034,cfe58efd-ce2a-495a-90cd-6826f704ebee,40.295338,-111.2584445
2019-04-16 06:00:00,55.65840525265271,cfe58efd-ce2a-495a-90cd-6826f704ebee,40.295338,-111.2584445
2019-04-17 06:00:00,41.88664764125798,cfe58efd-ce2a-495a-90cd-6826f704ebee,40.295338,-111.2584445
2019-04-18 06:00:00,29.74024954034547,cfe58efd-ce2a-495a-90cd-6826f704ebee,40.295338,-111.2584445
2019-04-19 06:00:00,21.111526819058728,cfe58efd-ce2a-495a-90cd-6826f704ebee,40.295338,-111.2584445
2019-04-20 06:00:00,22.630643177673754,cfe58efd-ce2a-495a-90cd-6826f704ebee,40.295338,-111.2584445
2019-04-21 06:00:00,45.72574549151887,cfe58efd-ce2a-495a-90cd-6826f704ebee,40.295338,-111.2584445
2019-04-22 06:00:00,36.82997182283576,cfe58efd-ce2a-495a-90cd-6826f704ebee,40.295338,-111.2584445
2019-04-23 06:00:00,32.31940501979861,cfe58efd-ce2a-495a-90cd-6826f704ebee,40.295338,-111.2584445
2019-04-24 06:00:00,30.67041262975687,cfe58efd-ce2a-495a-90cd-6826f704ebee,40.295338,-111.2584445
2019-04-25 06:00:00,30.8000960208039,cfe58efd-ce2a-495a-90cd-6826f704ebee,40.295338,-111.2584445
2019-04-26 06:00:00,29.643131684844704,cfe58efd-ce2a-495a-90cd-6826f704ebee,40.295338,-111.2584445
2019-04-27 06:00:00,29.76234371540755,cfe58efd-ce2a-495a-90cd-6826f704ebee,40.295338,-111.2584445
2019-04-28 06:00:00,29.49433292092095,cfe58efd-ce2a-495a-90cd-6826f704ebee,40.295338,-111.2584445
2019-04-29 06:00:00,47.89558071316033,cfe58efd-ce2a-495a-90cd-6826f704ebee,40.295338,-111.2584445
2019-04-30 06:00:00,47.82161325680077,cfe58efd-ce2a-495a-90cd-6826f704ebee,40.295338,-111.2584445
2019-05-01 06:00:00,38.53237310770494,cfe58efd-ce2a-495a-90cd-6826f704ebee,40.295338,-111.2584445
2019-05-02 06:00:00,25.535734653014842,cfe58efd-ce2a-495a-90cd-6826f704ebee,40.295338,-111.2584445
2019-05-03 06:00:00,25.1176755595505,cfe58efd-ce2a-495a-90cd-6826f704ebee,40.295338,-111.2584445
2019-05-04 06:00:00,21.877137469054414,cfe58efd-ce2a-495a-90cd-6826f704ebee,40.295338,-111.2584445
2019-05-05 06:00:00,23.614889665250022,cfe58efd-ce2a-495a-90cd-6826f704ebee,40.295338,-111.2584445
2019-05-06 06:00:00,25.623439321600397,cfe58efd-ce2a-495a-90cd-6826f704ebee,40.295338,-111.2584445
2019-05-07 06:00:00,37.07982771082869,cfe58efd-ce2a-495a-90cd-6826f704ebee,40.295338,-111.2584445
2019-05-08 06:00:00,57.31873171657009,cfe58efd-ce2a-495a-90cd-6826f704ebee,40.295338,-111.2584445
2019-05-09 06:00:00,47.54380467073146,cfe58efd-ce2a-495a-90cd-6826f704ebee,40.295338,-111.2584445
2019-05-10 06:00:00,33.38664832284655,cfe58efd-ce2a-495a-90cd-6826f704ebee,40.295338,-111.2584445
2019-05-11 06:00:00,29.485110364432067,cfe58efd-ce2a-495a-90cd-6826f704ebee,40.295338,-111.2584445
2019-05-12 06:00:00,23.820844659429692,cfe58efd-ce2a-495a-90cd-6826f704ebee,40.295338,-111.2584445
2019-05-13 06:00:00,21.31556125791112,cfe58efd-ce2a-495a-90cd-6826f704ebee,40.295338,-111.2584445
2019-05-14 06:00:00,24.961094853513867,cfe58efd-ce2a-495a-90cd-6826f704ebee,40.295338,-111.2584445
2019-05-15 06:00:00,25.357924379830635,cfe58efd-ce2a-495a-90cd-6826f704ebee,40.295338,-111.2584445
2019-05-16 06:00:00,30.071085414098622,cfe58efd-ce2a-495a-90cd-6826f704ebee,40.295338,-111.2584445
2019-05-17 06:00:00,59.75446582321474,cfe58efd-ce2a-495a-90cd-6826f704ebee,40.295338,-111.2584445
2019-05-18 06:00:00,50.81998175731882,cfe58efd-ce2a-495a-90cd-6826f704ebee,40.295338,-111.2584445
2019-05-19 06:00:00,50.721324184098926,cfe58efd-ce2a-495a-90cd-6826f704ebee,40.295338,-111.2584445
2019-05-20 06:00:00,47.127666205883486,cfe58efd-ce2a-495a-90cd-6826f704ebee,40.295338,-111.2584445
2019-05-21 06:00:00,48.66801161312576,cfe58efd-ce2a-495a-90cd-6826f704ebee,40.295338,-111.2584445
2019-05-22 06:00:00,56.232852525372095,cfe58efd-ce2a-495a-90cd-6826f704ebee,40.295338,-111.2584445
2019-05-23 06:00:00,62.574543475646685,cfe58efd-ce2a-495a-90cd-6826f704ebee,40.295338,-111.2584445
2019-05-24 06:00:00,49.535543615834065,cfe58efd-ce2a-495a-90cd-6826f704ebee,40.295338,-111.2584445
2019-05-25 06:00:00,38.41681065774674,cfe58efd-ce2a-495a-90cd-6826f704ebee,40.295338,-111.2584445
2019-05-26 06:00:00,30.415465577535056,cfe58efd-ce2a-495a-90cd-6826f704ebee,40.295338,-111.2584445
2019-05-27 06:00:00,45.24015339055276,cfe58efd-ce2a-495a-90cd-6826f704ebee,40.295338,-111.2584445
2019-05-28 06:00:00,48.15417927532215,cfe58efd-ce2a-495a-90cd-6826f704ebee,40.295338,-111.2584445
2019-05-29 06:00:00,44.767818267705,cfe58efd-ce2a-495a-90cd-6826f704ebee,40.295338,-111.2584445
2019-05-30 06:00:00,35.70345775446677,cfe58efd-ce2a-495a-90cd-6826f704ebee,40.295338,-111.2584445
2019-05-31 06:00:00,33.43650368975402,cfe58efd-ce2a-495a-90cd-6826f704ebee,40.295338,-111.2584445
2019-06-01 06:00:00,41.026608473514855,cfe58efd-ce2a-495a-90cd-6826f704ebee,40.295338,-111.2584445
2019-06-02 06:00:00,36.192123185889756,cfe58efd-ce2a-495a-90cd-6826f704ebee,40.295338,-111.2584445
2019-06-03 06:00:00,35.04841647116068,cfe58efd-ce2a-495a-90cd-6826f704ebee,40.295338,-111.2584445
2019-06-04 06:00:00,33.865033687477954,cfe58efd-ce2a-495a-90cd-6826f704ebee,40.295338,-111.2584445
2019-06-05 06:00:00,31.84245915371678,cfe58efd-ce2a-495a-90cd-6826f704ebee,40.295338,-111.2584445
2019-06-06 06:00:00,34.36167105565727,cfe58efd-ce2a-495a-90cd-6826f704ebee,40.295338,-111.2584445
2019-06-07 06:00:00,32.63496633817323,cfe58efd-ce2a-495a-90cd-6826f704ebee,40.295338,-111.2584445
2019-06-08 06:00:00,39.38501444879801,cfe58efd-ce2a-495a-90cd-6826f704ebee,40.295338,-111.2584445
2019-06-09 06:00:00,23.395964819461998,cfe58efd-ce2a-495a-90cd-6826f704ebee,40.295338,-111.2584445
2019-06-10 06:00:00,22.395964819461994,cfe58efd-ce2a-495a-90cd-6826f704ebee,40.295338,-111.2584445
2019-06-11 06:00:00,24.738521158179907,cfe58efd-ce2a-495a-90cd-6826f704ebee,40.295338,-111.2584445
2019-06-12 06:00:00,26.011431106801908,cfe58efd-ce2a-495a-90cd-6826f704ebee,40.295338,-111.2584445
2019-06-13 06:00:00,27.175504486567693,cfe58efd-ce2a-495a-90cd-6826f704ebee,40.295338,-111.2584445
2019-06-14 06:00:00,37.845725925236685,cfe58efd-ce2a-495a-90cd-6826f704ebee,40.295338,-111.2584445
2019-06-15 06:00:00,33.516042909063366,cfe58efd-ce2a-495a-90cd-6826f704ebee,40.295338,-111.2584445
2019-06-16 06:00:00,30.69750264925412,cfe58efd-ce2a-495a-90cd-6826f704ebee,40.295338,-111.2584445
2019-06-17 06:00:00,40.007301748314234,cfe58efd-ce2a-495a-90cd-6826f704ebee,40.295338,-111.2584445
2019-06-18 06:00:00,35.25840560663903,cfe58efd-ce2a-495a-90cd-6826f704ebee,40.295338,-111.2584445
2019-06-19 06:00:00,29.077713527551186,cfe58efd-ce2a-495a-90cd-6826f704ebee,40.295338,-111.2584445
2019-06-20 06:00:00,26.48347690813136,cfe58efd-ce2a-495a-90cd-6826f704ebee,40.295338,-111.2584445
2019-06-21 06:00:00,34.963304803648555,cfe58efd-ce2a-495a-90cd-6826f704ebee,40.295338,-111.2584445
2019-06-22 06:00:00,33.89692528584506,cfe58efd-ce2a-495a-90cd-6826f704ebee,40.295338,-111.2584445
2019-06-23 06:00:00,26.775696940426645,cfe58efd-ce2a-495a-90cd-6826f704ebee,40.295338,-111.2584445
2019-06-24 06:00:00,24.270893331448928,cfe58efd-ce2a-495a-90cd-6826f704ebee,40.295338,-111.2584445
2019-06-25 06:00:00,21.149664002124446,cfe58efd-ce2a-495a-90cd-6826f704ebee,40.295338,-111.2584445
2019-06-26 06:00:00,20.585398779364304,cfe58efd-ce2a-495a-90cd-6826f704ebee,40.295338,-111.2584445
2019-06-27 06:00:00,20.531123836491684,cfe58efd-ce2a-495a-90cd-6826f704ebee,40.295338,-111.2584445
2019-06-28 06:00:00,17.982708766984896,cfe58efd-ce2a-495a-90cd-6826f704ebee,40.295338,-111.2584445
2019-06-29 06:00:00,21.936406856540533,cfe58efd-ce2a-495a-90cd-6826f704ebee,40.295338,-111.2584445
2019-06-30 06:00:00,39.40893379893015,cfe58efd-ce2a-495a-90cd-6826f704ebee,40.295338,-111.2584445
2019-07-01 06:00:00,27.041978722461476,cfe58efd-ce2a-495a-90cd-6826f704ebee,40.295338,-111.2584445
2019-07-02 06:00:00,22.420652763300744,cfe58efd-ce2a-495a-90cd-6826f704ebee,40.295338,-111.2584445
2019-07-03 06:00:00,23.456195697546235,cfe58efd-ce2a-495a-90cd-6826f704ebee,40.295338,-111.2584445
2019-07-04 06:00:00,29.159461528034196,cfe58efd-ce2a-495a-90cd-6826f704ebee,40.295338,-111.2584445
2019-07-05 06:00:00,26.774831652755807,cfe58efd-ce2a-495a-90cd-6826f704ebee,40.295338,-111.2584445
2019-07-06 06:00:00,21.237655718434212,cfe58efd-ce2a-495a-90cd-6826f704ebee,40.295338,-111.2584445
2019-07-07 06:00:00,23.790874244843852,cfe58efd-ce2a-495a-90cd-6826f704ebee,40.295338,-111.2584445
2019-07-08 06:00:00,26.23381417903845,cfe58efd-ce2a-495a-90cd-6826f704ebee,40.295338,-111.2584445
2019-07-09 06:00:00,24.10730082890257,cfe58efd-ce2a-495a-90cd-6826f704ebee,40.295338,-111.2584445
2019-07-10 06:00:00,19.048319007660997,cfe58efd-ce2a-495a-90cd-6826f704ebee,40.295338,-111.2584445
2019-07-11 06:00:00,18.22651368030325,cfe58efd-ce2a-495a-90cd-6826f704ebee,40.295338,-111.2584445
2019-07-12 06:00:00,21.129203030515708,cfe58efd-ce2a-495a-90cd-6826f704ebee,40.295338,-111.2584445
2019-07-13 06:00:00,30.933909197247573,cfe58efd-ce2a-495a-90cd-6826f704ebee,40.295338,-111.2584445
2019-07-14 06:00:00,26.449855412346718,cfe58efd-ce2a-495a-90cd-6826f704ebee,40.295338,-111.2584445
2019-07-15 06:00:00,22.82910659562843,cfe58efd-ce2a-495a-90cd-6826f704ebee,40.295338,-111.2584445
2019-07-16 06:00:00,18.080787911538774,cfe58efd-ce2a-495a-90cd-6826f704ebee,40.295338,-111.2584445
2019-07-17 06:00:00,19.41056704086025,cfe58efd-ce2a-495a-90cd-6826f704ebee,40.295338,-111.2584445
2019-07-18 06:00:00,19.237751881052507,cfe58efd-ce2a-495a-90cd-6826f704ebee,40.295338,-111.2584445
2019-07-19 06:00:00,19.40470649689923,cfe58efd-ce2a-495a-90cd-6826f704ebee,40.295338,-111.2584445
2019-07-20 06:00:00,20.310566659390528,cfe58efd-ce2a-495a-90cd-6826f704ebee,40.295338,-111.2584445
2019-07-21 06:00:00,18.094044394955738,cfe58efd-ce2a-495a-90cd-6826f704ebee,40.295338,-111.2584445
2019-07-22 06:00:00,16.696734508107646,cfe58efd-ce2a-495a-90cd-6826f704ebee,40.295338,-111.2584445
2019-07-23 06:00:00,20.180307780402313,cfe58efd-ce2a-495a-90cd-6826f704ebee,40.295338,-111.2584445
2019-07-24 06:00:00,30.27050960075386,cfe58efd-ce2a-495a-90cd-6826f704ebee,40.295338,-111.2584445
2019-07-25 06:00:00,33.11950037916845,cfe58efd-ce2a-495a-90cd-6826f704ebee,40.295338,-111.2584445
2019-07-26 06:00:00,36.11421687687737,cfe58efd-ce2a-495a-90cd-6826f704ebee,40.295338,-111.2584445
2019-07-27 06:00:00,44.16215060011454,cfe58efd-ce2a-495a-90cd-6826f704ebee,40.295338,-111.2584445
2019-07-28 06:00:00,30.701056886246064,cfe58efd-ce2a-495a-90cd-6826f704ebee,40.295338,-111.2584445
2019-07-29 06:00:00,20.572814727035652,cfe58efd-ce2a-495a-90cd-6826f704ebee,40.295338,-111.2584445
2019-07-30 06:00:00,20.361767571895427,cfe58efd-ce2a-495a-90cd-6826f704ebee,40.295338,-111.2584445
2019-07-31 06:00:00,38.91930914520645,cfe58efd-ce2a-495a-90cd-6826f704ebee,40.295338,-111.2584445
2019-08-01 06:00:00,41.36109545411798,cfe58efd-ce2a-495a-90cd-6826f704ebee,40.295338,-111.2584445
2019-08-02 06:00:00,28.05417888102682,cfe58efd-ce2a-495a-90cd-6826f704ebee,40.295338,-111.2584445
2019-08-03 06:00:00,29.148799850434557,cfe58efd-ce2a-495a-90cd-6826f704ebee,40.295338,-111.2584445
2019-08-04 06:00:00,27.034966411095873,cfe58efd-ce2a-495a-90cd-6826f704ebee,40.295338,-111.2584445
2019-08-05 06:00:00,26.385974488272108,cfe58efd-ce2a-495a-90cd-6826f704ebee,40.295338,-111.2584445
2019-08-06 06:00:00,23.494620536635637,cfe58efd-ce2a-495a-90cd-6826f704ebee,40.295338,-111.2584445
2019-08-07 06:00:00,41.76378458995984,cfe58efd-ce2a-495a-90cd-6826f704ebee,40.295338,-111.2584445
2019-08-08 06:00:00,44.34044287733798,cfe58efd-ce2a-495a-90cd-6826f704ebee,40.295338,-111.2584445
2019-08-09 06:00:00,36.754179442421275,cfe58efd-ce2a-495a-90cd-6826f704ebee,40.295338,-111.2584445
2019-08-10 06:00:00,27.996733897243068,cfe58efd-ce2a-495a-90cd-6826f704ebee,40.295338,-111.2584445
2019-08-11 06:00:00,26.261575533952087,cfe58efd-ce2a-495a-90cd-6826f704ebee,40.295338,-111.2584445
2019-08-12 06:00:00,26.089913938963907,cfe58efd-ce2a-495a-90cd-6826f704ebee,40.295338,-111.2584445
2019-08-13 06:00:00,21.29260334707475,cfe58efd-ce2a-495a-90cd-6826f704ebee,40.295338,-111.2584445
2019-08-14 06:00:00,19.730355271001375,cfe58efd-ce2a-495a-90cd-6826f704ebee,40.295338,-111.2584445
2019-08-15 06:00:00,18.651585592660165,cfe58efd-ce2a-495a-90cd-6826f704ebee,40.295338,-111.2584445
2019-08-16 06:00:00,22.575408448174414,cfe58efd-ce2a-495a-90cd-6826f704ebee,40.295338,-111.2584445
2019-08-17 06:00:00,23.891931143549062,cfe58efd-ce2a-495a-90cd-6826f704ebee,40.295338,-111.2584445
2019-08-18 06:00:00,17.435638715394067,cfe58efd-ce2a-495a-90cd-6826f704ebee,40.295338,-111.2584445
2019-08-19 06:00:00,14.919116027531544,cfe58efd-ce2a-495a-90cd-6826f704ebee,40.295338,-111.2584445
2019-08-20 06:00:00,13.051681013776065,cfe58efd-ce2a-495a-90cd-6826f704ebee,40.295338,-111.2584445
2019-08-21 06:00:00,13.276080867170027,cfe58efd-ce2a-495a-90cd-6826f704ebee,40.295338,-111.2584445
2019-08-22 06:00:00,14.635638834305617,cfe58efd-ce2a-495a-90cd-6826f704ebee,40.295338,-111.2584445
2019-08-23 06:00:00,23.616523018945998,cfe58efd-ce2a-495a-90cd-6826f704ebee,40.295338,-111.2584445
2019-08-24 06:00:00,21.705284063685525,cfe58efd-ce2a-495a-90cd-6826f704ebee,40.295338,-111.2584445
2019-08-25 06:00:00,21.545629275978815,cfe58efd-ce2a-495a-90cd-6826f704ebee,40.295338,-111.2584445
2019-08-26 06:00:00,23.72449581355114,cfe58efd-ce2a-495a-90cd-6826f704ebee,40.295338,-111.2584445
2019-08-27 06:00:00,12.813832812533715,cfe58efd-ce2a-495a-90cd-6826f704ebee,40.295338,-111.2584445
2019-08-28 06:00:00,13.113833003268576,cfe58efd-ce2a-495a-90cd-6826f704ebee,40.295338,-111.2584445
2019-08-29 06:00:00,22.445725057127387,cfe58efd-ce2a-495a-90cd-6826f704ebee,40.295338,-111.2584445
2019-08-30 06:00:00,24.064745583291476,cfe58efd-ce2a-495a-90cd-6826f704ebee,40.295338,-111.2584445
2019-08-31 06:00:00,21.202498270157548,cfe58efd-ce2a-495a-90cd-6826f704ebee,40.295338,-111.2584445
2019-09-01 06:00:00,14.370604821057647,cfe58efd-ce2a-495a-90cd-6826f704ebee,40.295338,-111.2584445
2019-09-02 06:00:00,12.55734904927777,cfe58efd-ce2a-495a-90cd-6826f704ebee,40.295338,-111.2584445
2019-09-03 06:00:00,20.535350861856273,cfe58efd-ce2a-495a-90cd-6826f704ebee,40.295338,-111.2584445
2019-09-04 06:00:00,20.45129674678806,cfe58efd-ce2a-495a-90cd-6826f704ebee,40.295338,-111.2584445
2019-09-05 06:00:00,22.091643002718033,cfe58efd-ce2a-495a-90cd-6826f704ebee,40.295338,-111.2584445
2019-09-06 06:00:00,33.67617582381631,cfe58efd-ce2a-495a-90cd-6826f704ebee,40.295338,-111.2584445
2019-09-07 06:00:00,28.80009617287877,cfe58efd-ce2a-495a-90cd-6826f704ebee,40.295338,-111.2584445
2019-09-08 06:00:00,35.02958586488517,cfe58efd-ce2a-495a-90cd-6826f704ebee,40.295338,-111.2584445
2019-09-09 06:00:00,29.113833441170907,cfe58efd-ce2a-495a-90cd-6826f704ebee,40.295338,-111.2584445
2019-09-10 06:00:00,27.813255925686974,cfe58efd-ce2a-495a-90cd-6826f704ebee,40.295338,-111.2584445
2019-09-11 06:00:00,67.22891609125934,cfe58efd-ce2a-495a-90cd-6826f704ebee,40.295338,-111.2584445
2019-09-12 06:00:00,35.61719467133771,cfe58efd-ce2a-495a-90cd-6826f704ebee,40.295338,-111.2584445
2019-09-13 06:00:00,22.512007985403624,cfe58efd-ce2a-495a-90cd-6826f704ebee,40.295338,-111.2584445
2019-09-14 06:00:00,17.73592624059672,cfe58efd-ce2a-495a-90cd-6826f704ebee,40.295338,-111.2584445
2019-09-15 06:00:00,15.9923152053276,cfe58efd-ce2a-495a-90cd-6826f704ebee,40.295338,-111.2584445
2019-09-16 06:00:00,25.114889817324887,cfe58efd-ce2a-495a-90cd-6826f704ebee,40.295338,-111.2584445
2019-09-17 06:00:00,34.60259312053464,cfe58efd-ce2a-495a-90cd-6826f704ebee,40.295338,-111.2584445
2019-09-18 06:00:00,18.032661130174095,cfe58efd-ce2a-495a-90cd-6826f704ebee,40.295338,-111.2584445
2019-09-19 06:00:00,16.18117269246654,cfe58efd-ce2a-495a-90cd-6826f704ebee,40.295338,-111.2584445
2019-09-20 06:00:00,46.63650315547654,cfe58efd-ce2a-495a-90cd-6826f704ebee,40.295338,-111.2584445
2019-09-21 06:00:00,38.110949832355594,cfe58efd-ce2a-495a-90cd-6826f704ebee,40.295338,-111.2584445
2019-09-22 06:00:00,22.214024859821418,cfe58efd-ce2a-495a-90cd-6826f704ebee,40.295338,-111.2584445
2019-09-23 06:00:00,18.621997977997914,cfe58efd-ce2a-495a-90cd-6826f704ebee,40.295338,-111.2584445
2019-09-24 06:00:00,26.230067503211824,cfe58efd-ce2a-495a-90cd-6826f704ebee,40.295338,-111.2584445
2019-09-25 06:00:00,27.63525446141488,cfe58efd-ce2a-495a-90cd-6826f704ebee,40.295338,-111.2584445
2019-09-26 06:00:00,25.84370768287798,cfe58efd-ce2a-495a-90cd-6826f704ebee,40.295338,-111.2584445
2019-09-27 06:00:00,31.608452841825606,cfe58efd-ce2a-495a-90cd-6826f704ebee,40.295338,-111.2584445
2019-09-28 06:00:00,36.238136599318096,cfe58efd-ce2a-495a-90cd-6826f704ebee,40.295338,-111.2584445
2019-09-29 06:00:00,44.45927003389591,cfe58efd-ce2a-495a-90cd-6826f704ebee,40.295338,-111.2584445
2019-09-30 06:00:00,29.933525559996095,cfe58efd-ce2a-495a-90cd-6826f704ebee,40.295338,-111.2584445
2019-10-01 06:00:00,26.798366542966406,cfe58efd-ce2a-495a-90cd-6826f704ebee,40.295338,-111.2584445
2019-10-02 06:00:00,29.376656327994255,cfe58efd-ce2a-495a-90cd-6826f704ebee,40.295338,-111.2584445
2019-10-03 06:00:00,14.044380543440381,cfe58efd-ce2a-495a-90cd-6826f704ebee,40.295338,-111.2584445
2019-10-04 06:00:00,17.881459988274333,cfe58efd-ce2a-495a-90cd-6826f704ebee,40.295338,-111.2584445
2019-10-05 06:00:00,20.63102794357725,cfe58efd-ce2a-495a-90cd-6826f704ebee,40.295338,-111.2584445
2019-10-06 06:00:00,17.93381379500361,cfe58efd-ce2a-495a-90cd-6826f704ebee,40.295338,-111.2584445
2019-10-07 06:00:00,11.191354182680334,cfe58efd-ce2a-495a-90cd-6826f704ebee,40.295338,-111.2584445
2019-10-08 06:00:00,13.63323731472811,cfe58efd-ce2a-495a-90cd-6826f704ebee,40.295338,-111.2584445
2019-10-09 06:00:00,16.797502944609157,cfe58efd-ce2a-495a-90cd-6826f704ebee,40.295338,-111.2584445
2019-10-10 06:00:00,27.04879890280659,cfe58efd-ce2a-495a-90cd-6826f704ebee,40.295338,-111.2584445
2019-10-11 06:00:00,10.631316021013216,cfe58efd-ce2a-495a-90cd-6826f704ebee,40.295338,-111.2584445
2019-10-12 06:00:00,8.031316182340827,cfe58efd-ce2a-495a-90cd-6826f704ebee,40.295338,-111.2584445
2019-10-13 06:00:00,8.825936379739575,cfe58efd-ce2a-495a-90cd-6826f704ebee,40.295338,-111.2584445
2019-10-14 06:00:00,9.381748380853395,cfe58efd-ce2a-495a-90cd-6826f704ebee,40.295338,-111.2584445
2019-10-15 06:00:00,10.265802093014821,cfe58efd-ce2a-495a-90cd-6826f704ebee,40.295338,-111.2584445
2019-10-16 06:00:00,9.8823245943566,cfe58efd-ce2a-495a-90cd-6826f704ebee,40.295338,-111.2584445
2019-10-17 06:00:00,17.262248272854592,cfe58efd-ce2a-495a-90cd-6826f704ebee,40.295338,-111.2584445
2019-10-18 06:00:00,43.68780003088697,cfe58efd-ce2a-495a-90cd-6826f704ebee,40.295338,-111.2584445
2019-10-19 06:00:00,32.95754102327639,cfe58efd-ce2a-495a-90cd-6826f704ebee,40.295338,-111.2584445
2019-10-20 06:00:00,50.34495727289879,cfe58efd-ce2a-495a-90cd-6826f704ebee,40.295338,-111.2584445
2019-10-21 06:00:00,41.50998991893875,cfe58efd-ce2a-495a-90cd-6826f704ebee,40.295338,-111.2584445
2019-10-22 06:00:00,33.96407344132862,cfe58efd-ce2a-495a-90cd-6826f704ebee,40.295338,-111.2584445
2019-10-23 06:00:00,34.417387234030954,cfe58efd-ce2a-495a-90cd-6826f704ebee,40.295338,-111.2584445
2019-10-24 06:00:00,28.148606530298533,cfe58efd-ce2a-495a-90cd-6826f704ebee,40.295338,-111.2584445
2019-10-25 06:00:00,16.400960566789117,cfe58efd-ce2a-495a-90cd-6826f704ebee,40.295338,-111.2584445
2019-10-26 06:00:00,20.307973711451694,cfe58efd-ce2a-495a-90cd-6826f704ebee,40.295338,-111.2584445
2019-10-27 06:00:00,61.395294083183934,cfe58efd-ce2a-495a-90cd-6826f704ebee,40.295338,-111.2584445
2019-10-28 06:00:00,33.93083649707689,cfe58efd-ce2a-495a-90cd-6826f704ebee,40.295338,-111.2584445
2019-10-29 06:00:00,64.5075880484897,cfe58efd-ce2a-495a-90cd-6826f704ebee,40.295338,-111.2584445
2019-10-30 06:00:00,41.267916163610344,cfe58efd-ce2a-495a-90cd-6826f704ebee,40.295338,-111.2584445
2019-10-31 06:00:00,15.350336051010148,cfe58efd-ce2a-495a-90cd-6826f704ebee,40.295338,-111.2584445
2019-11-01 06:00:00,18.982036172828348,cfe58efd-ce2a-495a-90cd-6826f704ebee,40.295338,-111.2584445
2019-11-02 06:00:00,15.179347128048182,cfe58efd-ce2a-495a-90cd-6826f704ebee,40.295338,-111.2584445
2019-11-03 06:00:00,13.531027972526442,cfe58efd-ce2a-495a-90cd-6826f704ebee,40.295338,-111.2584445
2019-11-04 06:00:00,21.367435325234123,cfe58efd-ce2a-495a-90cd-6826f704ebee,40.295338,-111.2584445
2019-11-05 06:00:00,24.243324191838248,cfe58efd-ce2a-495a-90cd-6826f704ebee,40.295338,-111.2584445
2019-11-06 06:00:00,20.03141201286792,cfe58efd-ce2a-495a-90cd-6826f704ebee,40.295338,-111.2584445
2019-11-07 06:00:00,18.585015116461648,cfe58efd-ce2a-495a-90cd-6826f704ebee,40.295338,-111.2584445
2019-11-08 06:00:00,17.582517482819867,cfe58efd-ce2a-495a-90cd-6826f704ebee,40.295338,-111.2584445
2019-11-09 06:00:00,14.618251712590201,cfe58efd-ce2a-495a-90cd-6826f704ebee,40.295338,-111.2584445
2019-11-10 06:00:00,18.558021712142843,cfe58efd-ce2a-495a-90cd-6826f704ebee,40.295338,-111.2584445
2019-11-11 06:00:00,30.366090712240407,cfe58efd-ce2a-495a-90cd-6826f704ebee,40.295338,-111.2584445
2019-11-12 06:00:00,17.66714706017809,cfe58efd-ce2a-495a-90cd-6826f704ebee,40.295338,-111.2584445
2019-11-13 06:00:00,24.078482064458754,cfe58efd-ce2a-495a-90cd-6826f704ebee,40.295338,-111.2584445
2019-11-14 06:00:00,24.114409964320526,cfe58efd-ce2a-495a-90cd-6826f704ebee,40.295338,-111.2584445
2019-11-15 06:00:00,21.36263191780142,cfe58efd-ce2a-495a-90cd-6826f704ebee,40.295338,-111.2584445
2019-11-16 06:00:00,31.57877035260087,cfe58efd-ce2a-495a-90cd-6826f704ebee,40.295338,-111.2584445
2019-11-17 06:00:00,27.87992330472362,cfe58efd-ce2a-495a-90cd-6826f704ebee,40.295338,-111.2584445
2019-11-18 06:00:00,24.821037352943968,cfe58efd-ce2a-495a-90cd-6826f704ebee,40.295338,-111.2584445
2019-11-19 06:00:00,23.04092198352649,cfe58efd-ce2a-495a-90cd-6826f704ebee,40.295338,-111.2584445
2019-11-20 06:00:00,63.085493848142896,cfe58efd-ce2a-495a-90cd-6826f704ebee,40.295338,-111.2584445
2019-11-21 06:00:00,74.51498315611445,cfe58efd-ce2a-495a-90cd-6826f704ebee,40.295338,-111.2584445
2019-11-22 06:00:00,67.29317759459805,cfe58efd-ce2a-495a-90cd-6826f704ebee,40.295338,-111.2584445
2019-11-23 06:00:00,46.69519750208493,cfe58efd-ce2a-495a-90cd-6826f704ebee,40.295338,-111.2584445
2019-11-24 06:00:00,31.258405018494063,cfe58efd-ce2a-495a-90cd-6826f704ebee,40.295338,-111.2584445
2019-11-25 06:00:00,49.44409236486547,cfe58efd-ce2a-495a-90cd-6826f704ebee,40.295338,-111.2584445
2019-11-26 06:00:00,51.58885622711622,cfe58efd-ce2a-495a-90cd-6826f704ebee,40.295338,-111.2584445
2019-11-27 06:00:00,59.7736797351086,cfe58efd-ce2a-495a-90cd-6826f704ebee,40.295338,-111.2584445
2019-11-28 06:00:00,60.284247322339034,cfe58efd-ce2a-495a-90cd-6826f704ebee,40.295338,-111.2584445
2019-11-29 06:00:00,61.48924189777357,cfe58efd-ce2a-495a-90cd-6826f704ebee,40.295338,-111.2584445
2019-11-30 06:00:00,63.160902362277476,cfe58efd-ce2a-495a-90cd-6826f704ebee,40.295338,-111.2584445
2019-12-01 06:00:00,43.560135415376784,cfe58efd-ce2a-495a-90cd-6826f704ebee,40.295338,-111.2584445
2019-12-02 06:00:00,33.55504332953754,cfe58efd-ce2a-495a-90cd-6826f704ebee,40.295338,-111.2584445
2019-12-03 06:00:00,37.33333269205378,cfe58efd-ce2a-495a-90cd-6826f704ebee,40.295338,-111.2584445
2019-12-04 06:00:00,36.58059469217526,cfe58efd-ce2a-495a-90cd-6826f704ebee,40.295338,-111.2584445
2019-12-05 06:00:00,71.0115270550496,cfe58efd-ce2a-495a-90cd-6826f704ebee,40.295338,-111.2584445
2019-12-06 06:00:00,47.001345628047666,cfe58efd-ce2a-495a-90cd-6826f704ebee,40.295338,-111.2584445
2019-12-07 06:00:00,51.11364133030491,cfe58efd-ce2a-495a-90cd-6826f704ebee,40.295338,-111.2584445
2019-12-08 06:00:00,58.592794398180466,cfe58efd-ce2a-495a-90cd-6826f704ebee,40.295338,-111.2584445
2019-12-09 06:00:00,67.89452515234751,cfe58efd-ce2a-495a-90cd-6826f704ebee,40.295338,-111.2584445
2019-12-10 06:00:00,47.40845345122442,cfe58efd-ce2a-495a-90cd-6826f704ebee,40.295338,-111.2584445
2019-12-11 06:00:00,36.878387238633515,cfe58efd-ce2a-495a-90cd-6826f704ebee,40.295338,-111.2584445
2019-12-12 06:00:00,59.041978654669066,cfe58efd-ce2a-495a-90cd-6826f704ebee,40.295338,-111.2584445
2019-12-13 06:00:00,70.79682732544532,cfe58efd-ce2a-495a-90cd-6826f704ebee,40.295338,-111.2584445
2019-12-14 06:00:00,67.13400560245276,cfe58efd-ce2a-495a-90cd-6826f704ebee,40.295338,-111.2584445
2019-12-15 06:00:00,53.372623883338065,cfe58efd-ce2a-495a-90cd-6826f704ebee,40.295338,-111.2584445
2019-12-16 06:00:00,65.47511742964717,cfe58efd-ce2a-495a-90cd-6826f704ebee,40.295338,-111.2584445
2019-12-17 06:00:00,32.338905398600616,cfe58efd-ce2a-495a-90cd-6826f704ebee,40.295338,-111.2584445
2019-12-18 06:00:00,40.690586782669826,cfe58efd-ce2a-495a-90cd-6826f704ebee,40.295338,-111.2584445
2019-12-19 06:00:00,38.07262264914975,cfe58efd-ce2a-495a-90cd-6826f704ebee,40.295338,-111.2584445
2019-12-20 06:00:00,36.60778106484244,cfe58efd-ce2a-495a-90cd-6826f704ebee,40.295338,-111.2584445
2019-12-21 06:00:00,33.14563021261342,cfe58efd-ce2a-495a-90cd-6826f704ebee,40.295338,-111.2584445
2019-12-22 06:00:00,38.09827213122453,cfe58efd-ce2a-495a-90cd-6826f704ebee,40.295338,-111.2584445
2019-12-23 06:00:00,47.54399667349604,cfe58efd-ce2a-495a-90cd-6826f704ebee,40.295338,-111.2584445
2019-12-24 06:00:00,73.53102760424873,cfe58efd-ce2a-495a-90cd-6826f704ebee,40.295338,-111.2584445
2019-12-25 06:00:00,60.629107168382696,cfe58efd-ce2a-495a-90cd-6826f704ebee,40.295338,-111.2584445
2019-12-26 06:00:00,66.10499325769665,cfe58efd-ce2a-495a-90cd-6826f704ebee,40.295338,-111.2584445
2019-12-27 06:00:00,61.73016363285004,cfe58efd-ce2a-495a-90cd-6826f704ebee,40.295338,-111.2584445
2019-12-28 06:00:00,69.87809661806602,cfe58efd-ce2a-495a-90cd-6826f704ebee,40.295338,-111.2584445
2019-12-29 06:00:00,65.93871215028791,cfe58efd-ce2a-495a-90cd-6826f704ebee,40.295338,-111.2584445
2019-12-30 06:00:00,66.60758598760043,cfe58efd-ce2a-495a-90cd-6826f704ebee,40.295338,-111.2584445
2019-12-31 06:00:00,48.68770482835578,cfe58efd-ce2a-495a-90cd-6826f704ebee,40.295338,-111.2584445
2020-01-01 06:00:00,63.145340826967164,cfe58efd-ce2a-495a-90cd-6826f704ebee,40.295338,-111.2584445
2020-01-02 06:00:00,73.13323776728825,cfe58efd-ce2a-495a-90cd-6826f704ebee,40.295338,-111.2584445
2020-01-03 06:00:00,42.82824223689685,cfe58efd-ce2a-495a-90cd-6826f704ebee,40.295338,-111.2584445
2020-01-04 06:00:00,30.62391915445026,cfe58efd-ce2a-495a-90cd-6826f704ebee,40.295338,-111.2584445
2020-01-05 06:00:00,45.97425659428871,cfe58efd-ce2a-495a-90cd-6826f704ebee,40.295338,-111.2584445
2020-01-06 06:00:00,44.002688690977074,cfe58efd-ce2a-495a-90cd-6826f704ebee,40.295338,-111.2584445
2020-01-07 06:00:00,34.26926097814906,cfe58efd-ce2a-495a-90cd-6826f704ebee,40.295338,-111.2584445
2020-01-08 06:00:00,44.53794405714579,cfe58efd-ce2a-495a-90cd-6826f704ebee,40.295338,-111.2584445
2020-01-09 06:00:00,49.39644557941888,cfe58efd-ce2a-495a-90cd-6826f704ebee,40.295338,-111.2584445
2020-01-10 06:00:00,61.84101912015683,cfe58efd-ce2a-495a-90cd-6826f704ebee,40.295338,-111.2584445
2020-01-11 06:00:00,44.45148777663994,cfe58efd-ce2a-495a-90cd-6826f704ebee,40.295338,-111.2584445
2020-01-12 06:00:00,62.04236336010907,cfe58efd-ce2a-495a-90cd-6826f704ebee,40.295338,-111.2584445
2020-01-13 06:00:00,52.97387127322034,cfe58efd-ce2a-495a-90cd-6826f704ebee,40.295338,-111.2584445
2020-01-14 06:00:00,49.148031815557275,cfe58efd-ce2a-495a-90cd-6826f704ebee,40.295338,-111.2584445
2020-01-15 06:00:00,49.551393118646715,cfe58efd-ce2a-495a-90cd-6826f704ebee,40.295338,-111.2584445
2020-01-16 06:00:00,39.40470663798074,cfe58efd-ce2a-495a-90cd-6826f704ebee,40.295338,-111.2584445
2020-01-17 06:00:00,54.71152667467923,cfe58efd-ce2a-495a-90cd-6826f704ebee,40.295338,-111.2584445
2020-01-18 06:00:00,36.62708960028363,cfe58efd-ce2a-495a-90cd-6826f704ebee,40.295338,-111.2584445
2020-01-19 06:00:00,33.27454437966764,cfe58efd-ce2a-495a-90cd-6826f704ebee,40.295338,-111.2584445
2020-01-20 06:00:00,43.78309243281912,cfe58efd-ce2a-495a-90cd-6826f704ebee,40.295338,-111.2584445
2020-01-21 06:00:00,53.75802097082368,cfe58efd-ce2a-495a-90cd-6826f704ebee,40.295338,-111.2584445
2020-01-22 06:00:00,53.548991233539866,cfe58efd-ce2a-495a-90cd-6826f704ebee,40.295338,-111.2584445
2020-01-23 06:00:00,57.72334316667745,cfe58efd-ce2a-495a-90cd-6826f704ebee,40.295338,-111.2584445
2020-01-24 06:00:00,44.72574346141101,cfe58efd-ce2a-495a-90cd-6826f704ebee,40.295338,-111.2584445
2020-01-25 06:00:00,44.599904312295024,cfe58efd-ce2a-495a-90cd-6826f704ebee,40.295338,-111.2584445
2020-01-26 06:00:00,35.04947033899547,cfe58efd-ce2a-495a-90cd-6826f704ebee,40.295338,-111.2584445
2020-01-27 06:00:00,65.91632992527327,cfe58efd-ce2a-495a-90cd-6826f704ebee,40.295338,-111.2584445
2020-01-28 06:00:00,50.683284807159396,cfe58efd-ce2a-495a-90cd-6826f704ebee,40.295338,-111.2584445
2020-01-29 06:00:00,58.155811159571826,cfe58efd-ce2a-495a-90cd-6826f704ebee,40.295338,-111.2584445
2020-01-30 06:00:00,51.38511063340303,cfe58efd-ce2a-495a-90cd-6826f704ebee,40.295338,-111.2584445
2020-01-31 06:00:00,39.7332372711211,cfe58efd-ce2a-495a-90cd-6826f704ebee,40.295338,-111.2584445
2020-02-01 06:00:00,29.964072860512562,cfe58efd-ce2a-495a-90cd-6826f704ebee,40.295338,-111.2584445
2020-02-02 06:00:00,23.09145066465585,cfe58efd-ce2a-495a-90cd-6826f704ebee,40.295338,-111.2584445
2020-02-03 06:00:00,47.88530352296564,cfe58efd-ce2a-495a-90cd-6826f704ebee,40.295338,-111.2584445
2020-02-04 06:00:00,63.049280285720755,cfe58efd-ce2a-495a-90cd-6826f704ebee,40.295338,-111.2584445
2020-02-05 06:00:00,50.43957724374264,cfe58efd-ce2a-495a-90cd-6826f704ebee,40.295338,-111.2584445
2020-02-06 06:00:00,52.62824343810508,cfe58efd-ce2a-495a-90cd-6826f704ebee,40.295338,-111.2584445
2020-02-07 06:00:00,59.99606073692827,cfe58efd-ce2a-495a-90cd-6826f704ebee,40.295338,-111.2584445
2020-02-08 06:00:00,33.04399467270381,cfe58efd-ce2a-495a-90cd-6826f704ebee,40.295338,-111.2584445
2020-02-09 06:00:00,47.552833172361176,cfe58efd-ce2a-495a-90cd-6826f704ebee,40.295338,-111.2584445
2020-02-10 06:00:00,47.022093231465014,cfe58efd-ce2a-495a-90cd-6826f704ebee,40.295338,-111.2584445
2020-02-11 06:00:00,36.90557263655575,cfe58efd-ce2a-495a-90cd-6826f704ebee,40.295338,-111.2584445
2020-02-12 06:00:00,48.04265108575739,cfe58efd-ce2a-495a-90cd-6826f704ebee,40.295338,-111.2584445
2020-02-13 06:00:00,39.13688750179998,cfe58efd-ce2a-495a-90cd-6826f704ebee,40.295338,-111.2584445
2020-02-14 06:00:00,26.92680132973091,cfe58efd-ce2a-495a-90cd-6826f704ebee,40.295338,-111.2584445
2020-02-15 06:00:00,35.384821786431594,cfe58efd-ce2a-495a-90cd-6826f704ebee,40.295338,-111.2584445
2020-02-16 06:00:00,53.37973112972966,cfe58efd-ce2a-495a-90cd-6826f704ebee,40.295338,-111.2584445
2020-02-17 06:00:00,56.884534434557644,cfe58efd-ce2a-495a-90cd-6826f704ebee,40.295338,-111.2584445
2020-02-18 06:00:00,41.06416883661012,cfe58efd-ce2a-495a-90cd-6826f704ebee,40.295338,-111.2584445
2020-02-19 06:00:00,41.8367909661402,cfe58efd-ce2a-495a-90cd-6826f704ebee,40.295338,-111.2584445
2020-02-20 06:00:00,26.953122575963267,cfe58efd-ce2a-495a-90cd-6826f704ebee,40.295338,-111.2584445
2020-02-21 06:00:00,30.687992189390858,cfe58efd-ce2a-495a-90cd-6826f704ebee,40.295338,-111.2584445
2020-02-22 06:00:00,33.94428432182437,cfe58efd-ce2a-495a-90cd-6826f704ebee,40.295338,-111.2584445
2020-02-23 06:00:00,34.15014502225761,cfe58efd-ce2a-495a-90cd-6826f704ebee,40.295338,-111.2584445
2020-02-24 06:00:00,39.73467856342122,cfe58efd-ce2a-495a-90cd-6826f704ebee,40.295338,-111.2584445
2020-02-25 06:00:00,43.81517864304248,cfe58efd-ce2a-495a-90cd-6826f704ebee,40.295338,-111.2584445
2020-02-26 06:00:00,28.83621547819902,cfe58efd-ce2a-495a-90cd-6826f704ebee,40.295338,-111.2584445
2020-02-27 06:00:00,25.69798258287648,cfe58efd-ce2a-495a-90cd-6826f704ebee,40.295338,-111.2584445
2020-02-28 06:00:00,22.989433136499354,cfe58efd-ce2a-495a-90cd-6826f704ebee,40.295338,-111.2584445
2020-02-29 06:00:00,27.472141850349654,cfe58efd-ce2a-495a-90cd-6826f704ebee,40.295338,-111.2584445
2020-03-01 06:00:00,47.02622410154023,cfe58efd-ce2a-495a-90cd-6826f704ebee,40.295338,-111.2584445
2020-03-02 06:00:00,50.73909586559226,cfe58efd-ce2a-495a-90cd-6826f704ebee,40.295338,-111.2584445
2020-03-03 06:00:00,37.35273878260603,cfe58efd-ce2a-495a-90cd-6826f704ebee,40.295338,-111.2584445
2020-03-04 06:00:00,29.599711679244244,cfe58efd-ce2a-495a-90cd-6826f704ebee,40.295338,-111.2584445
2020-03-05 06:00:00,26.403169710743786,cfe58efd-ce2a-495a-90cd-6826f704ebee,40.295338,-111.2584445
2020-03-06 06:00:00,28.911815478410094,cfe58efd-ce2a-495a-90cd-6826f704ebee,40.295338,-111.2584445
2020-03-07 06:00:00,36.7176755232724,cfe58efd-ce2a-495a-90cd-6826f704ebee,40.295338,-111.2584445
2020-03-08 06:00:00,44.48299689022655,cfe58efd-ce2a-495a-90cd-6826f704ebee,40.295338,-111.2584445
2020-03-09 06:00:00,38.276657181445735,cfe58efd-ce2a-495a-90cd-6826f704ebee,40.295338,-111.2584445
2020-03-10 06:00:00,34.137847046572695,cfe58efd-ce2a-495a-90cd-6826f704ebee,40.295338,-111.2584445
2020-03-11 06:00:00,33.97022139579488,cfe58efd-ce2a-495a-90cd-6826f704ebee,40.295338,-111.2584445
2020-03-12 06:00:00,32.043515499455786,cfe58efd-ce2a-495a-90cd-6826f704ebee,40.295338,-111.2584445
2020-03-13 06:00:00,52.30950940926412,cfe58efd-ce2a-495a-90cd-6826f704ebee,40.295338,-111.2584445
2020-03-14 06:00:00,47.887222975292076,cfe58efd-ce2a-495a-90cd-6826f704ebee,40.295338,-111.2584445
2020-03-15 06:00:00,41.68549459056139,cfe58efd-ce2a-495a-90cd-6826f704ebee,40.295338,-111.2584445
2020-03-16 06:00:00,29.079250606863006,cfe58efd-ce2a-495a-90cd-6826f704ebee,40.295338,-111.2584445
2020-03-17 06:00:00,38.02708975565651,cfe58efd-ce2a-495a-90cd-6826f704ebee,40.295338,-111.2584445
2020-03-18 06:00:00,45.75119940531472,cfe58efd-ce2a-495a-90cd-6826f704ebee,40.295338,-111.2584445
2020-03-19 06:00:00,47.438136841905,cfe58efd-ce2a-495a-90cd-6826f704ebee,40.295338,-111.2584445
2020-03-20 06:00:00,40.774928079214845,cfe58efd-ce2a-495a-90cd-6826f704ebee,40.295338,-111.2584445
2020-03-21 06:00:00,45.78664792855123,cfe58efd-ce2a-495a-90cd-6826f704ebee,40.295338,-111.2584445
2020-03-22 06:00:00,33.078576885886655,cfe58efd-ce2a-495a-90cd-6826f704ebee,40.295338,-111.2584445
2020-03-23 06:00:00,39.58520669414949,cfe58efd-ce2a-495a-90cd-6826f704ebee,40.295338,-111.2584445
2020-03-24 06:00:00,40.12219020246201,cfe58efd-ce2a-495a-90cd-6826f704ebee,40.295338,-111.2584445
2020-03-25 06:00:00,41.5929873500388,cfe58efd-ce2a-495a-90cd-6826f704ebee,40.295338,-111.2584445
2020-03-26 06:00:00,50.90835714202793,cfe58efd-ce2a-495a-90cd-6826f704ebee,40.295338,-111.2584445
2020-03-27 06:00:00,40.33150921545843,cfe58efd-ce2a-495a-90cd-6826f704ebee,40.295338,-111.2584445
2020-03-28 06:00:00,40.79125811662041,cfe58efd-ce2a-495a-90cd-6826f704ebee,40.295338,-111.2584445
2020-03-29 06:00:00,43.62459205092431,cfe58efd-ce2a-495a-90cd-6826f704ebee,40.295338,-111.2584445
2020-03-30 06:00:00,35.21911660303415,cfe58efd-ce2a-495a-90cd-6826f704ebee,40.295338,-111.2584445
2020-03-31 06:00:00,28.01306374226478,cfe58efd-ce2a-495a-90cd-6826f704ebee,40.295338,-111.2584445
2020-04-01 06:00:00,32.1799230676334,cfe58efd-ce2a-495a-90cd-6826f704ebee,40.295338,-111.2584445
2020-04-02 06:00:00,45.70288087403282,cfe58efd-ce2a-495a-90cd-6826f704ebee,40.295338,-111.2584445
2020-04-03 06:00:00,20.326993387095868,cfe58efd-ce2a-495a-90cd-6826f704ebee,40.295338,-111.2584445
2020-04-04 06:00:00,21.956772788686322,cfe58efd-ce2a-495a-90cd-6826f704ebee,40.295338,-111.2584445
2020-04-05 06:00:00,31.526128571040353,cfe58efd-ce2a-495a-90cd-6826f704ebee,40.295338,-111.2584445
2020-04-06 06:00:00,34.89759941357586,cfe58efd-ce2a-495a-90cd-6826f704ebee,40.295338,-111.2584445
2020-04-07 06:00:00,26.30499502286444,cfe58efd-ce2a-495a-90cd-6826f704ebee,40.295338,-111.2584445
2020-04-08 06:00:00,22.146108931469072,cfe58efd-ce2a-495a-90cd-6826f704ebee,40.295338,-111.2584445
2020-04-09 06:00:00,28.132949026586004,cfe58efd-ce2a-495a-90cd-6826f704ebee,40.295338,-111.2584445
2020-04-10 06:00:00,28.17848167272856,cfe58efd-ce2a-495a-90cd-6826f704ebee,40.295338,-111.2584445
2020-04-11 06:00:00,28.623631393989612,cfe58efd-ce2a-495a-90cd-6826f704ebee,40.295338,-111.2584445
2020-04-12 06:00:00,38.158501895314565,cfe58efd-ce2a-495a-90cd-6826f704ebee,40.295338,-111.2584445
2020-04-13 06:00:00,28.52766561004316,cfe58efd-ce2a-495a-90cd-6826f704ebee,40.295338,-111.2584445
2020-04-14 06:00:00,25.37531167469153,cfe58efd-ce2a-495a-90cd-6826f704ebee,40.295338,-111.2584445
2020-04-15 06:00:00,37.10701269466756,cfe58efd-ce2a-495a-90cd-6826f704ebee,40.295338,-111.2584445
2020-04-16 06:00:00,44.97204714068763,cfe58efd-ce2a-495a-90cd-6826f704ebee,40.295338,-111.2584445
2020-04-17 06:00:00,21.624399522310494,cfe58efd-ce2a-495a-90cd-6826f704ebee,40.295338,-111.2584445
2020-04-18 06:00:00,28.31594550346206,cfe58efd-ce2a-495a-90cd-6826f704ebee,40.295338,-111.2584445
2020-04-19 06:00:00,30.261959416722018,cfe58efd-ce2a-495a-90cd-6826f704ebee,40.295338,-111.2584445
2020-04-20 06:00:00,23.63813584957068,cfe58efd-ce2a-495a-90cd-6826f704ebee,40.295338,-111.2584445
2020-04-21 06:00:00,25.802400834507722,cfe58efd-ce2a-495a-90cd-6826f704ebee,40.295338,-111.2584445
2020-04-22 06:00:00,29.589049281579275,cfe58efd-ce2a-495a-90cd-6826f704ebee,40.295338,-111.2584445
2020-04-23 06:00:00,38.961189676774,cfe58efd-ce2a-495a-90cd-6826f704ebee,40.295338,-111.2584445
2020-04-24 06:00:00,29.170412629756875,cfe58efd-ce2a-495a-90cd-6826f704ebee,40.295338,-111.2584445
2020-04-25 06:00:00,22.43275747931313,cfe58efd-ce2a-495a-90cd-6826f704ebee,40.295338,-111.2584445
2020-04-26 06:00:00,22.759749578353194,cfe58efd-ce2a-495a-90cd-6826f704ebee,40.295338,-111.2584445
2020-04-27 06:00:00,20.08693607304672,cfe58efd-ce2a-495a-90cd-6826f704ebee,40.295338,-111.2584445
2020-04-28 06:00:00,27.551201066411995,cfe58efd-ce2a-495a-90cd-6826f704ebee,40.295338,-111.2584445
2020-04-29 06:00:00,17.09510137940919,cfe58efd-ce2a-495a-90cd-6826f704ebee,40.295338,-111.2584445
2020-04-30 06:00:00,25.684534503449395,cfe58efd-ce2a-495a-90cd-6826f704ebee,40.295338,-111.2584445
2020-05-01 06:00:00,35.195004575877775,cfe58efd-ce2a-495a-90cd-6826f704ebee,40.295338,-111.2584445
2020-05-02 06:00:00,36.35465993157496,cfe58efd-ce2a-495a-90cd-6826f704ebee,40.295338,-111.2584445
2020-05-03 06:00:00,31.506820759328935,cfe58efd-ce2a-495a-90cd-6826f704ebee,40.295338,-111.2584445
2020-05-04 06:00:00,28.171277867957564,cfe58efd-ce2a-495a-90cd-6826f704ebee,40.295338,-111.2584445
2020-05-05 06:00:00,16.9858788591984,cfe58efd-ce2a-495a-90cd-6826f704ebee,40.295338,-111.2584445
2020-05-06 06:00:00,18.171950502423115,cfe58efd-ce2a-495a-90cd-6826f704ebee,40.295338,-111.2584445
2020-05-07 06:00:00,24.798463132493666,cfe58efd-ce2a-495a-90cd-6826f704ebee,40.295338,-111.2584445
2020-05-08 06:00:00,18.012391928637065,cfe58efd-ce2a-495a-90cd-6826f704ebee,40.295338,-111.2584445
2020-05-09 06:00:00,17.401728682284396,cfe58efd-ce2a-495a-90cd-6826f704ebee,40.295338,-111.2584445
2020-05-10 06:00:00,17.60701274596992,cfe58efd-ce2a-495a-90cd-6826f704ebee,40.295338,-111.2584445
2020-05-11 06:00:00,21.398462478754958,cfe58efd-ce2a-495a-90cd-6826f704ebee,40.295338,-111.2584445
2020-05-12 06:00:00,20.42612839111563,cfe58efd-ce2a-495a-90cd-6826f704ebee,40.295338,-111.2584445
2020-05-13 06:00:00,32.88626304208717,cfe58efd-ce2a-495a-90cd-6826f704ebee,40.295338,-111.2584445
2020-05-14 06:00:00,30.354562834520735,cfe58efd-ce2a-495a-90cd-6826f704ebee,40.295338,-111.2584445
2020-05-15 06:00:00,33.21940485269948,cfe58efd-ce2a-495a-90cd-6826f704ebee,40.295338,-111.2584445
2020-05-16 06:00:00,28.23352532473811,cfe58efd-ce2a-495a-90cd-6826f704ebee,40.295338,-111.2584445
2020-05-17 06:00:00,22.074447780246352,cfe58efd-ce2a-495a-90cd-6826f704ebee,40.295338,-111.2584445
2020-05-18 06:00:00,18.469836530951095,cfe58efd-ce2a-495a-90cd-6826f704ebee,40.295338,-111.2584445
2020-05-19 06:00:00,20.92084498959705,cfe58efd-ce2a-495a-90cd-6826f704ebee,40.295338,-111.2584445
2020-05-20 06:00:00,33.22862704274291,cfe58efd-ce2a-495a-90cd-6826f704ebee,40.295338,-111.2584445
2020-05-21 06:00:00,28.411622850855995,cfe58efd-ce2a-495a-90cd-6826f704ebee,40.295338,-111.2584445
2020-05-22 06:00:00,26.06109518368123,cfe58efd-ce2a-495a-90cd-6826f704ebee,40.295338,-111.2584445
2020-05-23 06:00:00,50.10172893952911,cfe58efd-ce2a-495a-90cd-6826f704ebee,40.295338,-111.2584445
2020-05-24 06:00:00,34.943419585653956,cfe58efd-ce2a-495a-90cd-6826f704ebee,40.295338,-111.2584445
2020-05-25 06:00:00,24.669260822043295,cfe58efd-ce2a-495a-90cd-6826f704ebee,40.295338,-111.2584445
2020-05-26 06:00:00,22.036215114318672,cfe58efd-ce2a-495a-90cd-6826f704ebee,40.295338,-111.2584445
2020-05-27 06:00:00,26.447357958263215,cfe58efd-ce2a-495a-90cd-6826f704ebee,40.295338,-111.2584445
2020-05-28 06:00:00,25.703746872607848,cfe58efd-ce2a-495a-90cd-6826f704ebee,40.295338,-111.2584445
2020-05-29 06:00:00,21.97771365360843,cfe58efd-ce2a-495a-90cd-6826f704ebee,40.295338,-111.2584445
2020-05-30 06:00:00,23.077137511928534,cfe58efd-ce2a-495a-90cd-6826f704ebee,40.295338,-111.2584445
2020-05-31 06:00:00,23.543803848061394,cfe58efd-ce2a-495a-90cd-6826f704ebee,40.295338,-111.2584445
2020-06-01 06:00:00,19.068876141888037,cfe58efd-ce2a-495a-90cd-6826f704ebee,40.295338,-111.2584445
2020-06-02 06:00:00,21.644380701378374,cfe58efd-ce2a-495a-90cd-6826f704ebee,40.295338,-111.2584445
2020-06-03 06:00:00,21.90393795266275,cfe58efd-ce2a-495a-90cd-6826f704ebee,40.295338,-111.2584445
2020-06-04 06:00:00,21.21181601635203,cfe58efd-ce2a-495a-90cd-6826f704ebee,40.295338,-111.2584445
2020-06-05 06:00:00,20.033813516871504,cfe58efd-ce2a-495a-90cd-6826f704ebee,40.295338,-111.2584445
2020-06-06 06:00:00,57.47291088562305,cfe58efd-ce2a-495a-90cd-6826f704ebee,40.295338,-111.2584445
2020-06-07 06:00:00,55.88818522076786,cfe58efd-ce2a-495a-90cd-6826f704ebee,40.295338,-111.2584445
2020-06-08 06:00:00,53.688761448196,cfe58efd-ce2a-495a-90cd-6826f704ebee,40.295338,-111.2584445
2020-06-09 06:00:00,29.796349416434136,cfe58efd-ce2a-495a-90cd-6826f704ebee,40.295338,-111.2584445
2020-06-10 06:00:00,24.51085561886072,cfe58efd-ce2a-495a-90cd-6826f704ebee,40.295338,-111.2584445
2020-06-11 06:00:00,20.204034387550028,cfe58efd-ce2a-495a-90cd-6826f704ebee,40.295338,-111.2584445
2020-06-12 06:00:00,18.56887614188804,cfe58efd-ce2a-495a-90cd-6826f704ebee,40.295338,-111.2584445
2020-06-13 06:00:00,20.90403515048948,cfe58efd-ce2a-495a-90cd-6826f704ebee,40.295338,-111.2584445
2020-06-14 06:00:00,27.063015597927013,cfe58efd-ce2a-495a-90cd-6826f704ebee,40.295338,-111.2584445
2020-06-15 06:00:00,23.355619980210186,cfe58efd-ce2a-495a-90cd-6826f704ebee,40.295338,-111.2584445
2020-06-16 06:00:00,27.679443174320046,cfe58efd-ce2a-495a-90cd-6826f704ebee,40.295338,-111.2584445
2020-06-17 06:00:00,40.541499094821084,cfe58efd-ce2a-495a-90cd-6826f704ebee,40.295338,-111.2584445
2020-06-18 06:00:00,28.065129526524906,cfe58efd-ce2a-495a-90cd-6826f704ebee,40.295338,-111.2584445
2020-06-19 06:00:00,27.786359085244243,cfe58efd-ce2a-495a-90cd-6826f704ebee,40.295338,-111.2584445
2020-06-20 06:00:00,23.316810842435252,cfe58efd-ce2a-495a-90cd-6826f704ebee,40.295338,-111.2584445
2020-06-21 06:00:00,21.708741265918984,cfe58efd-ce2a-495a-90cd-6826f704ebee,40.295338,-111.2584445
2020-06-22 06:00:00,26.753890181366465,cfe58efd-ce2a-495a-90cd-6826f704ebee,40.295338,-111.2584445
2020-06-23 06:00:00,23.735926869050687,cfe58efd-ce2a-495a-90cd-6826f704ebee,40.295338,-111.2584445
2020-06-24 06:00:00,20.52257428091381,cfe58efd-ce2a-495a-90cd-6826f704ebee,40.295338,-111.2584445
2020-06-25 06:00:00,26.89490897098948,cfe58efd-ce2a-495a-90cd-6826f704ebee,40.295338,-111.2584445
2020-06-26 06:00:00,25.830067377154585,cfe58efd-ce2a-495a-90cd-6826f704ebee,40.295338,-111.2584445
2020-06-27 06:00:00,20.459846879517542,cfe58efd-ce2a-495a-90cd-6826f704ebee,40.295338,-111.2584445
2020-06-28 06:00:00,27.499423022458007,cfe58efd-ce2a-495a-90cd-6826f704ebee,40.295338,-111.2584445
2020-06-29 06:00:00,53.27896198049174,cfe58efd-ce2a-495a-90cd-6826f704ebee,40.295338,-111.2584445
2020-06-30 06:00:00,37.64658950453877,cfe58efd-ce2a-495a-90cd-6826f704ebee,40.295338,-111.2584445
2020-07-01 06:00:00,20.790778234300422,cfe58efd-ce2a-495a-90cd-6826f704ebee,40.295338,-111.2584445
2020-07-02 06:00:00,20.937175400777004,cfe58efd-ce2a-495a-90cd-6826f704ebee,40.295338,-111.2584445
2020-07-03 06:00:00,22.610086723203043,cfe58efd-ce2a-495a-90cd-6826f704ebee,40.295338,-111.2584445
2020-07-04 06:00:00,23.014793220102273,cfe58efd-ce2a-495a-90cd-6826f704ebee,40.295338,-111.2584445
2020-07-05 06:00:00,20.399423095380655,cfe58efd-ce2a-495a-90cd-6826f704ebee,40.295338,-111.2584445
2020-07-06 06:00:00,16.6994235197245,cfe58efd-ce2a-495a-90cd-6826f704ebee,40.295338,-111.2584445
2020-07-07 06:00:00,18.031796370184733,cfe58efd-ce2a-495a-90cd-6826f704ebee,40.295338,-111.2584445
2020-07-08 06:00:00,20.28078758796743,cfe58efd-ce2a-495a-90cd-6826f704ebee,40.295338,-111.2584445
2020-07-09 06:00:00,16.535062472941664,cfe58efd-ce2a-495a-90cd-6826f704ebee,40.295338,-111.2584445
2020-07-10 06:00:00,14.164841559389025,cfe58efd-ce2a-495a-90cd-6826f704ebee,40.295338,-111.2584445
2020-07-11 06:00:00,16.03506247294167,cfe58efd-ce2a-495a-90cd-6826f704ebee,40.295338,-111.2584445
2020-07-12 06:00:00,18.81267996869559,cfe58efd-ce2a-495a-90cd-6826f704ebee,40.295338,-111.2584445
2020-07-13 06:00:00,19.263785524395775,cfe58efd-ce2a-495a-90cd-6826f704ebee,40.295338,-111.2584445
2020-07-14 06:00:00,22.853121905001625,cfe58efd-ce2a-495a-90cd-6826f704ebee,40.295338,-111.2584445
2020-07-15 06:00:00,20.38559018958657,cfe58efd-ce2a-495a-90cd-6826f704ebee,40.295338,-111.2584445
2020-07-16 06:00:00,21.067051016288122,cfe58efd-ce2a-495a-90cd-6826f704ebee,40.295338,-111.2584445
2020-07-17 06:00:00,20.750432979133013,cfe58efd-ce2a-495a-90cd-6826f704ebee,40.295338,-111.2584445
2020-07-18 06:00:00,19.382323986057134,cfe58efd-ce2a-495a-90cd-6826f704ebee,40.295338,-111.2584445
2020-07-19 06:00:00,20.48021100691943,cfe58efd-ce2a-495a-90cd-6826f704ebee,40.295338,-111.2584445
2020-07-20 06:00:00,18.612680292266937,cfe58efd-ce2a-495a-90cd-6826f704ebee,40.295338,-111.2584445
2020-07-21 06:00:00,17.78828057500746,cfe58efd-ce2a-495a-90cd-6826f704ebee,40.295338,-111.2584445
2020-07-22 06:00:00,39.5417875313736,cfe58efd-ce2a-495a-90cd-6826f704ebee,40.295338,-111.2584445
2020-07-23 06:00:00,31.095196680880647,cfe58efd-ce2a-495a-90cd-6826f704ebee,40.295338,-111.2584445
2020-07-24 06:00:00,25.565417660759916,cfe58efd-ce2a-495a-90cd-6826f704ebee,40.295338,-111.2584445
2020-07-25 06:00:00,22.48453358660285,cfe58efd-ce2a-495a-90cd-6826f704ebee,40.295338,-111.2584445
2020-07-26 06:00:00,22.287800214476135,cfe58efd-ce2a-495a-90cd-6826f704ebee,40.295338,-111.2584445
2020-07-27 06:00:00,21.714313521737896,cfe58efd-ce2a-495a-90cd-6826f704ebee,40.295338,-111.2584445
2020-07-28 06:00:00,26.97118171010306,cfe58efd-ce2a-495a-90cd-6826f704ebee,40.295338,-111.2584445
2020-07-29 06:00:00,19.531316577643874,cfe58efd-ce2a-495a-90cd-6826f704ebee,40.295338,-111.2584445
2020-07-30 06:00:00,16.048415018204427,cfe58efd-ce2a-495a-90cd-6826f704ebee,40.295338,-111.2584445
2020-07-31 06:00:00,14.372814709812717,cfe58efd-ce2a-495a-90cd-6826f704ebee,40.295338,-111.2584445
2020-08-01 06:00:00,13.732372676948305,cfe58efd-ce2a-495a-90cd-6826f704ebee,40.295338,-111.2584445
2020-08-02 06:00:00,13.791931021339497,cfe58efd-ce2a-495a-90cd-6826f704ebee,40.295338,-111.2584445
2020-08-03 06:00:00,12.397309912499274,cfe58efd-ce2a-495a-90cd-6826f704ebee,40.295338,-111.2584445
2020-08-04 06:00:00,16.962151632757855,cfe58efd-ce2a-495a-90cd-6826f704ebee,40.295338,-111.2584445
2020-08-05 06:00:00,16.845724675657657,cfe58efd-ce2a-495a-90cd-6826f704ebee,40.295338,-111.2584445
2020-08-06 06:00:00,13.921805733562547,cfe58efd-ce2a-495a-90cd-6826f704ebee,40.295338,-111.2584445
2020-08-07 06:00:00,13.554274658877386,cfe58efd-ce2a-495a-90cd-6826f704ebee,40.295338,-111.2584445
2020-08-08 06:00:00,12.216522522778837,cfe58efd-ce2a-495a-90cd-6826f704ebee,40.295338,-111.2584445
2020-08-09 06:00:00,10.5165227135137,cfe58efd-ce2a-495a-90cd-6826f704ebee,40.295338,-111.2584445
2020-08-10 06:00:00,11.167531499029009,cfe58efd-ce2a-495a-90cd-6826f704ebee,40.295338,-111.2584445
2020-08-11 06:00:00,14.521806115032273,cfe58efd-ce2a-495a-90cd-6826f704ebee,40.295338,-111.2584445
2020-08-12 06:00:00,16.64303608838465,cfe58efd-ce2a-495a-90cd-6826f704ebee,40.295338,-111.2584445
2020-08-13 06:00:00,12.664937829192617,cfe58efd-ce2a-495a-90cd-6826f704ebee,40.295338,-111.2584445
2020-08-14 06:00:00,13.894716267397952,cfe58efd-ce2a-495a-90cd-6826f704ebee,40.295338,-111.2584445
2020-08-15 06:00:00,14.845725193261874,cfe58efd-ce2a-495a-90cd-6826f704ebee,40.295338,-111.2584445
2020-08-16 06:00:00,13.189337020419632,cfe58efd-ce2a-495a-90cd-6826f704ebee,40.295338,-111.2584445
2020-08-17 06:00:00,12.568107924704137,cfe58efd-ce2a-495a-90cd-6826f704ebee,40.295338,-111.2584445
2020-08-18 06:00:00,12.39202656136695,cfe58efd-ce2a-495a-90cd-6826f704ebee,40.295338,-111.2584445
2020-08-19 06:00:00,15.884053428166196,cfe58efd-ce2a-495a-90cd-6826f704ebee,40.295338,-111.2584445
2020-08-20 06:00:00,19.066954954442327,cfe58efd-ce2a-495a-90cd-6826f704ebee,40.295338,-111.2584445
2020-08-21 06:00:00,15.575504250760039,cfe58efd-ce2a-495a-90cd-6826f704ebee,40.295338,-111.2584445
2020-08-22 06:00:00,14.237752114661491,cfe58efd-ce2a-495a-90cd-6826f704ebee,40.295338,-111.2584445
2020-08-23 06:00:00,20.345149339791334,cfe58efd-ce2a-495a-90cd-6826f704ebee,40.295338,-111.2584445
2020-08-24 06:00:00,21.46695462427497,cfe58efd-ce2a-495a-90cd-6826f704ebee,40.295338,-111.2584445
2020-08-25 06:00:00,20.95629186016453,cfe58efd-ce2a-495a-90cd-6826f704ebee,40.295338,-111.2584445
2020-08-26 06:00:00,21.251008730914936,cfe58efd-ce2a-495a-90cd-6826f704ebee,40.295338,-111.2584445
2020-08-27 06:00:00,17.461671323528897,cfe58efd-ce2a-495a-90cd-6826f704ebee,40.295338,-111.2584445
2020-08-28 06:00:00,17.302017571030618,cfe58efd-ce2a-495a-90cd-6826f704ebee,40.295338,-111.2584445
2020-08-29 06:00:00,18.650431978370452,cfe58efd-ce2a-495a-90cd-6826f704ebee,40.295338,-111.2584445
2020-08-30 06:00:00,17.904610486355796,cfe58efd-ce2a-495a-90cd-6826f704ebee,40.295338,-111.2584445
2020-08-31 06:00:00,17.87002837394546,cfe58efd-ce2a-495a-90cd-6826f704ebee,40.295338,-111.2584445
2020-09-01 06:00:00,22.178675033173576,cfe58efd-ce2a-495a-90cd-6826f704ebee,40.295338,-111.2584445
2020-09-02 06:00:00,16.7621520571017,cfe58efd-ce2a-495a-90cd-6826f704ebee,40.295338,-111.2584445
2020-09-03 06:00:00,12.148895576982746,cfe58efd-ce2a-495a-90cd-6826f704ebee,40.295338,-111.2584445
2020-09-04 06:00:00,9.403169811516287,cfe58efd-ce2a-495a-90cd-6826f704ebee,40.295338,-111.2584445
2020-09-05 06:00:00,7.451585022562635,cfe58efd-ce2a-495a-90cd-6826f704ebee,40.295338,-111.2584445
2020-09-06 06:00:00,8.864841602263143,cfe58efd-ce2a-495a-90cd-6826f704ebee,40.295338,-111.2584445
2020-09-07 06:00:00,12.119020318206289,cfe58efd-ce2a-495a-90cd-6826f704ebee,40.295338,-111.2584445
2020-09-08 06:00:00,44.24130509199715,cfe58efd-ce2a-495a-90cd-6826f704ebee,40.295338,-111.2584445
2020-09-09 06:00:00,27.830643281011373,cfe58efd-ce2a-495a-90cd-6826f704ebee,40.295338,-111.2584445
2020-09-10 06:00:00,25.53909738560804,cfe58efd-ce2a-495a-90cd-6826f704ebee,40.295338,-111.2584445
2020-09-11 06:00:00,15.718443866879984,cfe58efd-ce2a-495a-90cd-6826f704ebee,40.295338,-111.2584445
2020-09-12 06:00:00,9.50528311752334,cfe58efd-ce2a-495a-90cd-6826f704ebee,40.295338,-111.2584445
2020-09-13 06:00:00,8.837752212135983,cfe58efd-ce2a-495a-90cd-6826f704ebee,40.295338,-111.2584445
2020-09-14 06:00:00,9.135062311155995,cfe58efd-ce2a-495a-90cd-6826f704ebee,40.295338,-111.2584445
2020-09-15 06:00:00,8.035062548521045,cfe58efd-ce2a-495a-90cd-6826f704ebee,40.295338,-111.2584445
2020-09-16 06:00:00,8.635062311155995,cfe58efd-ce2a-495a-90cd-6826f704ebee,40.295338,-111.2584445
2020-09-17 06:00:00,9.491930546609401,cfe58efd-ce2a-495a-90cd-6826f704ebee,40.295338,-111.2584445
2020-09-18 06:00:00,11.394620824844994,cfe58efd-ce2a-495a-90cd-6826f704ebee,40.295338,-111.2584445
2020-09-19 06:00:00,25.434774109311796,cfe58efd-ce2a-495a-90cd-6826f704ebee,40.295338,-111.2584445
2020-09-20 06:00:00,21.43804031284124,cfe58efd-ce2a-495a-90cd-6826f704ebee,40.295338,-111.2584445
2020-09-21 06:00:00,16.97531143686842,cfe58efd-ce2a-495a-90cd-6826f704ebee,40.295338,-111.2584445
2020-09-22 06:00:00,22.22891460898745,cfe58efd-ce2a-495a-90cd-6826f704ebee,40.295338,-111.2584445
2020-09-23 06:00:00,18.242843677399826,cfe58efd-ce2a-495a-90cd-6826f704ebee,40.295338,-111.2584445
2020-09-24 06:00:00,12.583380987733518,cfe58efd-ce2a-495a-90cd-6826f704ebee,40.295338,-111.2584445
2020-09-25 06:00:00,14.542939336338831,cfe58efd-ce2a-495a-90cd-6826f704ebee,40.295338,-111.2584445
2020-09-26 06:00:00,21.248606972231762,cfe58efd-ce2a-495a-90cd-6826f704ebee,40.295338,-111.2584445
2020-09-27 06:00:00,32.31604243928029,cfe58efd-ce2a-495a-90cd-6826f704ebee,40.295338,-111.2584445
2020-09-28 06:00:00,17.56003813693205,cfe58efd-ce2a-495a-90cd-6826f704ebee,40.295338,-111.2584445
2020-09-29 06:00:00,11.140922469433171,cfe58efd-ce2a-495a-90cd-6826f704ebee,40.295338,-111.2584445
2020-09-30 06:00:00,8.392507231086634,cfe58efd-ce2a-495a-90cd-6826f704ebee,40.295338,-111.2584445
2020-10-01 06:00:00,8.484533961751389,cfe58efd-ce2a-495a-90cd-6826f704ebee,40.295338,-111.2584445
2020-10-02 06:00:00,9.857348930366216,cfe58efd-ce2a-495a-90cd-6826f704ebee,40.295338,-111.2584445
2020-10-03 06:00:00,10.013736661641675,cfe58efd-ce2a-495a-90cd-6826f704ebee,40.295338,-111.2584445
2020-10-04 06:00:00,11.15946204563841,cfe58efd-ce2a-495a-90cd-6826f704ebee,40.295338,-111.2584445
2020-10-05 06:00:00,7.465417862396533,cfe58efd-ce2a-495a-90cd-6826f704ebee,40.295338,-111.2584445
2020-10-06 06:00:00,6.703169977058023,cfe58efd-ce2a-495a-90cd-6826f704ebee,40.295338,-111.2584445
2020-10-07 06:00:00,5.497886766274313,cfe58efd-ce2a-495a-90cd-6826f704ebee,40.295338,-111.2584445
2020-10-08 06:00:00,7.313256365421527,cfe58efd-ce2a-495a-90cd-6826f704ebee,40.295338,-111.2584445
2020-10-09 06:00:00,14.250816450567918,cfe58efd-ce2a-495a-90cd-6826f704ebee,40.295338,-111.2584445
2020-10-10 06:00:00,13.294428554208777,cfe58efd-ce2a-495a-90cd-6826f704ebee,40.295338,-111.2584445
2020-10-11 06:00:00,35.50605333824781,cfe58efd-ce2a-495a-90cd-6826f704ebee,40.295338,-111.2584445
2020-10-12 06:00:00,15.30826130243131,cfe58efd-ce2a-495a-90cd-6826f704ebee,40.295338,-111.2584445
2020-10-13 06:00:00,12.491834744023775,cfe58efd-ce2a-495a-90cd-6826f704ebee,40.295338,-111.2584445
2020-10-14 06:00:00,22.209990476668743,cfe58efd-ce2a-495a-90cd-6826f704ebee,40.295338,-111.2584445
2020-10-15 06:00:00,23.930451529628378,cfe58efd-ce2a-495a-90cd-6826f704ebee,40.295338,-111.2584445
2020-10-16 06:00:00,14.270508997034959,cfe58efd-ce2a-495a-90cd-6826f704ebee,40.295338,-111.2584445
2020-10-17 06:00:00,19.502209525057957,cfe58efd-ce2a-495a-90cd-6826f704ebee,40.295338,-111.2584445
2020-10-18 06:00:00,20.067050602204752,cfe58efd-ce2a-495a-90cd-6826f704ebee,40.295338,-111.2584445
2020-10-19 06:00:00,19.118155452863856,cfe58efd-ce2a-495a-90cd-6826f704ebee,40.295338,-111.2584445
2020-10-20 06:00:00,21.510085927649946,cfe58efd-ce2a-495a-90cd-6826f704ebee,40.295338,-111.2584445
2020-10-21 06:00:00,18.424111711646823,cfe58efd-ce2a-495a-90cd-6826f704ebee,40.295338,-111.2584445
2020-10-22 06:00:00,26.405571876181423,cfe58efd-ce2a-495a-90cd-6826f704ebee,40.295338,-111.2584445
2020-10-23 06:00:00,15.690202090055411,cfe58efd-ce2a-495a-90cd-6826f704ebee,40.295338,-111.2584445
2020-10-24 06:00:00,16.88635940625047,cfe58efd-ce2a-495a-90cd-6826f704ebee,40.295338,-111.2584445
2020-10-25 06:00:00,49.114120805870456,cfe58efd-ce2a-495a-90cd-6826f704ebee,40.295338,-111.2584445
2020-10-26 06:00:00,30.3968300851461,cfe58efd-ce2a-495a-90cd-6826f704ebee,40.295338,-111.2584445
2020-10-27 06:00:00,18.099519960474904,cfe58efd-ce2a-495a-90cd-6826f704ebee,40.295338,-111.2584445
2020-10-28 06:00:00,20.487031286204815,cfe58efd-ce2a-495a-90cd-6826f704ebee,40.295338,-111.2584445
2020-10-29 06:00:00,19.132660943653352,cfe58efd-ce2a-495a-90cd-6826f704ebee,40.295338,-111.2584445
2020-10-30 06:00:00,18.78799196439335,cfe58efd-ce2a-495a-90cd-6826f704ebee,40.295338,-111.2584445
2020-10-31 06:00:00,19.588472697966154,cfe58efd-ce2a-495a-90cd-6826f704ebee,40.295338,-111.2584445
2020-11-01 06:00:00,15.880115349629424,cfe58efd-ce2a-495a-90cd-6826f704ebee,40.295338,-111.2584445
2020-11-02 06:00:00,13.814697674211692,cfe58efd-ce2a-495a-90cd-6826f704ebee,40.295338,-111.2584445
2020-11-03 06:00:00,20.216618996875773,cfe58efd-ce2a-495a-90cd-6826f704ebee,40.295338,-111.2584445
2020-11-04 06:00:00,22.04639740613192,cfe58efd-ce2a-495a-90cd-6826f704ebee,40.295338,-111.2584445
2020-11-05 06:00:00,16.30086526037064,cfe58efd-ce2a-495a-90cd-6826f704ebee,40.295338,-111.2584445
2020-11-06 06:00:00,22.813929646663322,cfe58efd-ce2a-495a-90cd-6826f704ebee,40.295338,-111.2584445
2020-11-07 06:00:00,32.82074947155633,cfe58efd-ce2a-495a-90cd-6826f704ebee,40.295338,-111.2584445
2020-11-08 06:00:00,65.03727135855229,cfe58efd-ce2a-495a-90cd-6826f704ebee,40.295338,-111.2584445
2020-11-09 06:00:00,71.08482501554903,cfe58efd-ce2a-495a-90cd-6826f704ebee,40.295338,-111.2584445
2020-11-10 06:00:00,50.396446367276624,cfe58efd-ce2a-495a-90cd-6826f704ebee,40.295338,-111.2584445
2020-11-11 06:00:00,54.62094247398414,cfe58efd-ce2a-495a-90cd-6826f704ebee,40.295338,-111.2584445
2020-11-12 06:00:00,42.63871308912117,cfe58efd-ce2a-495a-90cd-6826f704ebee,40.295338,-111.2584445
2020-11-13 06:00:00,32.608837858744245,cfe58efd-ce2a-495a-90cd-6826f704ebee,40.295338,-111.2584445
2020-11-14 06:00:00,60.77022015281186,cfe58efd-ce2a-495a-90cd-6826f704ebee,40.295338,-111.2584445
2020-11-15 06:00:00,37.021230329354154,cfe58efd-ce2a-495a-90cd-6826f704ebee,40.295338,-111.2584445
2020-11-16 06:00:00,28.152929370158233,cfe58efd-ce2a-495a-90cd-6826f704ebee,40.295338,-111.2584445
2020-11-17 06:00:00,32.21498614704231,cfe58efd-ce2a-495a-90cd-6826f704ebee,40.295338,-111.2584445
2020-11-18 06:00:00,35.354851377342435,cfe58efd-ce2a-495a-90cd-6826f704ebee,40.295338,-111.2584445
2020-11-19 06:00:00,42.38760670598715,cfe58efd-ce2a-495a-90cd-6826f704ebee,40.295338,-111.2584445
2020-11-20 06:00:00,29.565801946619864,cfe58efd-ce2a-495a-90cd-6826f704ebee,40.295338,-111.2584445
2020-11-21 06:00:00,32.14034629623897,cfe58efd-ce2a-495a-90cd-6826f704ebee,40.295338,-111.2584445
2020-11-22 06:00:00,31.016618272413098,cfe58efd-ce2a-495a-90cd-6826f704ebee,40.295338,-111.2584445
2020-11-23 06:00:00,37.86887686854939,cfe58efd-ce2a-495a-90cd-6826f704ebee,40.295338,-111.2584445
2020-11-24 06:00:00,60.4726218627578,cfe58efd-ce2a-495a-90cd-6826f704ebee,40.295338,-111.2584445
2020-11-25 06:00:00,31.04466834054557,cfe58efd-ce2a-495a-90cd-6826f704ebee,40.295338,-111.2584445
2020-11-26 06:00:00,67.79260339654489,cfe58efd-ce2a-495a-90cd-6826f704ebee,40.295338,-111.2584445
2020-11-27 06:00:00,42.23746341701658,cfe58efd-ce2a-495a-90cd-6826f704ebee,40.295338,-111.2584445
2020-11-28 06:00:00,29.620749375547618,cfe58efd-ce2a-495a-90cd-6826f704ebee,40.295338,-111.2584445
2020-11-29 06:00:00,30.99500471989085,cfe58efd-ce2a-495a-90cd-6826f704ebee,40.295338,-111.2584445
2020-11-30 06:00:00,28.343419902262838,cfe58efd-ce2a-495a-90cd-6826f704ebee,40.295338,-111.2584445
2020-12-01 06:00:00,51.65590811371231,cfe58efd-ce2a-495a-90cd-6826f704ebee,40.295338,-111.2584445
2020-12-02 06:00:00,48.28693677552267,cfe58efd-ce2a-495a-90cd-6826f704ebee,40.295338,-111.2584445
2020-12-03 06:00:00,25.271662575596235,cfe58efd-ce2a-495a-90cd-6826f704ebee,40.295338,-111.2584445
2020-12-04 06:00:00,19.18069215787362,cfe58efd-ce2a-495a-90cd-6826f704ebee,40.295338,-111.2584445
2020-12-05 06:00:00,20.222285861584226,cfe58efd-ce2a-495a-90cd-6826f704ebee,40.295338,-111.2584445
2020-12-06 06:00:00,22.049183654052264,cfe58efd-ce2a-495a-90cd-6826f704ebee,40.295338,-111.2584445
2020-12-07 06:00:00,20.430739345055837,cfe58efd-ce2a-495a-90cd-6826f704ebee,40.295338,-111.2584445
2020-12-08 06:00:00,18.332660190424704,cfe58efd-ce2a-495a-90cd-6826f704ebee,40.295338,-111.2584445
2020-12-09 06:00:00,17.778481940600187,cfe58efd-ce2a-495a-90cd-6826f704ebee,40.295338,-111.2584445
2020-12-10 06:00:00,26.915369968249408,cfe58efd-ce2a-495a-90cd-6826f704ebee,40.295338,-111.2584445
2020-12-11 06:00:00,53.21969246108525,cfe58efd-ce2a-495a-90cd-6826f704ebee,40.295338,-111.2584445
2020-12-12 06:00:00,65.4434202928937,cfe58efd-ce2a-495a-90cd-6826f704ebee,40.295338,-111.2584445
2020-12-13 06:00:00,36.69923235612003,cfe58efd-ce2a-495a-90cd-6826f704ebee,40.295338,-111.2584445
2020-12-14 06:00:00,68.60902919274588,cfe58efd-ce2a-495a-90cd-6826f704ebee,40.295338,-111.2584445
2020-12-15 06:00:00,62.04899085976548,cfe58efd-ce2a-495a-90cd-6826f704ebee,40.295338,-111.2584445
2020-12-16 06:00:00,47.18299699722862,cfe58efd-ce2a-495a-90cd-6826f704ebee,40.295338,-111.2584445
2020-12-17 06:00:00,67.17195079557948,cfe58efd-ce2a-495a-90cd-6826f704ebee,40.295338,-111.2584445
2020-12-18 06:00:00,72.72535787650192,cfe58efd-ce2a-495a-90cd-6826f704ebee,40.295338,-111.2584445
2020-12-19 06:00:00,39.11738679502929,cfe58efd-ce2a-495a-90cd-6826f704ebee,40.295338,-111.2584445
2020-12-20 06:00:00,36.03592686648557,cfe58efd-ce2a-495a-90cd-6826f704ebee,40.295338,-111.2584445
2020-12-21 06:00:00,32.42660879745264,cfe58efd-ce2a-495a-90cd-6826f704ebee,40.295338,-111.2584445
2020-12-22 06:00:00,43.447166186359276,cfe58efd-ce2a-495a-90cd-6826f704ebee,40.295338,-111.2584445
2020-12-23 06:00:00,65.98357381096949,cfe58efd-ce2a-495a-90cd-6826f704ebee,40.295338,-111.2584445
2020-12-24 06:00:00,26.95504262926027,cfe58efd-ce2a-495a-90cd-6826f704ebee,40.295338,-111.2584445
2020-12-25 06:00:00,26.81537030134833,cfe58efd-ce2a-495a-90cd-6826f704ebee,40.295338,-111.2584445
2020-12-26 06:00:00,34.648607765219744,cfe58efd-ce2a-495a-90cd-6826f704ebee,40.295338,-111.2584445
2020-12-27 06:00:00,58.762152768005905,cfe58efd-ce2a-495a-90cd-6826f704ebee,40.295338,-111.2584445
2020-12-28 06:00:00,74.17915321518663,cfe58efd-ce2a-495a-90cd-6826f704ebee,40.295338,-111.2584445
2020-12-29 06:00:00,53.433814716613945,cfe58efd-ce2a-495a-90cd-6826f704ebee,40.295338,-111.2584445
2020-12-30 06:00:00,40.52161443382358,cfe58efd-ce2a-495a-90cd-6826f704ebee,40.295338,-111.2584445
2020-12-31 06:00:00,50.52535960905605,cfe58efd-ce2a-495a-90cd-6826f704ebee,40.295338,-111.2584445
2021-01-01 06:00:00,47.02574476888842,cfe58efd-ce2a-495a-90cd-6826f704ebee,40.295338,-111.2584445
2021-01-02 06:00:00,39.3645540763276,cfe58efd-ce2a-495a-90cd-6826f704ebee,40.295338,-111.2584445
2021-01-03 06:00:00,47.45110559600918,cfe58efd-ce2a-495a-90cd-6826f704ebee,40.295338,-111.2584445
2021-01-04 06:00:00,49.74149709476175,cfe58efd-ce2a-495a-90cd-6826f704ebee,40.295338,-111.2584445
2021-01-05 06:00:00,64.39836495479177,cfe58efd-ce2a-495a-90cd-6826f704ebee,40.295338,-111.2584445
2021-01-06 06:00:00,27.645821037255843,cfe58efd-ce2a-495a-90cd-6826f704ebee,40.295338,-111.2584445
2021-01-07 06:00:00,37.884052723674785,cfe58efd-ce2a-495a-90cd-6826f704ebee,40.295338,-111.2584445
2021-01-08 06:00:00,45.55148917499583,cfe58efd-ce2a-495a-90cd-6826f704ebee,40.295338,-111.2584445
2021-01-09 06:00:00,54.273007795057204,cfe58efd-ce2a-495a-90cd-6826f704ebee,40.295338,-111.2584445
2021-01-10 06:00:00,42.922863460984175,cfe58efd-ce2a-495a-90cd-6826f704ebee,40.295338,-111.2584445
2021-01-11 06:00:00,34.96551444413682,cfe58efd-ce2a-495a-90cd-6826f704ebee,40.295338,-111.2584445
2021-01-12 06:00:00,27.758598060131533,cfe58efd-ce2a-495a-90cd-6826f704ebee,40.295338,-111.2584445
2021-01-13 06:00:00,33.703170135087625,cfe58efd-ce2a-495a-90cd-6826f704ebee,40.295338,-111.2584445
2021-01-14 06:00:00,38.70221059031491,cfe58efd-ce2a-495a-90cd-6826f704ebee,40.295338,-111.2584445
2021-01-15 06:00:00,27.315369639914266,cfe58efd-ce2a-495a-90cd-6826f704ebee,40.295338,-111.2584445
2021-01-16 06:00:00,43.57310249848966,cfe58efd-ce2a-495a-90cd-6826f704ebee,40.295338,-111.2584445
2021-01-17 06:00:00,35.37214229338222,cfe58efd-ce2a-495a-90cd-6826f704ebee,40.295338,-111.2584445
2021-01-18 06:00:00,50.622671645839674,cfe58efd-ce2a-495a-90cd-6826f704ebee,40.295338,-111.2584445
2021-01-19 06:00:00,41.356579548801854,cfe58efd-ce2a-495a-90cd-6826f704ebee,40.295338,-111.2584445
2021-01-20 06:00:00,30.935542966859142,cfe58efd-ce2a-495a-90cd-6826f704ebee,40.295338,-111.2584445
2021-01-21 06:00:00,35.02632022384952,cfe58efd-ce2a-495a-90cd-6826f704ebee,40.295338,-111.2584445
2021-01-22 06:00:00,56.63794279877207,cfe58efd-ce2a-495a-90cd-6826f704ebee,40.295338,-111.2584445
2021-01-23 06:00:00,71.25609771112889,cfe58efd-ce2a-495a-90cd-6826f704ebee,40.295338,-111.2584445
2021-01-24 06:00:00,53.621710283497464,cfe58efd-ce2a-495a-90cd-6826f704ebee,40.295338,-111.2584445
2021-01-25 06:00:00,60.68078853303029,cfe58efd-ce2a-495a-90cd-6826f704ebee,40.295338,-111.2584445
2021-01-26 06:00:00,55.509607056719425,cfe58efd-ce2a-495a-90cd-6826f704ebee,40.295338,-111.2584445
2021-01-27 06:00:00,68.83506132889893,cfe58efd-ce2a-495a-90cd-6826f704ebee,40.295338,-111.2584445
2021-01-28 06:00:00,56.72007649593006,cfe58efd-ce2a-495a-90cd-6826f704ebee,40.295338,-111.2584445
2021-01-29 06:00:00,53.91565655608456,cfe58efd-ce2a-495a-90cd-6826f704ebee,40.295338,-111.2584445
2021-01-30 06:00:00,57.30249772818471,cfe58efd-ce2a-495a-90cd-6826f704ebee,40.295338,-111.2584445
2021-01-31 06:00:00,41.03054815066995,cfe58efd-ce2a-495a-90cd-6826f704ebee,40.295338,-111.2584445
2021-02-01 06:00:00,40.97521576895151,cfe58efd-ce2a-495a-90cd-6826f704ebee,40.295338,-111.2584445
2021-02-02 06:00:00,35.86071062775098,cfe58efd-ce2a-495a-90cd-6826f704ebee,40.295338,-111.2584445
2021-02-03 06:00:00,46.37262188254584,cfe58efd-ce2a-495a-90cd-6826f704ebee,40.295338,-111.2584445
2021-02-04 06:00:00,62.68539857452129,cfe58efd-ce2a-495a-90cd-6826f704ebee,40.295338,-111.2584445
2021-02-05 06:00:00,63.305187027461265,cfe58efd-ce2a-495a-90cd-6826f704ebee,40.295338,-111.2584445
2021-02-06 06:00:00,45.60451559603616,cfe58efd-ce2a-495a-90cd-6826f704ebee,40.295338,-111.2584445
2021-02-07 06:00:00,31.709221199541346,cfe58efd-ce2a-495a-90cd-6826f704ebee,40.295338,-111.2584445
2021-02-08 06:00:00,31.144764886465826,cfe58efd-ce2a-495a-90cd-6826f704ebee,40.295338,-111.2584445
2021-02-09 06:00:00,43.19490793321593,cfe58efd-ce2a-495a-90cd-6826f704ebee,40.295338,-111.2584445
2021-02-10 06:00:00,46.272142170256544,cfe58efd-ce2a-495a-90cd-6826f704ebee,40.295338,-111.2584445
2021-02-11 06:00:00,42.270029029516394,cfe58efd-ce2a-495a-90cd-6826f704ebee,40.295338,-111.2584445
2021-02-12 06:00:00,51.72699341787729,cfe58efd-ce2a-495a-90cd-6826f704ebee,40.295338,-111.2584445
2021-02-13 06:00:00,60.62574350685025,cfe58efd-ce2a-495a-90cd-6826f704ebee,40.295338,-111.2584445
2021-02-14 06:00:00,74.45283525890164,cfe58efd-ce2a-495a-90cd-6826f704ebee,40.295338,-111.2584445
2021-02-15 06:00:00,59.769259376782394,cfe58efd-ce2a-495a-90cd-6826f704ebee,40.295338,-111.2584445
2021-02-16 06:00:00,53.786840360057,cfe58efd-ce2a-495a-90cd-6826f704ebee,40.295338,-111.2584445
2021-02-17 06:00:00,59.350815885692235,cfe58efd-ce2a-495a-90cd-6826f704ebee,40.295338,-111.2584445
2021-02-18 06:00:00,47.622382153924214,cfe58efd-ce2a-495a-90cd-6826f704ebee,40.295338,-111.2584445
2021-02-19 06:00:00,36.251775981598925,cfe58efd-ce2a-495a-90cd-6826f704ebee,40.295338,-111.2584445
2021-02-20 06:00:00,48.90566818354567,cfe58efd-ce2a-495a-90cd-6826f704ebee,40.295338,-111.2584445
2021-02-21 06:00:00,49.12478448243008,cfe58efd-ce2a-495a-90cd-6826f704ebee,40.295338,-111.2584445
2021-02-22 06:00:00,30.906628913769467,cfe58efd-ce2a-495a-90cd-6826f704ebee,40.295338,-111.2584445
2021-02-23 06:00:00,31.855330902378114,cfe58efd-ce2a-495a-90cd-6826f704ebee,40.295338,-111.2584445
2021-02-24 06:00:00,34.39221798972827,cfe58efd-ce2a-495a-90cd-6826f704ebee,40.295338,-111.2584445
2021-02-25 06:00:00,32.97723297426955,cfe58efd-ce2a-495a-90cd-6826f704ebee,40.295338,-111.2584445
2021-02-26 06:00:00,39.50365112334003,cfe58efd-ce2a-495a-90cd-6826f704ebee,40.295338,-111.2584445
2021-02-27 06:00:00,49.642746242849334,cfe58efd-ce2a-495a-90cd-6826f704ebee,40.295338,-111.2584445
2021-02-28 06:00:00,45.734869448527135,cfe58efd-ce2a-495a-90cd-6826f704ebee,40.295338,-111.2584445
2021-03-01 06:00:00,28.92228632587063,cfe58efd-ce2a-495a-90cd-6826f704ebee,40.295338,-111.2584445
2021-03-02 06:00:00,28.03093139216032,cfe58efd-ce2a-495a-90cd-6826f704ebee,40.295338,-111.2584445
2021-03-03 06:00:00,27.53294940549061,cfe58efd-ce2a-495a-90cd-6826f704ebee,40.295338,-111.2584445
2021-03-04 06:00:00,37.249087334595316,cfe58efd-ce2a-495a-90cd-6826f704ebee,40.295338,-111.2584445
2021-03-05 06:00:00,27.298750632778024,cfe58efd-ce2a-495a-90cd-6826f704ebee,40.295338,-111.2584445
2021-03-06 06:00:00,26.404899703437156,cfe58efd-ce2a-495a-90cd-6826f704ebee,40.295338,-111.2584445
2021-03-07 06:00:00,23.432468469273463,cfe58efd-ce2a-495a-90cd-6826f704ebee,40.295338,-111.2584445
2021-03-08 06:00:00,23.93583140707612,cfe58efd-ce2a-495a-90cd-6826f704ebee,40.295338,-111.2584445
2021-03-09 06:00:00,37.54255481686991,cfe58efd-ce2a-495a-90cd-6826f704ebee,40.295338,-111.2584445
2021-03-10 06:00:00,41.45600475197681,cfe58efd-ce2a-495a-90cd-6826f704ebee,40.295338,-111.2584445
2021-03-11 06:00:00,41.7521612623583,cfe58efd-ce2a-495a-90cd-6826f704ebee,40.295338,-111.2584445
2021-03-12 06:00:00,43.47098999316594,cfe58efd-ce2a-495a-90cd-6826f704ebee,40.295338,-111.2584445
2021-03-13 06:00:00,57.98145984572706,cfe58efd-ce2a-495a-90cd-6826f704ebee,40.295338,-111.2584445
2021-03-14 06:00:00,36.15206651934974,cfe58efd-ce2a-495a-90cd-6826f704ebee,40.295338,-111.2584445
2021-03-15 06:00:00,35.68741567357015,cfe58efd-ce2a-495a-90cd-6826f704ebee,40.295338,-111.2584445
2021-03-16 06:00:00,44.55350473863819,cfe58efd-ce2a-495a-90cd-6826f704ebee,40.295338,-111.2584445
2021-03-17 06:00:00,42.559847458867814,cfe58efd-ce2a-495a-90cd-6826f704ebee,40.295338,-111.2584445
2021-03-18 06:00:00,33.642938117358,cfe58efd-ce2a-495a-90cd-6826f704ebee,40.295338,-111.2584445
2021-03-19 06:00:00,25.828241569966103,cfe58efd-ce2a-495a-90cd-6826f704ebee,40.295338,-111.2584445
2021-03-20 06:00:00,39.51623372820911,cfe58efd-ce2a-495a-90cd-6826f704ebee,40.295338,-111.2584445
2021-03-21 06:00:00,55.00605065586703,cfe58efd-ce2a-495a-90cd-6826f704ebee,40.295338,-111.2584445
2021-03-22 06:00:00,42.24457304163923,cfe58efd-ce2a-495a-90cd-6826f704ebee,40.295338,-111.2584445
2021-03-23 06:00:00,43.599232599439816,cfe58efd-ce2a-495a-90cd-6826f704ebee,40.295338,-111.2584445
2021-03-24 06:00:00,32.30797252600062,cfe58efd-ce2a-495a-90cd-6826f704ebee,40.295338,-111.2584445
2021-03-25 06:00:00,48.17944321646127,cfe58efd-ce2a-495a-90cd-6826f704ebee,40.295338,-111.2584445
2021-03-26 06:00:00,51.934966641590066,cfe58efd-ce2a-495a-90cd-6826f704ebee,40.295338,-111.2584445
2021-03-27 06:00:00,34.44063450486241,cfe58efd-ce2a-495a-90cd-6826f704ebee,40.295338,-111.2584445
2021-03-28 06:00:00,25.022094173229853,cfe58efd-ce2a-495a-90cd-6826f704ebee,40.295338,-111.2584445
2021-03-29 06:00:00,25.030835850667085,cfe58efd-ce2a-495a-90cd-6826f704ebee,40.295338,-111.2584445
2021-03-30 06:00:00,32.65907722934866,cfe58efd-ce2a-495a-90cd-6826f704ebee,40.295338,-111.2584445
2021-03-31 06:00:00,21.022574735306186,cfe58efd-ce2a-495a-90cd-6826f704ebee,40.295338,-111.2584445
2021-04-01 06:00:00,18.387704004586375,cfe58efd-ce2a-495a-90cd-6826f704ebee,40.295338,-111.2584445
2021-04-02 06:00:00,16.963016290142487,cfe58efd-ce2a-495a-90cd-6826f704ebee,40.295338,-111.2584445
2021-04-03 06:00:00,17.80816562993382,cfe58efd-ce2a-495a-90cd-6826f704ebee,40.295338,-111.2584445
2021-04-04 06:00:00,17.25648425612509,cfe58efd-ce2a-495a-90cd-6826f704ebee,40.295338,-111.2584445
2021-04-05 06:00:00,18.63189276219789,cfe58efd-ce2a-495a-90cd-6826f704ebee,40.295338,-111.2584445
2021-04-06 06:00:00,49.35504211587018,cfe58efd-ce2a-495a-90cd-6826f704ebee,40.295338,-111.2584445
2021-04-07 06:00:00,24.51027851489504,cfe58efd-ce2a-495a-90cd-6826f704ebee,40.295338,-111.2584445
2021-04-08 06:00:00,26.110086723203047,cfe58efd-ce2a-495a-90cd-6826f704ebee,40.295338,-111.2584445
2021-04-09 06:00:00,26.445436768985275,cfe58efd-ce2a-495a-90cd-6826f704ebee,40.295338,-111.2584445
2021-04-10 06:00:00,16.994331680503063,cfe58efd-ce2a-495a-90cd-6826f704ebee,40.295338,-111.2584445
2021-04-11 06:00:00,24.221422351173896,cfe58efd-ce2a-495a-90cd-6826f704ebee,40.295338,-111.2584445
2021-04-12 06:00:00,19.241018135884314,cfe58efd-ce2a-495a-90cd-6826f704ebee,40.295338,-111.2584445
2021-04-13 06:00:00,29.342171319967047,cfe58efd-ce2a-495a-90cd-6826f704ebee,40.295338,-111.2584445
2021-04-14 06:00:00,51.52296017913378,cfe58efd-ce2a-495a-90cd-6826f704ebee,40.295338,-111.2584445
2021-04-15 06:00:00,58.35139299332237,cfe58efd-ce2a-495a-90cd-6826f704ebee,40.295338,-111.2584445
2021-04-16 06:00:00,53.67512090428304,cfe58efd-ce2a-495a-90cd-6826f704ebee,40.295338,-111.2584445
2021-04-17 06:00:00,28.39125788795845,cfe58efd-ce2a-495a-90cd-6826f704ebee,40.295338,-111.2584445
2021-04-18 06:00:00,22.672334179983586,cfe58efd-ce2a-495a-90cd-6826f704ebee,40.295338,-111.2584445
2021-04-19 06:00:00,23.207300591079466,cfe58efd-ce2a-495a-90cd-6826f704ebee,40.295338,-111.2584445
2021-04-20 06:00:00,26.286742854416087,cfe58efd-ce2a-495a-90cd-6826f704ebee,40.295338,-111.2584445
2021-04-21 06:00:00,30.69932807717154,cfe58efd-ce2a-495a-90cd-6826f704ebee,40.295338,-111.2584445
2021-04-22 06:00:00,26.353122472992094,cfe58efd-ce2a-495a-90cd-6826f704ebee,40.295338,-111.2584445
2021-04-23 06:00:00,22.931796089487506,cfe58efd-ce2a-495a-90cd-6826f704ebee,40.295338,-111.2584445
2021-04-24 06:00:00,22.234294640342284,cfe58efd-ce2a-495a-90cd-6826f704ebee,40.295338,-111.2584445
2021-04-25 06:00:00,32.356675828682704,cfe58efd-ce2a-495a-90cd-6826f704ebee,40.295338,-111.2584445
2021-04-26 06:00:00,53.51335244449025,cfe58efd-ce2a-495a-90cd-6826f704ebee,40.295338,-111.2584445
2021-04-27 06:00:00,55.40336198467801,cfe58efd-ce2a-495a-90cd-6826f704ebee,40.295338,-111.2584445
2021-04-28 06:00:00,33.40557239470175,cfe58efd-ce2a-495a-90cd-6826f704ebee,40.295338,-111.2584445
2021-04-29 06:00:00,20.586359601199455,cfe58efd-ce2a-495a-90cd-6826f704ebee,40.295338,-111.2584445
2021-04-30 06:00:00,16.810950490858094,cfe58efd-ce2a-495a-90cd-6826f704ebee,40.295338,-111.2584445
2021-05-01 06:00:00,21.333621401608163,cfe58efd-ce2a-495a-90cd-6826f704ebee,40.295338,-111.2584445
2021-05-02 06:00:00,35.9425558517119,cfe58efd-ce2a-495a-90cd-6826f704ebee,40.295338,-111.2584445
2021-05-03 06:00:00,37.707300136687095,cfe58efd-ce2a-495a-90cd-6826f704ebee,40.295338,-111.2584445
2021-05-04 06:00:00,29.64303563399228,cfe58efd-ce2a-495a-90cd-6826f704ebee,40.295338,-111.2584445
2021-05-05 06:00:00,23.39327580784515,cfe58efd-ce2a-495a-90cd-6826f704ebee,40.295338,-111.2584445
2021-05-06 06:00:00,15.710374489526814,cfe58efd-ce2a-495a-90cd-6826f704ebee,40.295338,-111.2584445
2021-05-07 06:00:00,19.614985827868317,cfe58efd-ce2a-495a-90cd-6826f704ebee,40.295338,-111.2584445
2021-05-08 06:00:00,33.74658993914309,cfe58efd-ce2a-495a-90cd-6826f704ebee,40.295338,-111.2584445
2021-05-09 06:00:00,25.20643660429003,cfe58efd-ce2a-495a-90cd-6826f704ebee,40.295338,-111.2584445
2021-05-10 06:00:00,33.521420719758694,cfe58efd-ce2a-495a-90cd-6826f704ebee,40.295338,-111.2584445
2021-05-11 06:00:00,2.9277617211071605,cfe58efd-ce2a-495a-90cd-6826f704ebee,40.295338,-111.2584445
2021-05-12 06:00:00,2.0304515120160915,cfe58efd-ce2a-495a-90cd-6826f704ebee,40.295338,-111.2584445
2021-05-13 06:00:00,1.9357348257938793,cfe58efd-ce2a-495a-90cd-6826f704ebee,40.295338,-111.2584445
2021-05-14 06:00:00,21.050528380644078,cfe58efd-ce2a-495a-90cd-6826f704ebee,40.295338,-111.2584445
2021-05-15 06:00:00,20.888376085719276,cfe58efd-ce2a-495a-90cd-6826f704ebee,40.295338,-111.2584445
2021-05-16 06:00:00,22.423439278726278,cfe58efd-ce2a-495a-90cd-6826f704ebee,40.295338,-111.2584445
2021-05-17 06:00:00,31.417483343514665,cfe58efd-ce2a-495a-90cd-6826f704ebee,40.295338,-111.2584445
2021-05-18 06:00:00,25.817003068731566,cfe58efd-ce2a-495a-90cd-6826f704ebee,40.295338,-111.2584445
2021-05-19 06:00:00,20.39846247875496,cfe58efd-ce2a-495a-90cd-6826f704ebee,40.295338,-111.2584445
2021-05-20 06:00:00,21.893659386465348,cfe58efd-ce2a-495a-90cd-6826f704ebee,40.295338,-111.2584445
2021-05-21 06:00:00,37.41998053558965,cfe58efd-ce2a-495a-90cd-6826f704ebee,40.295338,-111.2584445
2021-05-22 06:00:00,26.3542750135966,cfe58efd-ce2a-495a-90cd-6826f704ebee,40.295338,-111.2584445
2021-05-23 06:00:00,43.349471657466246,cfe58efd-ce2a-495a-90cd-6826f704ebee,40.295338,-111.2584445
2021-05-24 06:00:00,35.642843460830555,cfe58efd-ce2a-495a-90cd-6826f704ebee,40.295338,-111.2584445
2021-05-25 06:00:00,23.941498033595018,cfe58efd-ce2a-495a-90cd-6826f704ebee,40.295338,-111.2584445
2021-05-26 06:00:00,28.760134404720194,cfe58efd-ce2a-495a-90cd-6826f704ebee,40.295338,-111.2584445
2021-05-27 06:00:00,18.039577430996275,cfe58efd-ce2a-495a-90cd-6826f704ebee,40.295338,-111.2584445
2021-05-28 06:00:00,18.39596595544293,cfe58efd-ce2a-495a-90cd-6826f704ebee,40.295338,-111.2584445
2021-05-29 06:00:00,24.382036887030555,cfe58efd-ce2a-495a-90cd-6826f704ebee,40.295338,-111.2584445
2021-05-30 06:00:00,22.7170994178706,cfe58efd-ce2a-495a-90cd-6826f704ebee,40.295338,-111.2584445
2021-05-31 06:00:00,22.079923254154142,cfe58efd-ce2a-495a-90cd-6826f704ebee,40.295338,-111.2584445
2021-06-01 06:00:00,19.030643475960357,cfe58efd-ce2a-495a-90cd-6826f704ebee,40.295338,-111.2584445
2021-06-02 06:00:00,19.560422648155956,cfe58efd-ce2a-495a-90cd-6826f704ebee,40.295338,-111.2584445
2021-06-03 06:00:00,18.643995682627512,cfe58efd-ce2a-495a-90cd-6826f704ebee,40.295338,-111.2584445
2021-06-04 06:00:00,19.187607760617187,cfe58efd-ce2a-495a-90cd-6826f704ebee,40.295338,-111.2584445
2021-06-05 06:00:00,22.413544969073175,cfe58efd-ce2a-495a-90cd-6826f704ebee,40.295338,-111.2584445
2021-06-06 06:00:00,22.00557221734215,cfe58efd-ce2a-495a-90cd-6826f704ebee,40.295338,-111.2584445
2021-06-07 06:00:00,19.268491834774256,cfe58efd-ce2a-495a-90cd-6826f704ebee,40.295338,-111.2584445
2021-06-08 06:00:00,17.898847759514332,cfe58efd-ce2a-495a-90cd-6826f704ebee,40.295338,-111.2584445
2021-06-09 06:00:00,15.809414232384118,cfe58efd-ce2a-495a-90cd-6826f704ebee,40.295338,-111.2584445
2021-06-10 06:00:00,23.535542893936498,cfe58efd-ce2a-495a-90cd-6826f704ebee,40.295338,-111.2584445
2021-06-11 06:00:00,16.16906797645415,cfe58efd-ce2a-495a-90cd-6826f704ebee,40.295338,-111.2584445
2021-06-12 06:00:00,13.637175879721227,cfe58efd-ce2a-495a-90cd-6826f704ebee,40.295338,-111.2584445
2021-06-13 06:00:00,13.12920274652047,cfe58efd-ce2a-495a-90cd-6826f704ebee,40.295338,-111.2584445
2021-06-14 06:00:00,11.769644779384882,cfe58efd-ce2a-495a-90cd-6826f704ebee,40.295338,-111.2584445
2021-06-15 06:00:00,14.193563747131172,cfe58efd-ce2a-495a-90cd-6826f704ebee,40.295338,-111.2584445
2021-06-16 06:00:00,17.266378525469193,cfe58efd-ce2a-495a-90cd-6826f704ebee,40.295338,-111.2584445
2021-06-17 06:00:00,17.279635008886157,cfe58efd-ce2a-495a-90cd-6826f704ebee,40.295338,-111.2584445
2021-06-18 06:00:00,17.387032051709383,cfe58efd-ce2a-495a-90cd-6826f704ebee,40.295338,-111.2584445
2021-06-19 06:00:00,20.34610965409952,cfe58efd-ce2a-495a-90cd-6826f704ebee,40.295338,-111.2584445
2021-06-20 06:00:00,19.513545350542906,cfe58efd-ce2a-495a-90cd-6826f704ebee,40.295338,-111.2584445
2021-06-21 06:00:00,17.300960738652037,cfe58efd-ce2a-495a-90cd-6826f704ebee,40.295338,-111.2584445
2021-06-22 06:00:00,15.847358710942192,cfe58efd-ce2a-495a-90cd-6826f704ebee,40.295338,-111.2584445
2021-06-23 06:00:00,20.19510053328662,cfe58efd-ce2a-495a-90cd-6826f704ebee,40.295338,-111.2584445
2021-06-24 06:00:00,39.75686882964472,cfe58efd-ce2a-495a-90cd-6826f704ebee,40.295338,-111.2584445
2021-06-25 06:00:00,34.776176793431,cfe58efd-ce2a-495a-90cd-6826f704ebee,40.295338,-111.2584445
2021-06-26 06:00:00,29.445053051115803,cfe58efd-ce2a-495a-90cd-6826f704ebee,40.295338,-111.2584445
2021-06-27 06:00:00,28.299231321278043,cfe58efd-ce2a-495a-90cd-6826f704ebee,40.295338,-111.2584445
2021-06-28 06:00:00,26.56945314141676,cfe58efd-ce2a-495a-90cd-6826f704ebee,40.295338,-111.2584445
2021-06-29 06:00:00,24.432084905311076,cfe58efd-ce2a-495a-90cd-6826f704ebee,40.295338,-111.2584445
2021-06-30 06:00:00,30.446301754338595,cfe58efd-ce2a-495a-90cd-6826f704ebee,40.295338,-111.2584445
2021-07-01 06:00:00,28.205956089851608,cfe58efd-ce2a-495a-90cd-6826f704ebee,40.295338,-111.2584445
2021-07-02 06:00:00,27.14879934290759,cfe58efd-ce2a-495a-90cd-6826f704ebee,40.295338,-111.2584445
2021-07-03 06:00:00,22.82814608893637,cfe58efd-ce2a-495a-90cd-6826f704ebee,40.295338,-111.2584445
2021-07-04 06:00:00,20.27435232743292,cfe58efd-ce2a-495a-90cd-6826f704ebee,40.295338,-111.2584445
2021-07-05 06:00:00,29.289240990088146,cfe58efd-ce2a-495a-90cd-6826f704ebee,40.295338,-111.2584445
2021-07-06 06:00:00,19.961190810922698,cfe58efd-ce2a-495a-90cd-6826f704ebee,40.295338,-111.2584445
2021-07-07 06:00:00,16.771854100149483,cfe58efd-ce2a-495a-90cd-6826f704ebee,40.295338,-111.2584445
2021-07-08 06:00:00,18.547262123980055,cfe58efd-ce2a-495a-90cd-6826f704ebee,40.295338,-111.2584445
2021-07-09 06:00:00,17.39625305446951,cfe58efd-ce2a-495a-90cd-6826f704ebee,40.295338,-111.2584445
2021-07-10 06:00:00,14.666954975879388,cfe58efd-ce2a-495a-90cd-6826f704ebee,40.295338,-111.2584445
2021-07-11 06:00:00,16.23928903365341,cfe58efd-ce2a-495a-90cd-6826f704ebee,40.295338,-111.2584445
2021-07-12 06:00:00,17.136695803185134,cfe58efd-ce2a-495a-90cd-6826f704ebee,40.295338,-111.2584445
2021-07-13 06:00:00,21.209125562772282,cfe58efd-ce2a-495a-90cd-6826f704ebee,40.295338,-111.2584445
2021-07-14 06:00:00,23.876080898684336,cfe58efd-ce2a-495a-90cd-6826f704ebee,40.295338,-111.2584445
2021-07-15 06:00:00,22.03342921818597,cfe58efd-ce2a-495a-90cd-6826f704ebee,40.295338,-111.2584445
2021-07-16 06:00:00,21.832853119380193,cfe58efd-ce2a-495a-90cd-6826f704ebee,40.295338,-111.2584445
2021-07-17 06:00:00,19.136119280035512,cfe58efd-ce2a-495a-90cd-6826f704ebee,40.295338,-111.2584445
2021-07-18 06:00:00,17.747358228699962,cfe58efd-ce2a-495a-90cd-6826f704ebee,40.295338,-111.2584445
2021-07-19 06:00:00,25.50854899674855,cfe58efd-ce2a-495a-90cd-6826f704ebee,40.295338,-111.2584445
2021-07-20 06:00:00,33.13189323857699,cfe58efd-ce2a-495a-90cd-6826f704ebee,40.295338,-111.2584445
2021-07-21 06:00:00,26.37877047829166,cfe58efd-ce2a-495a-90cd-6826f704ebee,40.295338,-111.2584445
2021-07-22 06:00:00,28.70537894740916,cfe58efd-ce2a-495a-90cd-6826f704ebee,40.295338,-111.2584445
2021-07-23 06:00:00,32.79135306263977,cfe58efd-ce2a-495a-90cd-6826f704ebee,40.295338,-111.2584445
2021-07-24 06:00:00,19.2419787653356,cfe58efd-ce2a-495a-90cd-6826f704ebee,40.295338,-111.2584445
2021-07-25 06:00:00,16.473487610317676,cfe58efd-ce2a-495a-90cd-6826f704ebee,40.295338,-111.2584445
2021-07-26 06:00:00,18.816618564836574,cfe58efd-ce2a-495a-90cd-6826f704ebee,40.295338,-111.2584445
2021-07-27 06:00:00,33.11047092844498,cfe58efd-ce2a-495a-90cd-6826f704ebee,40.295338,-111.2584445
2021-07-28 06:00:00,32.05350578850445,cfe58efd-ce2a-495a-90cd-6826f704ebee,40.295338,-111.2584445
2021-07-29 06:00:00,35.39730932801876,cfe58efd-ce2a-495a-90cd-6826f704ebee,40.295338,-111.2584445
2021-07-30 06:00:00,45.55917333480146,cfe58efd-ce2a-495a-90cd-6826f704ebee,40.295338,-111.2584445
2021-07-31 06:00:00,37.19961461736878,cfe58efd-ce2a-495a-90cd-6826f704ebee,40.295338,-111.2584445
2021-08-01 06:00:00,44.4361190356164,cfe58efd-ce2a-495a-90cd-6826f704ebee,40.295338,-111.2584445
2021-08-02 06:00:00,51.6937554036048,cfe58efd-ce2a-495a-90cd-6826f704ebee,40.295338,-111.2584445
2021-08-03 06:00:00,35.51796372823138,cfe58efd-ce2a-495a-90cd-6826f704ebee,40.295338,-111.2584445
2021-08-04 06:00:00,20.945725057127387,cfe58efd-ce2a-495a-90cd-6826f704ebee,40.295338,-111.2584445
2021-08-05 06:00:00,15.937176070456092,cfe58efd-ce2a-495a-90cd-6826f704ebee,40.295338,-111.2584445
2021-08-06 06:00:00,23.302209643419836,cfe58efd-ce2a-495a-90cd-6826f704ebee,40.295338,-111.2584445
2021-08-07 06:00:00,22.693659757674602,cfe58efd-ce2a-495a-90cd-6826f704ebee,40.295338,-111.2584445
2021-08-08 06:00:00,15.253218203754406,cfe58efd-ce2a-495a-90cd-6826f704ebee,40.295338,-111.2584445
2021-08-09 06:00:00,22.561767715542054,cfe58efd-ce2a-495a-90cd-6826f704ebee,40.295338,-111.2584445
2021-08-10 06:00:00,17.990970135193166,cfe58efd-ce2a-495a-90cd-6826f704ebee,40.295338,-111.2584445
2021-08-11 06:00:00,15.137271915915836,cfe58efd-ce2a-495a-90cd-6826f704ebee,40.295338,-111.2584445
2021-08-12 06:00:00,13.90797334537268,cfe58efd-ce2a-495a-90cd-6826f704ebee,40.295338,-111.2584445
2021-08-13 06:00:00,16.421325348296154,cfe58efd-ce2a-495a-90cd-6826f704ebee,40.295338,-111.2584445
2021-08-14 06:00:00,16.08837612676117,cfe58efd-ce2a-495a-90cd-6826f704ebee,40.295338,-111.2584445
2021-08-15 06:00:00,18.015465805097687,cfe58efd-ce2a-495a-90cd-6826f704ebee,40.295338,-111.2584445
2021-08-16 06:00:00,15.54255493596468,cfe58efd-ce2a-495a-90cd-6826f704ebee,40.295338,-111.2584445
2021-08-17 06:00:00,20.05840545016682,cfe58efd-ce2a-495a-90cd-6826f704ebee,40.295338,-111.2584445
2021-08-18 06:00:00,59.64755022560142,cfe58efd-ce2a-495a-90cd-6826f704ebee,40.295338,-111.2584445
2021-08-19 06:00:00,80.57665589815372,cfe58efd-ce2a-495a-90cd-6826f704ebee,40.295338,-111.2584445
2021-08-20 06:00:00,35.81277706574982,cfe58efd-ce2a-495a-90cd-6826f704ebee,40.295338,-111.2584445
2021-08-21 06:00:00,39.70403515891773,cfe58efd-ce2a-495a-90cd-6826f704ebee,40.295338,-111.2584445
2021-08-22 06:00:00,35.55427484210012,cfe58efd-ce2a-495a-90cd-6826f704ebee,40.295338,-111.2584445
2021-08-23 06:00:00,23.09202724826897,cfe58efd-ce2a-495a-90cd-6826f704ebee,40.295338,-111.2584445
2021-08-24 06:00:00,18.17291060236071,cfe58efd-ce2a-495a-90cd-6826f704ebee,40.295338,-111.2584445
2021-08-25 06:00:00,20.14255490701549,cfe58efd-ce2a-495a-90cd-6826f704ebee,40.295338,-111.2584445
2021-08-26 06:00:00,24.65312171005264,cfe58efd-ce2a-495a-90cd-6826f704ebee,40.295338,-111.2584445
2021-08-27 06:00:00,20.031892532803024,cfe58efd-ce2a-495a-90cd-6826f704ebee,40.295338,-111.2584445
2021-08-28 06:00:00,22.14101878962302,cfe58efd-ce2a-495a-90cd-6826f704ebee,40.295338,-111.2584445
2021-08-29 06:00:00,18.240826063495092,cfe58efd-ce2a-495a-90cd-6826f704ebee,40.295338,-111.2584445
2021-08-30 06:00:00,19.675504272197095,cfe58efd-ce2a-495a-90cd-6826f704ebee,40.295338,-111.2584445
2021-08-31 06:00:00,28.775024293135495,cfe58efd-ce2a-495a-90cd-6826f704ebee,40.295338,-111.2584445
2021-09-01 06:00:00,49.059174199612755,cfe58efd-ce2a-495a-90cd-6826f704ebee,40.295338,-111.2584445
2021-09-02 06:00:00,36.84803088185424,cfe58efd-ce2a-495a-90cd-6826f704ebee,40.295338,-111.2584445
2021-09-03 06:00:00,30.67511997534379,cfe58efd-ce2a-495a-90cd-6826f704ebee,40.295338,-111.2584445
2021-09-04 06:00:00,15.089241196396944,cfe58efd-ce2a-495a-90cd-6826f704ebee,40.295338,-111.2584445
2021-09-05 06:00:00,12.283957604143508,cfe58efd-ce2a-495a-90cd-6826f704ebee,40.295338,-111.2584445
2021-09-06 06:00:00,12.478674062276323,cfe58efd-ce2a-495a-90cd-6826f704ebee,40.295338,-111.2584445
2021-09-07 06:00:00,10.238232241583832,cfe58efd-ce2a-495a-90cd-6826f704ebee,40.295338,-111.2584445
2021-09-08 06:00:00,9.630355716782278,cfe58efd-ce2a-495a-90cd-6826f704ebee,40.295338,-111.2584445
2021-09-09 06:00:00,9.87867458409466,cfe58efd-ce2a-495a-90cd-6826f704ebee,40.295338,-111.2584445
2021-09-10 06:00:00,20.05667654031979,cfe58efd-ce2a-495a-90cd-6826f704ebee,40.295338,-111.2584445
2021-09-11 06:00:00,37.89740728988427,cfe58efd-ce2a-495a-90cd-6826f704ebee,40.295338,-111.2584445
2021-09-12 06:00:00,30.50758898842232,cfe58efd-ce2a-495a-90cd-6826f704ebee,40.295338,-111.2584445
2021-09-13 06:00:00,29.567051170195217,cfe58efd-ce2a-495a-90cd-6826f704ebee,40.295338,-111.2584445
2021-09-14 06:00:00,23.159269871560575,cfe58efd-ce2a-495a-90cd-6826f704ebee,40.295338,-111.2584445
2021-09-15 06:00:00,15.991930906642068,cfe58efd-ce2a-495a-90cd-6826f704ebee,40.295338,-111.2584445
2021-09-16 06:00:00,17.37262323106515,cfe58efd-ce2a-495a-90cd-6826f704ebee,40.295338,-111.2584445
2021-09-17 06:00:00,14.799807758312978,cfe58efd-ce2a-495a-90cd-6826f704ebee,40.295338,-111.2584445
2021-09-18 06:00:00,43.08069133483711,cfe58efd-ce2a-495a-90cd-6826f704ebee,40.295338,-111.2584445
2021-09-19 06:00:00,32.22391846040255,cfe58efd-ce2a-495a-90cd-6826f704ebee,40.295338,-111.2584445
2021-09-20 06:00:00,31.778386611645328,cfe58efd-ce2a-495a-90cd-6826f704ebee,40.295338,-111.2584445
2021-09-21 06:00:00,14.67387124097313,cfe58efd-ce2a-495a-90cd-6826f704ebee,40.295338,-111.2584445
2021-09-22 06:00:00,15.216906587855387,cfe58efd-ce2a-495a-90cd-6826f704ebee,40.295338,-111.2584445
2021-09-23 06:00:00,21.94860701510588,cfe58efd-ce2a-495a-90cd-6826f704ebee,40.295338,-111.2584445
2021-09-24 06:00:00,22.678482292021386,cfe58efd-ce2a-495a-90cd-6826f704ebee,40.295338,-111.2584445
2021-09-25 06:00:00,18.683861704083387,cfe58efd-ce2a-495a-90cd-6826f704ebee,40.295338,-111.2584445
2021-09-26 06:00:00,15.483861377214033,cfe58efd-ce2a-495a-90cd-6826f704ebee,40.295338,-111.2584445
2021-09-27 06:00:00,14.494524216445791,cfe58efd-ce2a-495a-90cd-6826f704ebee,40.295338,-111.2584445
2021-09-28 06:00:00,24.528914566113333,cfe58efd-ce2a-495a-90cd-6826f704ebee,40.295338,-111.2584445
2021-09-29 06:00:00,46.91604086209901,cfe58efd-ce2a-495a-90cd-6826f704ebee,40.295338,-111.2584445
2021-09-30 06:00:00,29.652737565274197,cfe58efd-ce2a-495a-90cd-6826f704ebee,40.295338,-111.2584445
2021-10-01 06:00:00,23.19625363272045,cfe58efd-ce2a-495a-90cd-6826f704ebee,40.295338,-111.2584445
2021-10-02 06:00:00,21.437367779148186,cfe58efd-ce2a-495a-90cd-6826f704ebee,40.295338,-111.2584445
2021-10-03 06:00:00,16.03794455734385,cfe58efd-ce2a-495a-90cd-6826f704ebee,40.295338,-111.2584445
2021-10-04 06:00:00,16.62103725693526,cfe58efd-ce2a-495a-90cd-6826f704ebee,40.295338,-111.2584445
2021-10-05 06:00:00,28.05360256308667,cfe58efd-ce2a-495a-90cd-6826f704ebee,40.295338,-111.2584445
2021-10-06 06:00:00,55.00192077519457,cfe58efd-ce2a-495a-90cd-6826f704ebee,40.295338,-111.2584445
2021-10-07 06:00:00,43.735157698192474,cfe58efd-ce2a-495a-90cd-6826f704ebee,40.295338,-111.2584445
2021-10-08 06:00:00,68.45408252199377,cfe58efd-ce2a-495a-90cd-6826f704ebee,40.295338,-111.2584445
2021-10-09 06:00:00,68.90855108695347,cfe58efd-ce2a-495a-90cd-6826f704ebee,40.295338,-111.2584445
2021-10-10 06:00:00,46.828434470522076,cfe58efd-ce2a-495a-90cd-6826f704ebee,40.295338,-111.2584445
2021-10-11 06:00:00,36.0895293801021,cfe58efd-ce2a-495a-90cd-6826f704ebee,40.295338,-111.2584445
2021-10-12 06:00:00,78.36234522369709,cfe58efd-ce2a-495a-90cd-6826f704ebee,40.295338,-111.2584445
2021-10-13 06:00:00,54.739288608576686,cfe58efd-ce2a-495a-90cd-6826f704ebee,40.295338,-111.2584445
2021-10-14 06:00:00,57.487128691073224,cfe58efd-ce2a-495a-90cd-6826f704ebee,40.295338,-111.2584445
2021-10-15 06:00:00,32.419404974359374,cfe58efd-ce2a-495a-90cd-6826f704ebee,40.295338,-111.2584445
2021-10-16 06:00:00,17.314697106221224,cfe58efd-ce2a-495a-90cd-6826f704ebee,40.295338,-111.2584445
2021-10-17 06:00:00,23.24889572759183,cfe58efd-ce2a-495a-90cd-6826f704ebee,40.295338,-111.2584445
2021-10-18 06:00:00,45.35725307556211,cfe58efd-ce2a-495a-90cd-6826f704ebee,40.295338,-111.2584445
2021-10-19 06:00:00,76.44005822173457,cfe58efd-ce2a-495a-90cd-6826f704ebee,40.295338,-111.2584445
2021-10-20 06:00:00,42.33208341717606,cfe58efd-ce2a-495a-90cd-6826f704ebee,40.295338,-111.2584445
2021-10-21 06:00:00,29.00172900329062,cfe58efd-ce2a-495a-90cd-6826f704ebee,40.295338,-111.2584445
2021-10-22 06:00:00,26.097310235704175,cfe58efd-ce2a-495a-90cd-6826f704ebee,40.295338,-111.2584445
2021-10-23 06:00:00,54.39913453790113,cfe58efd-ce2a-495a-90cd-6826f704ebee,40.295338,-111.2584445
2021-10-24 06:00:00,54.05888677811417,cfe58efd-ce2a-495a-90cd-6826f704ebee,40.295338,-111.2584445
2021-10-25 06:00:00,50.94851001149525,cfe58efd-ce2a-495a-90cd-6826f704ebee,40.295338,-111.2584445
2021-10-26 06:00:00,84.69145176985536,cfe58efd-ce2a-495a-90cd-6826f704ebee,40.295338,-111.2584445
2021-10-27 06:00:00,60.39260300298246,cfe58efd-ce2a-495a-90cd-6826f704ebee,40.295338,-111.2584445
2021-10-28 06:00:00,45.459268938223985,cfe58efd-ce2a-495a-90cd-6826f704ebee,40.295338,-111.2584445
2021-10-29 06:00:00,26.83131590814801,cfe58efd-ce2a-495a-90cd-6826f704ebee,40.295338,-111.2584445
2021-10-30 06:00:00,28.316810468660883,cfe58efd-ce2a-495a-90cd-6826f704ebee,40.295338,-111.2584445
2021-10-31 06:00:00,38.14447561624987,cfe58efd-ce2a-495a-90cd-6826f704ebee,40.295338,-111.2584445
2021-11-01 06:00:00,42.544092491655604,cfe58efd-ce2a-495a-90cd-6826f704ebee,40.295338,-111.2584445
2021-11-02 06:00:00,50.895773522104925,cfe58efd-ce2a-495a-90cd-6826f704ebee,40.295338,-111.2584445
2021-11-03 06:00:00,36.47492857098465,cfe58efd-ce2a-495a-90cd-6826f704ebee,40.295338,-111.2584445
2021-11-04 06:00:00,21.94975944211229,cfe58efd-ce2a-495a-90cd-6826f704ebee,40.295338,-111.2584445
2021-11-05 06:00:00,28.412103766552196,cfe58efd-ce2a-495a-90cd-6826f704ebee,40.295338,-111.2584445
2021-11-06 06:00:00,28.317291191973215,cfe58efd-ce2a-495a-90cd-6826f704ebee,40.295338,-111.2584445
2021-11-07 06:00:00,31.94630208780397,cfe58efd-ce2a-495a-90cd-6826f704ebee,40.295338,-111.2584445
2021-11-08 06:00:00,37.85715571100269,cfe58efd-ce2a-495a-90cd-6826f704ebee,40.295338,-111.2584445
2021-11-09 06:00:00,53.71191175022914,cfe58efd-ce2a-495a-90cd-6826f704ebee,40.295338,-111.2584445
2021-11-10 06:00:00,53.52516773821183,cfe58efd-ce2a-495a-90cd-6826f704ebee,40.295338,-111.2584445
2021-11-11 06:00:00,42.09807837685064,cfe58efd-ce2a-495a-90cd-6826f704ebee,40.295338,-111.2584445
2021-11-12 06:00:00,45.538041113891026,cfe58efd-ce2a-495a-90cd-6826f704ebee,40.295338,-111.2584445
2021-11-13 06:00:00,33.602593952365844,cfe58efd-ce2a-495a-90cd-6826f704ebee,40.295338,-111.2584445
2021-11-14 06:00:00,30.638137139458706,cfe58efd-ce2a-495a-90cd-6826f704ebee,40.295338,-111.2584445
2021-11-15 06:00:00,24.217195419252892,cfe58efd-ce2a-495a-90cd-6826f704ebee,40.295338,-111.2584445
2021-11-16 06:00:00,36.25196944281645,cfe58efd-ce2a-495a-90cd-6826f704ebee,40.295338,-111.2584445
2021-11-17 06:00:00,35.40893361570742,cfe58efd-ce2a-495a-90cd-6826f704ebee,40.295338,-111.2584445
2021-11-18 06:00:00,16.623823506687835,cfe58efd-ce2a-495a-90cd-6826f704ebee,40.295338,-111.2584445
2021-11-19 06:00:00,32.91344718310148,cfe58efd-ce2a-495a-90cd-6826f704ebee,40.295338,-111.2584445
2021-11-20 06:00:00,56.139865988842246,cfe58efd-ce2a-495a-90cd-6826f704ebee,40.295338,-111.2584445
2021-11-21 06:00:00,31.953506097784423,cfe58efd-ce2a-495a-90cd-6826f704ebee,40.295338,-111.2584445
2021-11-22 06:00:00,16.22046158522167,cfe58efd-ce2a-495a-90cd-6826f704ebee,40.295338,-111.2584445
2021-11-23 06:00:00,23.90730082633745,cfe58efd-ce2a-495a-90cd-6826f704ebee,40.295338,-111.2584445
2021-11-24 06:00:00,49.71517827439835,cfe58efd-ce2a-495a-90cd-6826f704ebee,40.295338,-111.2584445
2021-11-25 06:00:00,24.001825054143048,cfe58efd-ce2a-495a-90cd-6826f704ebee,40.295338,-111.2584445
2021-11-26 06:00:00,15.544476569557741,cfe58efd-ce2a-495a-90cd-6826f704ebee,40.295338,-111.2584445
2021-11-27 06:00:00,22.766666802617934,cfe58efd-ce2a-495a-90cd-6826f704ebee,40.295338,-111.2584445
2021-11-28 06:00:00,23.189145105601963,cfe58efd-ce2a-495a-90cd-6826f704ebee,40.295338,-111.2584445
2021-11-29 06:00:00,21.019981118604385,cfe58efd-ce2a-495a-90cd-6826f704ebee,40.295338,-111.2584445
2021-11-30 06:00:00,28.926128797870092,cfe58efd-ce2a-495a-90cd-6826f704ebee,40.295338,-111.2584445
2021-12-01 06:00:00,26.862151496806593,cfe58efd-ce2a-495a-90cd-6826f704ebee,40.295338,-111.2584445
2021-12-02 06:00:00,24.04197938206331,cfe58efd-ce2a-495a-90cd-6826f704ebee,40.295338,-111.2584445
2021-12-03 06:00:00,28.237655758743216,cfe58efd-ce2a-495a-90cd-6826f704ebee,40.295338,-111.2584445
2021-12-04 06:00:00,26.329107103155398,cfe58efd-ce2a-495a-90cd-6826f704ebee,40.295338,-111.2584445
2021-12-05 06:00:00,31.42007752087801,cfe58efd-ce2a-495a-90cd-6826f704ebee,40.295338,-111.2584445
2021-12-06 06:00:00,33.8165230544912,cfe58efd-ce2a-495a-90cd-6826f704ebee,40.295338,-111.2584445
2021-12-07 06:00:00,35.047646715821955,cfe58efd-ce2a-495a-90cd-6826f704ebee,40.295338,-111.2584445
2021-12-08 06:00:00,47.00566774967425,cfe58efd-ce2a-495a-90cd-6826f704ebee,40.295338,-111.2584445
2021-12-09 06:00:00,65.95946328990398,cfe58efd-ce2a-495a-90cd-6826f704ebee,40.295338,-111.2584445
2021-12-10 06:00:00,71.17070128984112,cfe58efd-ce2a-495a-90cd-6826f704ebee,40.295338,-111.2584445
2021-12-11 06:00:00,38.64534120440599,cfe58efd-ce2a-495a-90cd-6826f704ebee,40.295338,-111.2584445
2021-12-12 06:00:00,46.037656558693655,cfe58efd-ce2a-495a-90cd-6826f704ebee,40.295338,-111.2584445
2021-12-13 06:00:00,49.598655411191686,cfe58efd-ce2a-495a-90cd-6826f704ebee,40.295338,-111.2584445
2021-12-14 06:00:00,50.422861515158765,cfe58efd-ce2a-495a-90cd-6826f704ebee,40.295338,-111.2584445
2021-12-15 06:00:00,61.79807876601571,cfe58efd-ce2a-495a-90cd-6826f704ebee,40.295338,-111.2584445
2021-12-16 06:00:00,59.94495681337618,cfe58efd-ce2a-495a-90cd-6826f704ebee,40.295338,-111.2584445
2021-12-17 06:00:00,63.32920363954806,cfe58efd-ce2a-495a-90cd-6826f704ebee,40.295338,-111.2584445
2021-12-18 06:00:00,34.88434156514954,cfe58efd-ce2a-495a-90cd-6826f704ebee,40.295338,-111.2584445
2021-12-19 06:00:00,22.929587432905308,cfe58efd-ce2a-495a-90cd-6826f704ebee,40.295338,-111.2584445
2021-12-20 06:00:00,24.845917301379526,cfe58efd-ce2a-495a-90cd-6826f704ebee,40.295338,-111.2584445
2021-12-21 06:00:00,22.969740921665455,cfe58efd-ce2a-495a-90cd-6826f704ebee,40.295338,-111.2584445
2021-12-22 06:00:00,28.247454431627258,cfe58efd-ce2a-495a-90cd-6826f704ebee,40.295338,-111.2584445
2021-12-23 06:00:00,54.38395796087817,cfe58efd-ce2a-495a-90cd-6826f704ebee,40.295338,-111.2584445
2021-12-24 06:00:00,66.54140332429942,cfe58efd-ce2a-495a-90cd-6826f704ebee,40.295338,-111.2584445
2021-12-25 06:00:00,51.41364123063175,cfe58efd-ce2a-495a-90cd-6826f704ebee,40.295338,-111.2584445
2021-12-26 06:00:00,54.76090190275488,cfe58efd-ce2a-495a-90cd-6826f704ebee,40.295338,-111.2584445
2021-12-27 06:00:00,60.34188379586373,cfe58efd-ce2a-495a-90cd-6826f704ebee,40.295338,-111.2584445
2021-12-28 06:00:00,61.81047047844997,cfe58efd-ce2a-495a-90cd-6826f704ebee,40.295338,-111.2584445
2021-12-29 06:00:00,63.82862472534181,cfe58efd-ce2a-495a-90cd-6826f704ebee,40.295338,-111.2584445
2021-12-30 06:00:00,65.3845352553955,cfe58efd-ce2a-495a-90cd-6826f704ebee,40.295338,-111.2584445
