date,vs,cell_id,latitude,longitude
2013-01-01 06:00:00,2.7261572175555764,360f1bcc-aa60-4052-a18a-b33da5745ff4,47.3595055,-121.5711045
2013-01-02 06:00:00,7.7370692562853165,360f1bcc-aa60-4052-a18a-b33da5745ff4,47.3595055,-121.5711045
2013-01-03 06:00:00,9.097484796475142,360f1bcc-aa60-4052-a18a-b33da5745ff4,47.3595055,-121.5711045
2013-01-04 06:00:00,3.4776899525243,360f1bcc-aa60-4052-a18a-b33da5745ff4,47.3595055,-121.5711045
2013-01-05 06:00:00,5.823030100928413,360f1bcc-aa60-4052-a18a-b33da5745ff4,47.3595055,-121.5711045
2013-01-06 06:00:00,3.253254603116941,360f1bcc-aa60-4052-a18a-b33da5745ff4,47.3595055,-121.5711045
2013-01-07 06:00:00,4.169666811951206,360f1bcc-aa60-4052-a18a-b33da5745ff4,47.3595055,-121.5711045
2013-01-08 06:00:00,4.805159854888917,360f1bcc-aa60-4052-a18a-b33da5745ff4,47.3595055,-121.5711045
2013-01-09 06:00:00,5.586820688410701,360f1bcc-aa60-4052-a18a-b33da5745ff4,47.3595055,-121.5711045
2013-01-10 06:00:00,4.210900248014011,360f1bcc-aa60-4052-a18a-b33da5745ff4,47.3595055,-121.5711045
2013-01-11 06:00:00,3.631276208722693,360f1bcc-aa60-4052-a18a-b33da5745ff4,47.3595055,-121.5711045
2013-01-12 06:00:00,2.759869971642128,360f1bcc-aa60-4052-a18a-b33da5745ff4,47.3595055,-121.5711045
2013-01-13 06:00:00,2.499768651448764,360f1bcc-aa60-4052-a18a-b33da5745ff4,47.3595055,-121.5711045
2013-01-14 06:00:00,4.0216892356546525,360f1bcc-aa60-4052-a18a-b33da5745ff4,47.3595055,-121.5711045
2013-01-15 06:00:00,3.6369534834837296,360f1bcc-aa60-4052-a18a-b33da5745ff4,47.3595055,-121.5711045
2013-01-16 06:00:00,3.675013355312184,360f1bcc-aa60-4052-a18a-b33da5745ff4,47.3595055,-121.5711045
2013-01-17 06:00:00,2.1238296649394894,360f1bcc-aa60-4052-a18a-b33da5745ff4,47.3595055,-121.5711045
2013-01-18 06:00:00,2.5708491417077877,360f1bcc-aa60-4052-a18a-b33da5745ff4,47.3595055,-121.5711045
2013-01-19 06:00:00,2.59592187914074,360f1bcc-aa60-4052-a18a-b33da5745ff4,47.3595055,-121.5711045
2013-01-20 06:00:00,2.0893837832996986,360f1bcc-aa60-4052-a18a-b33da5745ff4,47.3595055,-121.5711045
2013-01-21 06:00:00,3.738430330488418,360f1bcc-aa60-4052-a18a-b33da5745ff4,47.3595055,-121.5711045
2013-01-22 06:00:00,4.339336045990642,360f1bcc-aa60-4052-a18a-b33da5745ff4,47.3595055,-121.5711045
2013-01-23 06:00:00,5.822532835984841,360f1bcc-aa60-4052-a18a-b33da5745ff4,47.3595055,-121.5711045
2013-01-24 06:00:00,3.0773517472112277,360f1bcc-aa60-4052-a18a-b33da5745ff4,47.3595055,-121.5711045
2013-01-25 06:00:00,2.3500667382509275,360f1bcc-aa60-4052-a18a-b33da5745ff4,47.3595055,-121.5711045
2013-01-26 06:00:00,2.367153819198282,360f1bcc-aa60-4052-a18a-b33da5745ff4,47.3595055,-121.5711045
2013-01-27 06:00:00,3.4799064613815056,360f1bcc-aa60-4052-a18a-b33da5745ff4,47.3595055,-121.5711045
2013-01-28 06:00:00,4.736301808479506,360f1bcc-aa60-4052-a18a-b33da5745ff4,47.3595055,-121.5711045
2013-01-29 06:00:00,7.998964662225839,360f1bcc-aa60-4052-a18a-b33da5745ff4,47.3595055,-121.5711045
2013-01-30 06:00:00,6.977398190131555,360f1bcc-aa60-4052-a18a-b33da5745ff4,47.3595055,-121.5711045
2013-01-31 06:00:00,3.9981390439547027,360f1bcc-aa60-4052-a18a-b33da5745ff4,47.3595055,-121.5711045
2013-02-01 06:00:00,3.297698043554257,360f1bcc-aa60-4052-a18a-b33da5745ff4,47.3595055,-121.5711045
2013-02-02 06:00:00,4.623732619815403,360f1bcc-aa60-4052-a18a-b33da5745ff4,47.3595055,-121.5711045
2013-02-03 06:00:00,3.413229588565664,360f1bcc-aa60-4052-a18a-b33da5745ff4,47.3595055,-121.5711045
2013-02-04 06:00:00,2.4693498544203933,360f1bcc-aa60-4052-a18a-b33da5745ff4,47.3595055,-121.5711045
2013-02-05 06:00:00,3.0012386032658767,360f1bcc-aa60-4052-a18a-b33da5745ff4,47.3595055,-121.5711045
2013-02-06 06:00:00,3.155693603988387,360f1bcc-aa60-4052-a18a-b33da5745ff4,47.3595055,-121.5711045
2013-02-07 06:00:00,4.29705410492726,360f1bcc-aa60-4052-a18a-b33da5745ff4,47.3595055,-121.5711045
2013-02-08 06:00:00,4.148760462826134,360f1bcc-aa60-4052-a18a-b33da5745ff4,47.3595055,-121.5711045
2013-02-09 06:00:00,4.7104900918455215,360f1bcc-aa60-4052-a18a-b33da5745ff4,47.3595055,-121.5711045
2013-02-10 06:00:00,3.813964990061572,360f1bcc-aa60-4052-a18a-b33da5745ff4,47.3595055,-121.5711045
2013-02-11 06:00:00,4.202542741685852,360f1bcc-aa60-4052-a18a-b33da5745ff4,47.3595055,-121.5711045
2013-02-12 06:00:00,5.203510836250762,360f1bcc-aa60-4052-a18a-b33da5745ff4,47.3595055,-121.5711045
2013-02-13 06:00:00,6.9963879304054455,360f1bcc-aa60-4052-a18a-b33da5745ff4,47.3595055,-121.5711045
2013-02-14 06:00:00,2.88757088877197,360f1bcc-aa60-4052-a18a-b33da5745ff4,47.3595055,-121.5711045
2013-02-15 06:00:00,2.974006256282839,360f1bcc-aa60-4052-a18a-b33da5745ff4,47.3595055,-121.5711045
2013-02-16 06:00:00,3.8344465343361236,360f1bcc-aa60-4052-a18a-b33da5745ff4,47.3595055,-121.5711045
2013-02-17 06:00:00,5.317673879199558,360f1bcc-aa60-4052-a18a-b33da5745ff4,47.3595055,-121.5711045
2013-02-18 06:00:00,3.098648037258377,360f1bcc-aa60-4052-a18a-b33da5745ff4,47.3595055,-121.5711045
2013-02-19 06:00:00,2.5251937589074815,360f1bcc-aa60-4052-a18a-b33da5745ff4,47.3595055,-121.5711045
2013-02-20 06:00:00,3.561741319884603,360f1bcc-aa60-4052-a18a-b33da5745ff4,47.3595055,-121.5711045
2013-02-21 06:00:00,3.623324976211939,360f1bcc-aa60-4052-a18a-b33da5745ff4,47.3595055,-121.5711045
2013-02-22 06:00:00,4.691518797018589,360f1bcc-aa60-4052-a18a-b33da5745ff4,47.3595055,-121.5711045
2013-02-23 06:00:00,7.135693936470227,360f1bcc-aa60-4052-a18a-b33da5745ff4,47.3595055,-121.5711045
2013-02-24 06:00:00,3.5775922159863343,360f1bcc-aa60-4052-a18a-b33da5745ff4,47.3595055,-121.5711045
2013-02-25 06:00:00,5.956636662768504,360f1bcc-aa60-4052-a18a-b33da5745ff4,47.3595055,-121.5711045
2013-02-26 06:00:00,4.601202973341331,360f1bcc-aa60-4052-a18a-b33da5745ff4,47.3595055,-121.5711045
2013-02-27 06:00:00,2.653660818858025,360f1bcc-aa60-4052-a18a-b33da5745ff4,47.3595055,-121.5711045
2013-02-28 06:00:00,2.480220103263856,360f1bcc-aa60-4052-a18a-b33da5745ff4,47.3595055,-121.5711045
2013-03-01 06:00:00,4.151304258851924,360f1bcc-aa60-4052-a18a-b33da5745ff4,47.3595055,-121.5711045
2013-03-02 06:00:00,3.128757912888487,360f1bcc-aa60-4052-a18a-b33da5745ff4,47.3595055,-121.5711045
2013-03-03 06:00:00,6.6472028964605085,360f1bcc-aa60-4052-a18a-b33da5745ff4,47.3595055,-121.5711045
2013-03-04 06:00:00,4.758124128162351,360f1bcc-aa60-4052-a18a-b33da5745ff4,47.3595055,-121.5711045
2013-03-05 06:00:00,7.710407474713447,360f1bcc-aa60-4052-a18a-b33da5745ff4,47.3595055,-121.5711045
2013-03-06 06:00:00,5.756902508450369,360f1bcc-aa60-4052-a18a-b33da5745ff4,47.3595055,-121.5711045
2013-03-07 06:00:00,2.5682767297467617,360f1bcc-aa60-4052-a18a-b33da5745ff4,47.3595055,-121.5711045
2013-03-08 06:00:00,1.8443127847125391,360f1bcc-aa60-4052-a18a-b33da5745ff4,47.3595055,-121.5711045
2013-03-09 06:00:00,3.9532954211927898,360f1bcc-aa60-4052-a18a-b33da5745ff4,47.3595055,-121.5711045
2013-03-10 06:00:00,3.5624896917587683,360f1bcc-aa60-4052-a18a-b33da5745ff4,47.3595055,-121.5711045
2013-03-11 06:00:00,2.698262805205125,360f1bcc-aa60-4052-a18a-b33da5745ff4,47.3595055,-121.5711045
2013-03-12 06:00:00,3.3618416519246552,360f1bcc-aa60-4052-a18a-b33da5745ff4,47.3595055,-121.5711045
2013-03-13 06:00:00,3.427082550423778,360f1bcc-aa60-4052-a18a-b33da5745ff4,47.3595055,-121.5711045
2013-03-14 06:00:00,2.8805241440096467,360f1bcc-aa60-4052-a18a-b33da5745ff4,47.3595055,-121.5711045
2013-03-15 06:00:00,4.039560667673747,360f1bcc-aa60-4052-a18a-b33da5745ff4,47.3595055,-121.5711045
2013-03-16 06:00:00,4.186047756570018,360f1bcc-aa60-4052-a18a-b33da5745ff4,47.3595055,-121.5711045
2013-03-17 06:00:00,7.477040815760947,360f1bcc-aa60-4052-a18a-b33da5745ff4,47.3595055,-121.5711045
2013-03-18 06:00:00,6.174938623721784,360f1bcc-aa60-4052-a18a-b33da5745ff4,47.3595055,-121.5711045
2013-03-19 06:00:00,6.378381822863195,360f1bcc-aa60-4052-a18a-b33da5745ff4,47.3595055,-121.5711045
2013-03-20 06:00:00,7.232044892025809,360f1bcc-aa60-4052-a18a-b33da5745ff4,47.3595055,-121.5711045
2013-03-21 06:00:00,7.678376104485276,360f1bcc-aa60-4052-a18a-b33da5745ff4,47.3595055,-121.5711045
2013-03-22 06:00:00,5.917811483807034,360f1bcc-aa60-4052-a18a-b33da5745ff4,47.3595055,-121.5711045
2013-03-23 06:00:00,2.1675838260569122,360f1bcc-aa60-4052-a18a-b33da5745ff4,47.3595055,-121.5711045
2013-03-24 06:00:00,4.056637690617488,360f1bcc-aa60-4052-a18a-b33da5745ff4,47.3595055,-121.5711045
2013-03-25 06:00:00,4.952268586607061,360f1bcc-aa60-4052-a18a-b33da5745ff4,47.3595055,-121.5711045
2013-03-26 06:00:00,2.4657994209191743,360f1bcc-aa60-4052-a18a-b33da5745ff4,47.3595055,-121.5711045
2013-03-27 06:00:00,2.4717291944047335,360f1bcc-aa60-4052-a18a-b33da5745ff4,47.3595055,-121.5711045
2013-03-28 06:00:00,1.1645538933256754,360f1bcc-aa60-4052-a18a-b33da5745ff4,47.3595055,-121.5711045
2013-03-29 06:00:00,2.5261807731074146,360f1bcc-aa60-4052-a18a-b33da5745ff4,47.3595055,-121.5711045
2013-03-30 06:00:00,3.225071844687829,360f1bcc-aa60-4052-a18a-b33da5745ff4,47.3595055,-121.5711045
2013-03-31 06:00:00,3.6930994791862295,360f1bcc-aa60-4052-a18a-b33da5745ff4,47.3595055,-121.5711045
2013-04-01 06:00:00,3.0436303613532303,360f1bcc-aa60-4052-a18a-b33da5745ff4,47.3595055,-121.5711045
2013-04-02 06:00:00,4.108698121502869,360f1bcc-aa60-4052-a18a-b33da5745ff4,47.3595055,-121.5711045
2013-04-03 06:00:00,2.965079359111623,360f1bcc-aa60-4052-a18a-b33da5745ff4,47.3595055,-121.5711045
2013-04-04 06:00:00,3.8281898249927746,360f1bcc-aa60-4052-a18a-b33da5745ff4,47.3595055,-121.5711045
2013-04-05 06:00:00,4.095431002592429,360f1bcc-aa60-4052-a18a-b33da5745ff4,47.3595055,-121.5711045
2013-04-06 06:00:00,3.638802960183885,360f1bcc-aa60-4052-a18a-b33da5745ff4,47.3595055,-121.5711045
2013-04-07 06:00:00,4.277478645601844,360f1bcc-aa60-4052-a18a-b33da5745ff4,47.3595055,-121.5711045
2013-04-08 06:00:00,5.499455033408271,360f1bcc-aa60-4052-a18a-b33da5745ff4,47.3595055,-121.5711045
2013-04-09 06:00:00,2.7478833553118585,360f1bcc-aa60-4052-a18a-b33da5745ff4,47.3595055,-121.5711045
2013-04-10 06:00:00,4.620729734551194,360f1bcc-aa60-4052-a18a-b33da5745ff4,47.3595055,-121.5711045
2013-04-11 06:00:00,6.402779345227104,360f1bcc-aa60-4052-a18a-b33da5745ff4,47.3595055,-121.5711045
2013-04-12 06:00:00,2.862123316169804,360f1bcc-aa60-4052-a18a-b33da5745ff4,47.3595055,-121.5711045
2013-04-13 06:00:00,6.519636041690142,360f1bcc-aa60-4052-a18a-b33da5745ff4,47.3595055,-121.5711045
2013-04-14 06:00:00,4.619774170410938,360f1bcc-aa60-4052-a18a-b33da5745ff4,47.3595055,-121.5711045
2013-04-15 06:00:00,3.1530979737257345,360f1bcc-aa60-4052-a18a-b33da5745ff4,47.3595055,-121.5711045
2013-04-16 06:00:00,3.3493453971341123,360f1bcc-aa60-4052-a18a-b33da5745ff4,47.3595055,-121.5711045
2013-04-17 06:00:00,2.519420073786352,360f1bcc-aa60-4052-a18a-b33da5745ff4,47.3595055,-121.5711045
2013-04-18 06:00:00,3.693647634066069,360f1bcc-aa60-4052-a18a-b33da5745ff4,47.3595055,-121.5711045
2013-04-19 06:00:00,4.302707720210409,360f1bcc-aa60-4052-a18a-b33da5745ff4,47.3595055,-121.5711045
2013-04-20 06:00:00,6.29901977074452,360f1bcc-aa60-4052-a18a-b33da5745ff4,47.3595055,-121.5711045
2013-04-21 06:00:00,5.701094696664403,360f1bcc-aa60-4052-a18a-b33da5745ff4,47.3595055,-121.5711045
2013-04-22 06:00:00,3.2064773050128905,360f1bcc-aa60-4052-a18a-b33da5745ff4,47.3595055,-121.5711045
2013-04-23 06:00:00,3.376477804754534,360f1bcc-aa60-4052-a18a-b33da5745ff4,47.3595055,-121.5711045
2013-04-24 06:00:00,2.9160284961390697,360f1bcc-aa60-4052-a18a-b33da5745ff4,47.3595055,-121.5711045
2013-04-25 06:00:00,4.46229751701029,360f1bcc-aa60-4052-a18a-b33da5745ff4,47.3595055,-121.5711045
2013-04-26 06:00:00,3.943555802361578,360f1bcc-aa60-4052-a18a-b33da5745ff4,47.3595055,-121.5711045
2013-04-27 06:00:00,4.834894820971367,360f1bcc-aa60-4052-a18a-b33da5745ff4,47.3595055,-121.5711045
2013-04-28 06:00:00,5.519134391882481,360f1bcc-aa60-4052-a18a-b33da5745ff4,47.3595055,-121.5711045
2013-04-29 06:00:00,8.612397118918917,360f1bcc-aa60-4052-a18a-b33da5745ff4,47.3595055,-121.5711045
2013-04-30 06:00:00,6.174723396545802,360f1bcc-aa60-4052-a18a-b33da5745ff4,47.3595055,-121.5711045
2013-05-01 06:00:00,2.555176305974651,360f1bcc-aa60-4052-a18a-b33da5745ff4,47.3595055,-121.5711045
2013-05-02 06:00:00,2.771628582375682,360f1bcc-aa60-4052-a18a-b33da5745ff4,47.3595055,-121.5711045
2013-05-03 06:00:00,2.8733139688133176,360f1bcc-aa60-4052-a18a-b33da5745ff4,47.3595055,-121.5711045
2013-05-04 06:00:00,4.600844091024154,360f1bcc-aa60-4052-a18a-b33da5745ff4,47.3595055,-121.5711045
2013-05-05 06:00:00,5.318661838515193,360f1bcc-aa60-4052-a18a-b33da5745ff4,47.3595055,-121.5711045
2013-05-06 06:00:00,2.4286752586690787,360f1bcc-aa60-4052-a18a-b33da5745ff4,47.3595055,-121.5711045
2013-05-07 06:00:00,4.477723678360638,360f1bcc-aa60-4052-a18a-b33da5745ff4,47.3595055,-121.5711045
2013-05-08 06:00:00,4.45119766292409,360f1bcc-aa60-4052-a18a-b33da5745ff4,47.3595055,-121.5711045
2013-05-09 06:00:00,4.318409212430317,360f1bcc-aa60-4052-a18a-b33da5745ff4,47.3595055,-121.5711045
2013-05-10 06:00:00,3.5756418725364236,360f1bcc-aa60-4052-a18a-b33da5745ff4,47.3595055,-121.5711045
2013-05-11 06:00:00,2.575971208474575,360f1bcc-aa60-4052-a18a-b33da5745ff4,47.3595055,-121.5711045
2013-05-12 06:00:00,3.1660094073695,360f1bcc-aa60-4052-a18a-b33da5745ff4,47.3595055,-121.5711045
2013-05-13 06:00:00,3.584047514556819,360f1bcc-aa60-4052-a18a-b33da5745ff4,47.3595055,-121.5711045
2013-05-14 06:00:00,3.9073933525982074,360f1bcc-aa60-4052-a18a-b33da5745ff4,47.3595055,-121.5711045
2013-05-15 06:00:00,2.321101740894155,360f1bcc-aa60-4052-a18a-b33da5745ff4,47.3595055,-121.5711045
2013-05-16 06:00:00,2.7279121855385284,360f1bcc-aa60-4052-a18a-b33da5745ff4,47.3595055,-121.5711045
2013-05-17 06:00:00,3.752474551730686,360f1bcc-aa60-4052-a18a-b33da5745ff4,47.3595055,-121.5711045
2013-05-18 06:00:00,4.0476156968336845,360f1bcc-aa60-4052-a18a-b33da5745ff4,47.3595055,-121.5711045
2013-05-19 06:00:00,5.744736874816764,360f1bcc-aa60-4052-a18a-b33da5745ff4,47.3595055,-121.5711045
2013-05-20 06:00:00,3.547180350621541,360f1bcc-aa60-4052-a18a-b33da5745ff4,47.3595055,-121.5711045
2013-05-21 06:00:00,3.471974295632452,360f1bcc-aa60-4052-a18a-b33da5745ff4,47.3595055,-121.5711045
2013-05-22 06:00:00,5.222546309283658,360f1bcc-aa60-4052-a18a-b33da5745ff4,47.3595055,-121.5711045
2013-05-23 06:00:00,4.065201969635793,360f1bcc-aa60-4052-a18a-b33da5745ff4,47.3595055,-121.5711045
2013-05-24 06:00:00,3.5809316950985512,360f1bcc-aa60-4052-a18a-b33da5745ff4,47.3595055,-121.5711045
2013-05-25 06:00:00,3.0080368698152733,360f1bcc-aa60-4052-a18a-b33da5745ff4,47.3595055,-121.5711045
2013-05-26 06:00:00,2.255879095476917,360f1bcc-aa60-4052-a18a-b33da5745ff4,47.3595055,-121.5711045
2013-05-27 06:00:00,3.7416532636707664,360f1bcc-aa60-4052-a18a-b33da5745ff4,47.3595055,-121.5711045
2013-05-28 06:00:00,2.416143935358422,360f1bcc-aa60-4052-a18a-b33da5745ff4,47.3595055,-121.5711045
2013-05-29 06:00:00,3.3444219051263273,360f1bcc-aa60-4052-a18a-b33da5745ff4,47.3595055,-121.5711045
2013-05-30 06:00:00,4.63592886965499,360f1bcc-aa60-4052-a18a-b33da5745ff4,47.3595055,-121.5711045
2013-05-31 06:00:00,3.2873376825935825,360f1bcc-aa60-4052-a18a-b33da5745ff4,47.3595055,-121.5711045
2013-06-01 06:00:00,2.6316708674797646,360f1bcc-aa60-4052-a18a-b33da5745ff4,47.3595055,-121.5711045
2013-06-02 06:00:00,5.239917114045884,360f1bcc-aa60-4052-a18a-b33da5745ff4,47.3595055,-121.5711045
2013-06-03 06:00:00,5.068065594811725,360f1bcc-aa60-4052-a18a-b33da5745ff4,47.3595055,-121.5711045
2013-06-04 06:00:00,3.453608548539317,360f1bcc-aa60-4052-a18a-b33da5745ff4,47.3595055,-121.5711045
2013-06-05 06:00:00,2.239329878081623,360f1bcc-aa60-4052-a18a-b33da5745ff4,47.3595055,-121.5711045
2013-06-06 06:00:00,3.8144474184411212,360f1bcc-aa60-4052-a18a-b33da5745ff4,47.3595055,-121.5711045
2013-06-07 06:00:00,5.0834785331008785,360f1bcc-aa60-4052-a18a-b33da5745ff4,47.3595055,-121.5711045
2013-06-08 06:00:00,4.553168939117693,360f1bcc-aa60-4052-a18a-b33da5745ff4,47.3595055,-121.5711045
2013-06-09 06:00:00,4.899595216196826,360f1bcc-aa60-4052-a18a-b33da5745ff4,47.3595055,-121.5711045
2013-06-10 06:00:00,4.026419261785654,360f1bcc-aa60-4052-a18a-b33da5745ff4,47.3595055,-121.5711045
2013-06-11 06:00:00,5.072104199727377,360f1bcc-aa60-4052-a18a-b33da5745ff4,47.3595055,-121.5711045
2013-06-12 06:00:00,4.104894873219679,360f1bcc-aa60-4052-a18a-b33da5745ff4,47.3595055,-121.5711045
2013-06-13 06:00:00,4.640949496244773,360f1bcc-aa60-4052-a18a-b33da5745ff4,47.3595055,-121.5711045
2013-06-14 06:00:00,4.491028599046235,360f1bcc-aa60-4052-a18a-b33da5745ff4,47.3595055,-121.5711045
2013-06-15 06:00:00,3.0211891592058366,360f1bcc-aa60-4052-a18a-b33da5745ff4,47.3595055,-121.5711045
2013-06-16 06:00:00,2.1151547213904878,360f1bcc-aa60-4052-a18a-b33da5745ff4,47.3595055,-121.5711045
2013-06-17 06:00:00,3.8747144964006224,360f1bcc-aa60-4052-a18a-b33da5745ff4,47.3595055,-121.5711045
2013-06-18 06:00:00,3.0661164915459795,360f1bcc-aa60-4052-a18a-b33da5745ff4,47.3595055,-121.5711045
2013-06-19 06:00:00,5.82147681611216,360f1bcc-aa60-4052-a18a-b33da5745ff4,47.3595055,-121.5711045
2013-06-20 06:00:00,6.412417429328985,360f1bcc-aa60-4052-a18a-b33da5745ff4,47.3595055,-121.5711045
2013-06-21 06:00:00,4.44617698457506,360f1bcc-aa60-4052-a18a-b33da5745ff4,47.3595055,-121.5711045
2013-06-22 06:00:00,2.9695424797188523,360f1bcc-aa60-4052-a18a-b33da5745ff4,47.3595055,-121.5711045
2013-06-23 06:00:00,2.9631128468065184,360f1bcc-aa60-4052-a18a-b33da5745ff4,47.3595055,-121.5711045
2013-06-24 06:00:00,3.0841185333382373,360f1bcc-aa60-4052-a18a-b33da5745ff4,47.3595055,-121.5711045
2013-06-25 06:00:00,3.5230622915121237,360f1bcc-aa60-4052-a18a-b33da5745ff4,47.3595055,-121.5711045
2013-06-26 06:00:00,3.4529013397347215,360f1bcc-aa60-4052-a18a-b33da5745ff4,47.3595055,-121.5711045
2013-06-27 06:00:00,2.5665569806710264,360f1bcc-aa60-4052-a18a-b33da5745ff4,47.3595055,-121.5711045
2013-06-28 06:00:00,2.8834624164124834,360f1bcc-aa60-4052-a18a-b33da5745ff4,47.3595055,-121.5711045
2013-06-29 06:00:00,3.5391911842884167,360f1bcc-aa60-4052-a18a-b33da5745ff4,47.3595055,-121.5711045
2013-06-30 06:00:00,3.5881867840758757,360f1bcc-aa60-4052-a18a-b33da5745ff4,47.3595055,-121.5711045
2013-07-01 06:00:00,3.825050456503518,360f1bcc-aa60-4052-a18a-b33da5745ff4,47.3595055,-121.5711045
2013-07-02 06:00:00,3.1672443090341034,360f1bcc-aa60-4052-a18a-b33da5745ff4,47.3595055,-121.5711045
2013-07-03 06:00:00,4.723378487122365,360f1bcc-aa60-4052-a18a-b33da5745ff4,47.3595055,-121.5711045
2013-07-04 06:00:00,5.223670638728346,360f1bcc-aa60-4052-a18a-b33da5745ff4,47.3595055,-121.5711045
2013-07-05 06:00:00,5.845791275480873,360f1bcc-aa60-4052-a18a-b33da5745ff4,47.3595055,-121.5711045
2013-07-06 06:00:00,4.097965363967114,360f1bcc-aa60-4052-a18a-b33da5745ff4,47.3595055,-121.5711045
2013-07-07 06:00:00,2.8734291999767994,360f1bcc-aa60-4052-a18a-b33da5745ff4,47.3595055,-121.5711045
2013-07-08 06:00:00,5.011681178492358,360f1bcc-aa60-4052-a18a-b33da5745ff4,47.3595055,-121.5711045
2013-07-09 06:00:00,2.7103122452385406,360f1bcc-aa60-4052-a18a-b33da5745ff4,47.3595055,-121.5711045
2013-07-10 06:00:00,3.871734800094214,360f1bcc-aa60-4052-a18a-b33da5745ff4,47.3595055,-121.5711045
2013-07-11 06:00:00,4.759583577131614,360f1bcc-aa60-4052-a18a-b33da5745ff4,47.3595055,-121.5711045
2013-07-12 06:00:00,4.633780265873315,360f1bcc-aa60-4052-a18a-b33da5745ff4,47.3595055,-121.5711045
2013-07-13 06:00:00,3.763174692789714,360f1bcc-aa60-4052-a18a-b33da5745ff4,47.3595055,-121.5711045
2013-07-14 06:00:00,2.3392859699379684,360f1bcc-aa60-4052-a18a-b33da5745ff4,47.3595055,-121.5711045
2013-07-15 06:00:00,3.181736555262509,360f1bcc-aa60-4052-a18a-b33da5745ff4,47.3595055,-121.5711045
2013-07-16 06:00:00,4.189772493818888,360f1bcc-aa60-4052-a18a-b33da5745ff4,47.3595055,-121.5711045
2013-07-17 06:00:00,3.830531762196468,360f1bcc-aa60-4052-a18a-b33da5745ff4,47.3595055,-121.5711045
2013-07-18 06:00:00,3.3934737028219764,360f1bcc-aa60-4052-a18a-b33da5745ff4,47.3595055,-121.5711045
2013-07-19 06:00:00,3.8376484263656487,360f1bcc-aa60-4052-a18a-b33da5745ff4,47.3595055,-121.5711045
2013-07-20 06:00:00,4.550362348964071,360f1bcc-aa60-4052-a18a-b33da5745ff4,47.3595055,-121.5711045
2013-07-21 06:00:00,4.661904056255635,360f1bcc-aa60-4052-a18a-b33da5745ff4,47.3595055,-121.5711045
2013-07-22 06:00:00,5.199013886492476,360f1bcc-aa60-4052-a18a-b33da5745ff4,47.3595055,-121.5711045
2013-07-23 06:00:00,3.7229815774493753,360f1bcc-aa60-4052-a18a-b33da5745ff4,47.3595055,-121.5711045
2013-07-24 06:00:00,3.6025117193531795,360f1bcc-aa60-4052-a18a-b33da5745ff4,47.3595055,-121.5711045
2013-07-25 06:00:00,4.202931914981614,360f1bcc-aa60-4052-a18a-b33da5745ff4,47.3595055,-121.5711045
2013-07-26 06:00:00,4.244365905288957,360f1bcc-aa60-4052-a18a-b33da5745ff4,47.3595055,-121.5711045
2013-07-27 06:00:00,5.115511557587192,360f1bcc-aa60-4052-a18a-b33da5745ff4,47.3595055,-121.5711045
2013-07-28 06:00:00,5.268675268613375,360f1bcc-aa60-4052-a18a-b33da5745ff4,47.3595055,-121.5711045
2013-07-29 06:00:00,4.2863066013042745,360f1bcc-aa60-4052-a18a-b33da5745ff4,47.3595055,-121.5711045
2013-07-30 06:00:00,3.9102054131336708,360f1bcc-aa60-4052-a18a-b33da5745ff4,47.3595055,-121.5711045
2013-07-31 06:00:00,2.7748408902404655,360f1bcc-aa60-4052-a18a-b33da5745ff4,47.3595055,-121.5711045
2013-08-01 06:00:00,4.652049543103601,360f1bcc-aa60-4052-a18a-b33da5745ff4,47.3595055,-121.5711045
2013-08-02 06:00:00,5.596561164937468,360f1bcc-aa60-4052-a18a-b33da5745ff4,47.3595055,-121.5711045
2013-08-03 06:00:00,2.3959677199013214,360f1bcc-aa60-4052-a18a-b33da5745ff4,47.3595055,-121.5711045
2013-08-04 06:00:00,1.7675517122969668,360f1bcc-aa60-4052-a18a-b33da5745ff4,47.3595055,-121.5711045
2013-08-05 06:00:00,3.2628846160367004,360f1bcc-aa60-4052-a18a-b33da5745ff4,47.3595055,-121.5711045
2013-08-06 06:00:00,3.977284937638504,360f1bcc-aa60-4052-a18a-b33da5745ff4,47.3595055,-121.5711045
2013-08-07 06:00:00,4.540719575148363,360f1bcc-aa60-4052-a18a-b33da5745ff4,47.3595055,-121.5711045
2013-08-08 06:00:00,5.74163285361396,360f1bcc-aa60-4052-a18a-b33da5745ff4,47.3595055,-121.5711045
2013-08-09 06:00:00,4.094218048275026,360f1bcc-aa60-4052-a18a-b33da5745ff4,47.3595055,-121.5711045
2013-08-10 06:00:00,4.493351968944582,360f1bcc-aa60-4052-a18a-b33da5745ff4,47.3595055,-121.5711045
2013-08-11 06:00:00,5.356745654293614,360f1bcc-aa60-4052-a18a-b33da5745ff4,47.3595055,-121.5711045
2013-08-12 06:00:00,2.764427380276542,360f1bcc-aa60-4052-a18a-b33da5745ff4,47.3595055,-121.5711045
2013-08-13 06:00:00,2.2761222340102893,360f1bcc-aa60-4052-a18a-b33da5745ff4,47.3595055,-121.5711045
2013-08-14 06:00:00,2.643938788593325,360f1bcc-aa60-4052-a18a-b33da5745ff4,47.3595055,-121.5711045
2013-08-15 06:00:00,2.022642808082776,360f1bcc-aa60-4052-a18a-b33da5745ff4,47.3595055,-121.5711045
2013-08-16 06:00:00,2.66533042854733,360f1bcc-aa60-4052-a18a-b33da5745ff4,47.3595055,-121.5711045
2013-08-17 06:00:00,3.5757837163077455,360f1bcc-aa60-4052-a18a-b33da5745ff4,47.3595055,-121.5711045
2013-08-18 06:00:00,3.6888024218062054,360f1bcc-aa60-4052-a18a-b33da5745ff4,47.3595055,-121.5711045
2013-08-19 06:00:00,3.8652984934994294,360f1bcc-aa60-4052-a18a-b33da5745ff4,47.3595055,-121.5711045
2013-08-20 06:00:00,3.747044584282443,360f1bcc-aa60-4052-a18a-b33da5745ff4,47.3595055,-121.5711045
2013-08-21 06:00:00,3.62393707515847,360f1bcc-aa60-4052-a18a-b33da5745ff4,47.3595055,-121.5711045
2013-08-22 06:00:00,2.9322198091409146,360f1bcc-aa60-4052-a18a-b33da5745ff4,47.3595055,-121.5711045
2013-08-23 06:00:00,4.0863380428053375,360f1bcc-aa60-4052-a18a-b33da5745ff4,47.3595055,-121.5711045
2013-08-24 06:00:00,3.268006332511576,360f1bcc-aa60-4052-a18a-b33da5745ff4,47.3595055,-121.5711045
2013-08-25 06:00:00,2.407330602050847,360f1bcc-aa60-4052-a18a-b33da5745ff4,47.3595055,-121.5711045
2013-08-26 06:00:00,2.6424427299418,360f1bcc-aa60-4052-a18a-b33da5745ff4,47.3595055,-121.5711045
2013-08-27 06:00:00,2.9450893471383646,360f1bcc-aa60-4052-a18a-b33da5745ff4,47.3595055,-121.5711045
2013-08-28 06:00:00,1.7765437669224213,360f1bcc-aa60-4052-a18a-b33da5745ff4,47.3595055,-121.5711045
2013-08-29 06:00:00,2.6923991262403315,360f1bcc-aa60-4052-a18a-b33da5745ff4,47.3595055,-121.5711045
2013-08-30 06:00:00,3.162759025687845,360f1bcc-aa60-4052-a18a-b33da5745ff4,47.3595055,-121.5711045
2013-08-31 06:00:00,3.6317283373612628,360f1bcc-aa60-4052-a18a-b33da5745ff4,47.3595055,-121.5711045
2013-09-01 06:00:00,2.582835874394474,360f1bcc-aa60-4052-a18a-b33da5745ff4,47.3595055,-121.5711045
2013-09-02 06:00:00,3.544034563781869,360f1bcc-aa60-4052-a18a-b33da5745ff4,47.3595055,-121.5711045
2013-09-03 06:00:00,2.9446426342695187,360f1bcc-aa60-4052-a18a-b33da5745ff4,47.3595055,-121.5711045
2013-09-04 06:00:00,3.209662181291825,360f1bcc-aa60-4052-a18a-b33da5745ff4,47.3595055,-121.5711045
2013-09-05 06:00:00,4.1126550179261425,360f1bcc-aa60-4052-a18a-b33da5745ff4,47.3595055,-121.5711045
2013-09-06 06:00:00,5.3524209503434665,360f1bcc-aa60-4052-a18a-b33da5745ff4,47.3595055,-121.5711045
2013-09-07 06:00:00,1.9778461664150924,360f1bcc-aa60-4052-a18a-b33da5745ff4,47.3595055,-121.5711045
2013-09-08 06:00:00,2.926132854233441,360f1bcc-aa60-4052-a18a-b33da5745ff4,47.3595055,-121.5711045
2013-09-09 06:00:00,4.677409495655288,360f1bcc-aa60-4052-a18a-b33da5745ff4,47.3595055,-121.5711045
2013-09-10 06:00:00,4.0855909465724585,360f1bcc-aa60-4052-a18a-b33da5745ff4,47.3595055,-121.5711045
2013-09-11 06:00:00,4.539181691357213,360f1bcc-aa60-4052-a18a-b33da5745ff4,47.3595055,-121.5711045
2013-09-12 06:00:00,2.1263662365766676,360f1bcc-aa60-4052-a18a-b33da5745ff4,47.3595055,-121.5711045
2013-09-13 06:00:00,4.804371358594324,360f1bcc-aa60-4052-a18a-b33da5745ff4,47.3595055,-121.5711045
2013-09-14 06:00:00,3.5179896346524235,360f1bcc-aa60-4052-a18a-b33da5745ff4,47.3595055,-121.5711045
2013-09-15 06:00:00,3.780432202265813,360f1bcc-aa60-4052-a18a-b33da5745ff4,47.3595055,-121.5711045
2013-09-16 06:00:00,3.6066916494287997,360f1bcc-aa60-4052-a18a-b33da5745ff4,47.3595055,-121.5711045
2013-09-17 06:00:00,3.9062232958964818,360f1bcc-aa60-4052-a18a-b33da5745ff4,47.3595055,-121.5711045
2013-09-18 06:00:00,5.784589165092535,360f1bcc-aa60-4052-a18a-b33da5745ff4,47.3595055,-121.5711045
2013-09-19 06:00:00,4.958418396599273,360f1bcc-aa60-4052-a18a-b33da5745ff4,47.3595055,-121.5711045
2013-09-20 06:00:00,4.548767111444066,360f1bcc-aa60-4052-a18a-b33da5745ff4,47.3595055,-121.5711045
2013-09-21 06:00:00,3.044870318510593,360f1bcc-aa60-4052-a18a-b33da5745ff4,47.3595055,-121.5711045
2013-09-22 06:00:00,3.2368529603012615,360f1bcc-aa60-4052-a18a-b33da5745ff4,47.3595055,-121.5711045
2013-09-23 06:00:00,4.16828092143067,360f1bcc-aa60-4052-a18a-b33da5745ff4,47.3595055,-121.5711045
2013-09-24 06:00:00,3.1114186845274054,360f1bcc-aa60-4052-a18a-b33da5745ff4,47.3595055,-121.5711045
2013-09-25 06:00:00,4.021576421077434,360f1bcc-aa60-4052-a18a-b33da5745ff4,47.3595055,-121.5711045
2013-09-26 06:00:00,5.001723917529114,360f1bcc-aa60-4052-a18a-b33da5745ff4,47.3595055,-121.5711045
2013-09-27 06:00:00,3.676902351623926,360f1bcc-aa60-4052-a18a-b33da5745ff4,47.3595055,-121.5711045
2013-09-28 06:00:00,3.8748713395534415,360f1bcc-aa60-4052-a18a-b33da5745ff4,47.3595055,-121.5711045
2013-09-29 06:00:00,5.352737880364442,360f1bcc-aa60-4052-a18a-b33da5745ff4,47.3595055,-121.5711045
2013-09-30 06:00:00,6.808226087358264,360f1bcc-aa60-4052-a18a-b33da5745ff4,47.3595055,-121.5711045
2013-10-01 06:00:00,3.4992121879871076,360f1bcc-aa60-4052-a18a-b33da5745ff4,47.3595055,-121.5711045
2013-10-02 06:00:00,2.55163860850864,360f1bcc-aa60-4052-a18a-b33da5745ff4,47.3595055,-121.5711045
2013-10-03 06:00:00,4.168719660930145,360f1bcc-aa60-4052-a18a-b33da5745ff4,47.3595055,-121.5711045
2013-10-04 06:00:00,3.484503206839929,360f1bcc-aa60-4052-a18a-b33da5745ff4,47.3595055,-121.5711045
2013-10-05 06:00:00,2.9158421864876387,360f1bcc-aa60-4052-a18a-b33da5745ff4,47.3595055,-121.5711045
2013-10-06 06:00:00,3.8267199145423043,360f1bcc-aa60-4052-a18a-b33da5745ff4,47.3595055,-121.5711045
2013-10-07 06:00:00,4.196201740167079,360f1bcc-aa60-4052-a18a-b33da5745ff4,47.3595055,-121.5711045
2013-10-08 06:00:00,6.374843602710301,360f1bcc-aa60-4052-a18a-b33da5745ff4,47.3595055,-121.5711045
2013-10-09 06:00:00,2.780091358250023,360f1bcc-aa60-4052-a18a-b33da5745ff4,47.3595055,-121.5711045
2013-10-10 06:00:00,4.130832618118351,360f1bcc-aa60-4052-a18a-b33da5745ff4,47.3595055,-121.5711045
2013-10-11 06:00:00,2.493059507598225,360f1bcc-aa60-4052-a18a-b33da5745ff4,47.3595055,-121.5711045
2013-10-12 06:00:00,2.7727543928684333,360f1bcc-aa60-4052-a18a-b33da5745ff4,47.3595055,-121.5711045
2013-10-13 06:00:00,2.0744114315407907,360f1bcc-aa60-4052-a18a-b33da5745ff4,47.3595055,-121.5711045
2013-10-14 06:00:00,2.7149984296570477,360f1bcc-aa60-4052-a18a-b33da5745ff4,47.3595055,-121.5711045
2013-10-15 06:00:00,3.0934036829532725,360f1bcc-aa60-4052-a18a-b33da5745ff4,47.3595055,-121.5711045
2013-10-16 06:00:00,1.9317362592770504,360f1bcc-aa60-4052-a18a-b33da5745ff4,47.3595055,-121.5711045
2013-10-17 06:00:00,2.1584301115101225,360f1bcc-aa60-4052-a18a-b33da5745ff4,47.3595055,-121.5711045
2013-10-18 06:00:00,2.5323682477331575,360f1bcc-aa60-4052-a18a-b33da5745ff4,47.3595055,-121.5711045
2013-10-19 06:00:00,3.193958659253569,360f1bcc-aa60-4052-a18a-b33da5745ff4,47.3595055,-121.5711045
2013-10-20 06:00:00,2.211327727635701,360f1bcc-aa60-4052-a18a-b33da5745ff4,47.3595055,-121.5711045
2013-10-21 06:00:00,2.499726898446042,360f1bcc-aa60-4052-a18a-b33da5745ff4,47.3595055,-121.5711045
2013-10-22 06:00:00,3.419500974508433,360f1bcc-aa60-4052-a18a-b33da5745ff4,47.3595055,-121.5711045
2013-10-23 06:00:00,3.784979707359249,360f1bcc-aa60-4052-a18a-b33da5745ff4,47.3595055,-121.5711045
2013-10-24 06:00:00,3.113013359012767,360f1bcc-aa60-4052-a18a-b33da5745ff4,47.3595055,-121.5711045
2013-10-25 06:00:00,1.269596250342508,360f1bcc-aa60-4052-a18a-b33da5745ff4,47.3595055,-121.5711045
2013-10-26 06:00:00,2.3502241660387093,360f1bcc-aa60-4052-a18a-b33da5745ff4,47.3595055,-121.5711045
2013-10-27 06:00:00,5.17544344673809,360f1bcc-aa60-4052-a18a-b33da5745ff4,47.3595055,-121.5711045
2013-10-28 06:00:00,4.823015365030012,360f1bcc-aa60-4052-a18a-b33da5745ff4,47.3595055,-121.5711045
2013-10-29 06:00:00,2.8234188460896164,360f1bcc-aa60-4052-a18a-b33da5745ff4,47.3595055,-121.5711045
2013-10-30 06:00:00,3.686513872635671,360f1bcc-aa60-4052-a18a-b33da5745ff4,47.3595055,-121.5711045
2013-10-31 06:00:00,4.251148124841544,360f1bcc-aa60-4052-a18a-b33da5745ff4,47.3595055,-121.5711045
2013-11-01 06:00:00,2.286996122506949,360f1bcc-aa60-4052-a18a-b33da5745ff4,47.3595055,-121.5711045
2013-11-02 06:00:00,5.318817289058979,360f1bcc-aa60-4052-a18a-b33da5745ff4,47.3595055,-121.5711045
2013-11-03 06:00:00,7.150455562477438,360f1bcc-aa60-4052-a18a-b33da5745ff4,47.3595055,-121.5711045
2013-11-04 06:00:00,3.7041272678945827,360f1bcc-aa60-4052-a18a-b33da5745ff4,47.3595055,-121.5711045
2013-11-05 06:00:00,2.394596502923558,360f1bcc-aa60-4052-a18a-b33da5745ff4,47.3595055,-121.5711045
2013-11-06 06:00:00,2.6050243540706792,360f1bcc-aa60-4052-a18a-b33da5745ff4,47.3595055,-121.5711045
2013-11-07 06:00:00,3.7519135018699195,360f1bcc-aa60-4052-a18a-b33da5745ff4,47.3595055,-121.5711045
2013-11-08 06:00:00,6.439386089031513,360f1bcc-aa60-4052-a18a-b33da5745ff4,47.3595055,-121.5711045
2013-11-09 06:00:00,2.7310250720407216,360f1bcc-aa60-4052-a18a-b33da5745ff4,47.3595055,-121.5711045
2013-11-10 06:00:00,1.6712967199138087,360f1bcc-aa60-4052-a18a-b33da5745ff4,47.3595055,-121.5711045
2013-11-11 06:00:00,6.048573057875674,360f1bcc-aa60-4052-a18a-b33da5745ff4,47.3595055,-121.5711045
2013-11-12 06:00:00,5.229789517068456,360f1bcc-aa60-4052-a18a-b33da5745ff4,47.3595055,-121.5711045
2013-11-13 06:00:00,3.2004037967095016,360f1bcc-aa60-4052-a18a-b33da5745ff4,47.3595055,-121.5711045
2013-11-14 06:00:00,3.768110829133254,360f1bcc-aa60-4052-a18a-b33da5745ff4,47.3595055,-121.5711045
2013-11-15 06:00:00,5.757171943452623,360f1bcc-aa60-4052-a18a-b33da5745ff4,47.3595055,-121.5711045
2013-11-16 06:00:00,9.025478422539868,360f1bcc-aa60-4052-a18a-b33da5745ff4,47.3595055,-121.5711045
2013-11-17 06:00:00,5.03836078399267,360f1bcc-aa60-4052-a18a-b33da5745ff4,47.3595055,-121.5711045
2013-11-18 06:00:00,3.1351287939609627,360f1bcc-aa60-4052-a18a-b33da5745ff4,47.3595055,-121.5711045
2013-11-19 06:00:00,5.19776556960538,360f1bcc-aa60-4052-a18a-b33da5745ff4,47.3595055,-121.5711045
2013-11-20 06:00:00,3.8746556544915216,360f1bcc-aa60-4052-a18a-b33da5745ff4,47.3595055,-121.5711045
2013-11-21 06:00:00,3.373521852697063,360f1bcc-aa60-4052-a18a-b33da5745ff4,47.3595055,-121.5711045
2013-11-22 06:00:00,5.385171296453883,360f1bcc-aa60-4052-a18a-b33da5745ff4,47.3595055,-121.5711045
2013-11-23 06:00:00,7.939260109876975,360f1bcc-aa60-4052-a18a-b33da5745ff4,47.3595055,-121.5711045
2013-11-24 06:00:00,3.3006778494924567,360f1bcc-aa60-4052-a18a-b33da5745ff4,47.3595055,-121.5711045
2013-11-25 06:00:00,3.401120878284814,360f1bcc-aa60-4052-a18a-b33da5745ff4,47.3595055,-121.5711045
2013-11-26 06:00:00,3.75425072409149,360f1bcc-aa60-4052-a18a-b33da5745ff4,47.3595055,-121.5711045
2013-11-27 06:00:00,3.6181941238224,360f1bcc-aa60-4052-a18a-b33da5745ff4,47.3595055,-121.5711045
2013-11-28 06:00:00,3.03170148164798,360f1bcc-aa60-4052-a18a-b33da5745ff4,47.3595055,-121.5711045
2013-11-29 06:00:00,2.7857245371891906,360f1bcc-aa60-4052-a18a-b33da5745ff4,47.3595055,-121.5711045
2013-11-30 06:00:00,2.692374533058232,360f1bcc-aa60-4052-a18a-b33da5745ff4,47.3595055,-121.5711045
2013-12-01 06:00:00,7.0689820338518174,360f1bcc-aa60-4052-a18a-b33da5745ff4,47.3595055,-121.5711045
2013-12-02 06:00:00,9.092292695167737,360f1bcc-aa60-4052-a18a-b33da5745ff4,47.3595055,-121.5711045
2013-12-03 06:00:00,4.504595684393858,360f1bcc-aa60-4052-a18a-b33da5745ff4,47.3595055,-121.5711045
2013-12-04 06:00:00,3.8341865066789147,360f1bcc-aa60-4052-a18a-b33da5745ff4,47.3595055,-121.5711045
2013-12-05 06:00:00,2.3372440582666636,360f1bcc-aa60-4052-a18a-b33da5745ff4,47.3595055,-121.5711045
2013-12-06 06:00:00,6.585230708326031,360f1bcc-aa60-4052-a18a-b33da5745ff4,47.3595055,-121.5711045
2013-12-07 06:00:00,4.999560985402164,360f1bcc-aa60-4052-a18a-b33da5745ff4,47.3595055,-121.5711045
2013-12-08 06:00:00,3.25608565073747,360f1bcc-aa60-4052-a18a-b33da5745ff4,47.3595055,-121.5711045
2013-12-09 06:00:00,4.976541167446691,360f1bcc-aa60-4052-a18a-b33da5745ff4,47.3595055,-121.5711045
2013-12-10 06:00:00,5.481162059001434,360f1bcc-aa60-4052-a18a-b33da5745ff4,47.3595055,-121.5711045
2013-12-11 06:00:00,2.165831630250328,360f1bcc-aa60-4052-a18a-b33da5745ff4,47.3595055,-121.5711045
2013-12-12 06:00:00,3.370983125817063,360f1bcc-aa60-4052-a18a-b33da5745ff4,47.3595055,-121.5711045
2013-12-13 06:00:00,4.2573585958562346,360f1bcc-aa60-4052-a18a-b33da5745ff4,47.3595055,-121.5711045
2013-12-14 06:00:00,2.6778806468360448,360f1bcc-aa60-4052-a18a-b33da5745ff4,47.3595055,-121.5711045
2013-12-15 06:00:00,3.4564301388895413,360f1bcc-aa60-4052-a18a-b33da5745ff4,47.3595055,-121.5711045
2013-12-16 06:00:00,3.264752566916311,360f1bcc-aa60-4052-a18a-b33da5745ff4,47.3595055,-121.5711045
2013-12-17 06:00:00,2.5834206566851363,360f1bcc-aa60-4052-a18a-b33da5745ff4,47.3595055,-121.5711045
2013-12-18 06:00:00,5.102275543946486,360f1bcc-aa60-4052-a18a-b33da5745ff4,47.3595055,-121.5711045
2013-12-19 06:00:00,3.7022084902494377,360f1bcc-aa60-4052-a18a-b33da5745ff4,47.3595055,-121.5711045
2013-12-20 06:00:00,3.784104341115708,360f1bcc-aa60-4052-a18a-b33da5745ff4,47.3595055,-121.5711045
2013-12-21 06:00:00,6.224542043147943,360f1bcc-aa60-4052-a18a-b33da5745ff4,47.3595055,-121.5711045
2013-12-22 06:00:00,5.175600132167848,360f1bcc-aa60-4052-a18a-b33da5745ff4,47.3595055,-121.5711045
2013-12-23 06:00:00,5.577535621121399,360f1bcc-aa60-4052-a18a-b33da5745ff4,47.3595055,-121.5711045
2013-12-24 06:00:00,4.204095977799506,360f1bcc-aa60-4052-a18a-b33da5745ff4,47.3595055,-121.5711045
2013-12-25 06:00:00,1.959200593854627,360f1bcc-aa60-4052-a18a-b33da5745ff4,47.3595055,-121.5711045
2013-12-26 06:00:00,1.9269609540955634,360f1bcc-aa60-4052-a18a-b33da5745ff4,47.3595055,-121.5711045
2013-12-27 06:00:00,2.459986305848146,360f1bcc-aa60-4052-a18a-b33da5745ff4,47.3595055,-121.5711045
2013-12-28 06:00:00,5.03198549156515,360f1bcc-aa60-4052-a18a-b33da5745ff4,47.3595055,-121.5711045
2013-12-29 06:00:00,2.6258350343785732,360f1bcc-aa60-4052-a18a-b33da5745ff4,47.3595055,-121.5711045
2013-12-30 06:00:00,1.954369868580093,360f1bcc-aa60-4052-a18a-b33da5745ff4,47.3595055,-121.5711045
2013-12-31 06:00:00,4.523556566645957,360f1bcc-aa60-4052-a18a-b33da5745ff4,47.3595055,-121.5711045
2014-01-01 06:00:00,2.127042287027734,360f1bcc-aa60-4052-a18a-b33da5745ff4,47.3595055,-121.5711045
2014-01-02 06:00:00,2.400688072758862,360f1bcc-aa60-4052-a18a-b33da5745ff4,47.3595055,-121.5711045
2014-01-03 06:00:00,7.035643558013135,360f1bcc-aa60-4052-a18a-b33da5745ff4,47.3595055,-121.5711045
2014-01-04 06:00:00,2.7593556218677104,360f1bcc-aa60-4052-a18a-b33da5745ff4,47.3595055,-121.5711045
2014-01-05 06:00:00,3.7182132900270632,360f1bcc-aa60-4052-a18a-b33da5745ff4,47.3595055,-121.5711045
2014-01-06 06:00:00,5.657766453017535,360f1bcc-aa60-4052-a18a-b33da5745ff4,47.3595055,-121.5711045
2014-01-07 06:00:00,1.677087278549488,360f1bcc-aa60-4052-a18a-b33da5745ff4,47.3595055,-121.5711045
2014-01-08 06:00:00,2.4635215400630592,360f1bcc-aa60-4052-a18a-b33da5745ff4,47.3595055,-121.5711045
2014-01-09 06:00:00,6.066574030248528,360f1bcc-aa60-4052-a18a-b33da5745ff4,47.3595055,-121.5711045
2014-01-10 06:00:00,7.709291060358032,360f1bcc-aa60-4052-a18a-b33da5745ff4,47.3595055,-121.5711045
2014-01-11 06:00:00,6.683578776498127,360f1bcc-aa60-4052-a18a-b33da5745ff4,47.3595055,-121.5711045
2014-01-12 06:00:00,9.28772858513726,360f1bcc-aa60-4052-a18a-b33da5745ff4,47.3595055,-121.5711045
2014-01-13 06:00:00,9.085355265527708,360f1bcc-aa60-4052-a18a-b33da5745ff4,47.3595055,-121.5711045
2014-01-14 06:00:00,3.345951798227099,360f1bcc-aa60-4052-a18a-b33da5745ff4,47.3595055,-121.5711045
2014-01-15 06:00:00,3.8770480759123456,360f1bcc-aa60-4052-a18a-b33da5745ff4,47.3595055,-121.5711045
2014-01-16 06:00:00,3.5236121336619064,360f1bcc-aa60-4052-a18a-b33da5745ff4,47.3595055,-121.5711045
2014-01-17 06:00:00,2.3253317832946783,360f1bcc-aa60-4052-a18a-b33da5745ff4,47.3595055,-121.5711045
2014-01-18 06:00:00,3.40631235623971,360f1bcc-aa60-4052-a18a-b33da5745ff4,47.3595055,-121.5711045
2014-01-19 06:00:00,2.612054576629247,360f1bcc-aa60-4052-a18a-b33da5745ff4,47.3595055,-121.5711045
2014-01-20 06:00:00,5.42032448532235,360f1bcc-aa60-4052-a18a-b33da5745ff4,47.3595055,-121.5711045
2014-01-21 06:00:00,4.330316557028354,360f1bcc-aa60-4052-a18a-b33da5745ff4,47.3595055,-121.5711045
2014-01-22 06:00:00,3.869981786736057,360f1bcc-aa60-4052-a18a-b33da5745ff4,47.3595055,-121.5711045
2014-01-23 06:00:00,4.855301104244004,360f1bcc-aa60-4052-a18a-b33da5745ff4,47.3595055,-121.5711045
2014-01-24 06:00:00,6.749425811849091,360f1bcc-aa60-4052-a18a-b33da5745ff4,47.3595055,-121.5711045
2014-01-25 06:00:00,3.1178386207319733,360f1bcc-aa60-4052-a18a-b33da5745ff4,47.3595055,-121.5711045
2014-01-26 06:00:00,3.067483075867352,360f1bcc-aa60-4052-a18a-b33da5745ff4,47.3595055,-121.5711045
2014-01-27 06:00:00,3.859945860887185,360f1bcc-aa60-4052-a18a-b33da5745ff4,47.3595055,-121.5711045
2014-01-28 06:00:00,3.944506572250627,360f1bcc-aa60-4052-a18a-b33da5745ff4,47.3595055,-121.5711045
2014-01-29 06:00:00,3.386263884234632,360f1bcc-aa60-4052-a18a-b33da5745ff4,47.3595055,-121.5711045
2014-01-30 06:00:00,6.3148178076132755,360f1bcc-aa60-4052-a18a-b33da5745ff4,47.3595055,-121.5711045
2014-01-31 06:00:00,2.722628290225298,360f1bcc-aa60-4052-a18a-b33da5745ff4,47.3595055,-121.5711045
2014-02-01 06:00:00,2.799969447576083,360f1bcc-aa60-4052-a18a-b33da5745ff4,47.3595055,-121.5711045
2014-02-02 06:00:00,1.5088738445542818,360f1bcc-aa60-4052-a18a-b33da5745ff4,47.3595055,-121.5711045
2014-02-03 06:00:00,3.7202833736044734,360f1bcc-aa60-4052-a18a-b33da5745ff4,47.3595055,-121.5711045
2014-02-04 06:00:00,4.847498037876227,360f1bcc-aa60-4052-a18a-b33da5745ff4,47.3595055,-121.5711045
2014-02-05 06:00:00,9.341958253811567,360f1bcc-aa60-4052-a18a-b33da5745ff4,47.3595055,-121.5711045
2014-02-06 06:00:00,11.172636149479793,360f1bcc-aa60-4052-a18a-b33da5745ff4,47.3595055,-121.5711045
2014-02-07 06:00:00,4.659968308098295,360f1bcc-aa60-4052-a18a-b33da5745ff4,47.3595055,-121.5711045
2014-02-08 06:00:00,6.928938507422424,360f1bcc-aa60-4052-a18a-b33da5745ff4,47.3595055,-121.5711045
2014-02-09 06:00:00,6.249527929175614,360f1bcc-aa60-4052-a18a-b33da5745ff4,47.3595055,-121.5711045
2014-02-10 06:00:00,3.1557398070636977,360f1bcc-aa60-4052-a18a-b33da5745ff4,47.3595055,-121.5711045
2014-02-11 06:00:00,5.036309540577424,360f1bcc-aa60-4052-a18a-b33da5745ff4,47.3595055,-121.5711045
2014-02-12 06:00:00,5.0500310380234685,360f1bcc-aa60-4052-a18a-b33da5745ff4,47.3595055,-121.5711045
2014-02-13 06:00:00,5.311668287994515,360f1bcc-aa60-4052-a18a-b33da5745ff4,47.3595055,-121.5711045
2014-02-14 06:00:00,5.655399508761544,360f1bcc-aa60-4052-a18a-b33da5745ff4,47.3595055,-121.5711045
2014-02-15 06:00:00,5.601512085270678,360f1bcc-aa60-4052-a18a-b33da5745ff4,47.3595055,-121.5711045
2014-02-16 06:00:00,6.422686475770087,360f1bcc-aa60-4052-a18a-b33da5745ff4,47.3595055,-121.5711045
2014-02-17 06:00:00,6.699242631798117,360f1bcc-aa60-4052-a18a-b33da5745ff4,47.3595055,-121.5711045
2014-02-18 06:00:00,4.508942062426837,360f1bcc-aa60-4052-a18a-b33da5745ff4,47.3595055,-121.5711045
2014-02-19 06:00:00,7.571263341822175,360f1bcc-aa60-4052-a18a-b33da5745ff4,47.3595055,-121.5711045
2014-02-20 06:00:00,5.720803739270595,360f1bcc-aa60-4052-a18a-b33da5745ff4,47.3595055,-121.5711045
2014-02-21 06:00:00,5.9215699986514885,360f1bcc-aa60-4052-a18a-b33da5745ff4,47.3595055,-121.5711045
2014-02-22 06:00:00,3.619660067150736,360f1bcc-aa60-4052-a18a-b33da5745ff4,47.3595055,-121.5711045
2014-02-23 06:00:00,3.102610457045401,360f1bcc-aa60-4052-a18a-b33da5745ff4,47.3595055,-121.5711045
2014-02-24 06:00:00,4.48026768651783,360f1bcc-aa60-4052-a18a-b33da5745ff4,47.3595055,-121.5711045
2014-02-25 06:00:00,8.209136130259587,360f1bcc-aa60-4052-a18a-b33da5745ff4,47.3595055,-121.5711045
2014-02-26 06:00:00,8.777001607112396,360f1bcc-aa60-4052-a18a-b33da5745ff4,47.3595055,-121.5711045
2014-02-27 06:00:00,3.5971544978965047,360f1bcc-aa60-4052-a18a-b33da5745ff4,47.3595055,-121.5711045
2014-02-28 06:00:00,3.860686771686261,360f1bcc-aa60-4052-a18a-b33da5745ff4,47.3595055,-121.5711045
2014-03-01 06:00:00,8.030109145906238,360f1bcc-aa60-4052-a18a-b33da5745ff4,47.3595055,-121.5711045
2014-03-02 06:00:00,6.396573564741347,360f1bcc-aa60-4052-a18a-b33da5745ff4,47.3595055,-121.5711045
2014-03-03 06:00:00,5.059537624701476,360f1bcc-aa60-4052-a18a-b33da5745ff4,47.3595055,-121.5711045
2014-03-04 06:00:00,4.319435472569914,360f1bcc-aa60-4052-a18a-b33da5745ff4,47.3595055,-121.5711045
2014-03-05 06:00:00,3.0863359375896624,360f1bcc-aa60-4052-a18a-b33da5745ff4,47.3595055,-121.5711045
2014-03-06 06:00:00,3.9724964418981834,360f1bcc-aa60-4052-a18a-b33da5745ff4,47.3595055,-121.5711045
2014-03-07 06:00:00,4.666331058485896,360f1bcc-aa60-4052-a18a-b33da5745ff4,47.3595055,-121.5711045
2014-03-08 06:00:00,3.7266196560655906,360f1bcc-aa60-4052-a18a-b33da5745ff4,47.3595055,-121.5711045
2014-03-09 06:00:00,3.5058966551071564,360f1bcc-aa60-4052-a18a-b33da5745ff4,47.3595055,-121.5711045
2014-03-10 06:00:00,4.02129411860409,360f1bcc-aa60-4052-a18a-b33da5745ff4,47.3595055,-121.5711045
2014-03-11 06:00:00,3.108471381969941,360f1bcc-aa60-4052-a18a-b33da5745ff4,47.3595055,-121.5711045
2014-03-12 06:00:00,2.761822103842711,360f1bcc-aa60-4052-a18a-b33da5745ff4,47.3595055,-121.5711045
2014-03-13 06:00:00,2.597835509797447,360f1bcc-aa60-4052-a18a-b33da5745ff4,47.3595055,-121.5711045
2014-03-14 06:00:00,4.526523289721237,360f1bcc-aa60-4052-a18a-b33da5745ff4,47.3595055,-121.5711045
2014-03-15 06:00:00,3.4657025559335692,360f1bcc-aa60-4052-a18a-b33da5745ff4,47.3595055,-121.5711045
2014-03-16 06:00:00,3.9806637014079307,360f1bcc-aa60-4052-a18a-b33da5745ff4,47.3595055,-121.5711045
2014-03-17 06:00:00,7.316840146953225,360f1bcc-aa60-4052-a18a-b33da5745ff4,47.3595055,-121.5711045
2014-03-18 06:00:00,3.75219175713694,360f1bcc-aa60-4052-a18a-b33da5745ff4,47.3595055,-121.5711045
2014-03-19 06:00:00,3.0480029091875775,360f1bcc-aa60-4052-a18a-b33da5745ff4,47.3595055,-121.5711045
2014-03-20 06:00:00,5.5416382035638545,360f1bcc-aa60-4052-a18a-b33da5745ff4,47.3595055,-121.5711045
2014-03-21 06:00:00,2.2454396775645074,360f1bcc-aa60-4052-a18a-b33da5745ff4,47.3595055,-121.5711045
2014-03-22 06:00:00,2.589779838333782,360f1bcc-aa60-4052-a18a-b33da5745ff4,47.3595055,-121.5711045
2014-03-23 06:00:00,2.664014011366755,360f1bcc-aa60-4052-a18a-b33da5745ff4,47.3595055,-121.5711045
2014-03-24 06:00:00,5.380252880112738,360f1bcc-aa60-4052-a18a-b33da5745ff4,47.3595055,-121.5711045
2014-03-25 06:00:00,4.56175310183794,360f1bcc-aa60-4052-a18a-b33da5745ff4,47.3595055,-121.5711045
2014-03-26 06:00:00,2.435554518455114,360f1bcc-aa60-4052-a18a-b33da5745ff4,47.3595055,-121.5711045
2014-03-27 06:00:00,2.89188588725196,360f1bcc-aa60-4052-a18a-b33da5745ff4,47.3595055,-121.5711045
2014-03-28 06:00:00,3.0938840103964522,360f1bcc-aa60-4052-a18a-b33da5745ff4,47.3595055,-121.5711045
2014-03-29 06:00:00,3.0991822263114477,360f1bcc-aa60-4052-a18a-b33da5745ff4,47.3595055,-121.5711045
2014-03-30 06:00:00,3.5022945069859173,360f1bcc-aa60-4052-a18a-b33da5745ff4,47.3595055,-121.5711045
2014-03-31 06:00:00,3.823190013160054,360f1bcc-aa60-4052-a18a-b33da5745ff4,47.3595055,-121.5711045
2014-04-01 06:00:00,2.8734066033974677,360f1bcc-aa60-4052-a18a-b33da5745ff4,47.3595055,-121.5711045
2014-04-02 06:00:00,3.9236464524880437,360f1bcc-aa60-4052-a18a-b33da5745ff4,47.3595055,-121.5711045
2014-04-03 06:00:00,3.0658951033893818,360f1bcc-aa60-4052-a18a-b33da5745ff4,47.3595055,-121.5711045
2014-04-04 06:00:00,2.9042580700328213,360f1bcc-aa60-4052-a18a-b33da5745ff4,47.3595055,-121.5711045
2014-04-05 06:00:00,2.5113028514079567,360f1bcc-aa60-4052-a18a-b33da5745ff4,47.3595055,-121.5711045
2014-04-06 06:00:00,5.4031979817610525,360f1bcc-aa60-4052-a18a-b33da5745ff4,47.3595055,-121.5711045
2014-04-07 06:00:00,2.642423747747373,360f1bcc-aa60-4052-a18a-b33da5745ff4,47.3595055,-121.5711045
2014-04-08 06:00:00,3.575898037608872,360f1bcc-aa60-4052-a18a-b33da5745ff4,47.3595055,-121.5711045
2014-04-09 06:00:00,4.798729858235417,360f1bcc-aa60-4052-a18a-b33da5745ff4,47.3595055,-121.5711045
2014-04-10 06:00:00,4.740875466257079,360f1bcc-aa60-4052-a18a-b33da5745ff4,47.3595055,-121.5711045
2014-04-11 06:00:00,4.56371484006572,360f1bcc-aa60-4052-a18a-b33da5745ff4,47.3595055,-121.5711045
2014-04-12 06:00:00,4.415554469671005,360f1bcc-aa60-4052-a18a-b33da5745ff4,47.3595055,-121.5711045
2014-04-13 06:00:00,4.375708482611893,360f1bcc-aa60-4052-a18a-b33da5745ff4,47.3595055,-121.5711045
2014-04-14 06:00:00,4.423864181225116,360f1bcc-aa60-4052-a18a-b33da5745ff4,47.3595055,-121.5711045
2014-04-15 06:00:00,6.592716063801041,360f1bcc-aa60-4052-a18a-b33da5745ff4,47.3595055,-121.5711045
2014-04-16 06:00:00,3.3245570064609886,360f1bcc-aa60-4052-a18a-b33da5745ff4,47.3595055,-121.5711045
2014-04-17 06:00:00,2.5975576812385497,360f1bcc-aa60-4052-a18a-b33da5745ff4,47.3595055,-121.5711045
2014-04-18 06:00:00,6.10361658813607,360f1bcc-aa60-4052-a18a-b33da5745ff4,47.3595055,-121.5711045
2014-04-19 06:00:00,3.572817493503929,360f1bcc-aa60-4052-a18a-b33da5745ff4,47.3595055,-121.5711045
2014-04-20 06:00:00,3.3513167348682367,360f1bcc-aa60-4052-a18a-b33da5745ff4,47.3595055,-121.5711045
2014-04-21 06:00:00,1.7718154364162022,360f1bcc-aa60-4052-a18a-b33da5745ff4,47.3595055,-121.5711045
2014-04-22 06:00:00,5.10475571461213,360f1bcc-aa60-4052-a18a-b33da5745ff4,47.3595055,-121.5711045
2014-04-23 06:00:00,3.1732220549868724,360f1bcc-aa60-4052-a18a-b33da5745ff4,47.3595055,-121.5711045
2014-04-24 06:00:00,2.4578312213604274,360f1bcc-aa60-4052-a18a-b33da5745ff4,47.3595055,-121.5711045
2014-04-25 06:00:00,4.097265942483886,360f1bcc-aa60-4052-a18a-b33da5745ff4,47.3595055,-121.5711045
2014-04-26 06:00:00,5.1153528938945545,360f1bcc-aa60-4052-a18a-b33da5745ff4,47.3595055,-121.5711045
2014-04-27 06:00:00,4.937729887677055,360f1bcc-aa60-4052-a18a-b33da5745ff4,47.3595055,-121.5711045
2014-04-28 06:00:00,3.880406122329907,360f1bcc-aa60-4052-a18a-b33da5745ff4,47.3595055,-121.5711045
2014-04-29 06:00:00,5.370831554771489,360f1bcc-aa60-4052-a18a-b33da5745ff4,47.3595055,-121.5711045
2014-04-30 06:00:00,7.028380070384752,360f1bcc-aa60-4052-a18a-b33da5745ff4,47.3595055,-121.5711045
2014-05-01 06:00:00,4.779755320508255,360f1bcc-aa60-4052-a18a-b33da5745ff4,47.3595055,-121.5711045
2014-05-02 06:00:00,3.6526549628657152,360f1bcc-aa60-4052-a18a-b33da5745ff4,47.3595055,-121.5711045
2014-05-03 06:00:00,3.767306928960687,360f1bcc-aa60-4052-a18a-b33da5745ff4,47.3595055,-121.5711045
2014-05-04 06:00:00,3.4516611759479234,360f1bcc-aa60-4052-a18a-b33da5745ff4,47.3595055,-121.5711045
2014-05-05 06:00:00,3.666854073247339,360f1bcc-aa60-4052-a18a-b33da5745ff4,47.3595055,-121.5711045
2014-05-06 06:00:00,4.865108938706228,360f1bcc-aa60-4052-a18a-b33da5745ff4,47.3595055,-121.5711045
2014-05-07 06:00:00,3.040963194309137,360f1bcc-aa60-4052-a18a-b33da5745ff4,47.3595055,-121.5711045
2014-05-08 06:00:00,2.066119853451721,360f1bcc-aa60-4052-a18a-b33da5745ff4,47.3595055,-121.5711045
2014-05-09 06:00:00,5.307100448445378,360f1bcc-aa60-4052-a18a-b33da5745ff4,47.3595055,-121.5711045
2014-05-10 06:00:00,5.050559456328043,360f1bcc-aa60-4052-a18a-b33da5745ff4,47.3595055,-121.5711045
2014-05-11 06:00:00,3.6730267846686204,360f1bcc-aa60-4052-a18a-b33da5745ff4,47.3595055,-121.5711045
2014-05-12 06:00:00,4.442313885077452,360f1bcc-aa60-4052-a18a-b33da5745ff4,47.3595055,-121.5711045
2014-05-13 06:00:00,3.021745404422793,360f1bcc-aa60-4052-a18a-b33da5745ff4,47.3595055,-121.5711045
2014-05-14 06:00:00,1.9564241700702247,360f1bcc-aa60-4052-a18a-b33da5745ff4,47.3595055,-121.5711045
2014-05-15 06:00:00,2.0915241219039657,360f1bcc-aa60-4052-a18a-b33da5745ff4,47.3595055,-121.5711045
2014-05-16 06:00:00,3.6523314388389263,360f1bcc-aa60-4052-a18a-b33da5745ff4,47.3595055,-121.5711045
2014-05-17 06:00:00,4.253662390179104,360f1bcc-aa60-4052-a18a-b33da5745ff4,47.3595055,-121.5711045
2014-05-18 06:00:00,4.07623998283321,360f1bcc-aa60-4052-a18a-b33da5745ff4,47.3595055,-121.5711045
2014-05-19 06:00:00,3.8326465421252784,360f1bcc-aa60-4052-a18a-b33da5745ff4,47.3595055,-121.5711045
2014-05-20 06:00:00,4.359540673606417,360f1bcc-aa60-4052-a18a-b33da5745ff4,47.3595055,-121.5711045
2014-05-21 06:00:00,4.839812271411602,360f1bcc-aa60-4052-a18a-b33da5745ff4,47.3595055,-121.5711045
2014-05-22 06:00:00,2.8733865161227365,360f1bcc-aa60-4052-a18a-b33da5745ff4,47.3595055,-121.5711045
2014-05-23 06:00:00,2.701147336022467,360f1bcc-aa60-4052-a18a-b33da5745ff4,47.3595055,-121.5711045
2014-05-24 06:00:00,4.452917206593049,360f1bcc-aa60-4052-a18a-b33da5745ff4,47.3595055,-121.5711045
2014-05-25 06:00:00,3.2303426477644184,360f1bcc-aa60-4052-a18a-b33da5745ff4,47.3595055,-121.5711045
2014-05-26 06:00:00,3.5725123627573003,360f1bcc-aa60-4052-a18a-b33da5745ff4,47.3595055,-121.5711045
2014-05-27 06:00:00,4.0223753429885605,360f1bcc-aa60-4052-a18a-b33da5745ff4,47.3595055,-121.5711045
2014-05-28 06:00:00,5.148590361358774,360f1bcc-aa60-4052-a18a-b33da5745ff4,47.3595055,-121.5711045
2014-05-29 06:00:00,4.5213952088967355,360f1bcc-aa60-4052-a18a-b33da5745ff4,47.3595055,-121.5711045
2014-05-30 06:00:00,2.8415751585593596,360f1bcc-aa60-4052-a18a-b33da5745ff4,47.3595055,-121.5711045
2014-05-31 06:00:00,3.868611521191068,360f1bcc-aa60-4052-a18a-b33da5745ff4,47.3595055,-121.5711045
2014-06-01 06:00:00,4.704579486194839,360f1bcc-aa60-4052-a18a-b33da5745ff4,47.3595055,-121.5711045
2014-06-02 06:00:00,4.356290540939722,360f1bcc-aa60-4052-a18a-b33da5745ff4,47.3595055,-121.5711045
2014-06-03 06:00:00,5.973863204320273,360f1bcc-aa60-4052-a18a-b33da5745ff4,47.3595055,-121.5711045
2014-06-04 06:00:00,5.572588789768708,360f1bcc-aa60-4052-a18a-b33da5745ff4,47.3595055,-121.5711045
2014-06-05 06:00:00,4.187690192002518,360f1bcc-aa60-4052-a18a-b33da5745ff4,47.3595055,-121.5711045
2014-06-06 06:00:00,3.193391198378343,360f1bcc-aa60-4052-a18a-b33da5745ff4,47.3595055,-121.5711045
2014-06-07 06:00:00,5.3012816795936,360f1bcc-aa60-4052-a18a-b33da5745ff4,47.3595055,-121.5711045
2014-06-08 06:00:00,5.2903089176895275,360f1bcc-aa60-4052-a18a-b33da5745ff4,47.3595055,-121.5711045
2014-06-09 06:00:00,5.614527182701307,360f1bcc-aa60-4052-a18a-b33da5745ff4,47.3595055,-121.5711045
2014-06-10 06:00:00,5.277793651564509,360f1bcc-aa60-4052-a18a-b33da5745ff4,47.3595055,-121.5711045
2014-06-11 06:00:00,3.2025965484798466,360f1bcc-aa60-4052-a18a-b33da5745ff4,47.3595055,-121.5711045
2014-06-12 06:00:00,3.3388461966799876,360f1bcc-aa60-4052-a18a-b33da5745ff4,47.3595055,-121.5711045
2014-06-13 06:00:00,6.043700431758523,360f1bcc-aa60-4052-a18a-b33da5745ff4,47.3595055,-121.5711045
2014-06-14 06:00:00,6.4339946371877295,360f1bcc-aa60-4052-a18a-b33da5745ff4,47.3595055,-121.5711045
2014-06-15 06:00:00,4.325386652172122,360f1bcc-aa60-4052-a18a-b33da5745ff4,47.3595055,-121.5711045
2014-06-16 06:00:00,5.308361104410938,360f1bcc-aa60-4052-a18a-b33da5745ff4,47.3595055,-121.5711045
2014-06-17 06:00:00,6.693529442436676,360f1bcc-aa60-4052-a18a-b33da5745ff4,47.3595055,-121.5711045
2014-06-18 06:00:00,7.46564669772091,360f1bcc-aa60-4052-a18a-b33da5745ff4,47.3595055,-121.5711045
2014-06-19 06:00:00,3.571878542451777,360f1bcc-aa60-4052-a18a-b33da5745ff4,47.3595055,-121.5711045
2014-06-20 06:00:00,4.528108279317873,360f1bcc-aa60-4052-a18a-b33da5745ff4,47.3595055,-121.5711045
2014-06-21 06:00:00,3.367200194872343,360f1bcc-aa60-4052-a18a-b33da5745ff4,47.3595055,-121.5711045
2014-06-22 06:00:00,2.520219975455195,360f1bcc-aa60-4052-a18a-b33da5745ff4,47.3595055,-121.5711045
2014-06-23 06:00:00,2.205220521209587,360f1bcc-aa60-4052-a18a-b33da5745ff4,47.3595055,-121.5711045
2014-06-24 06:00:00,4.309474036224888,360f1bcc-aa60-4052-a18a-b33da5745ff4,47.3595055,-121.5711045
2014-06-25 06:00:00,3.2052310674618454,360f1bcc-aa60-4052-a18a-b33da5745ff4,47.3595055,-121.5711045
2014-06-26 06:00:00,3.6277149434782503,360f1bcc-aa60-4052-a18a-b33da5745ff4,47.3595055,-121.5711045
2014-06-27 06:00:00,3.3249967901115745,360f1bcc-aa60-4052-a18a-b33da5745ff4,47.3595055,-121.5711045
2014-06-28 06:00:00,3.295643204297775,360f1bcc-aa60-4052-a18a-b33da5745ff4,47.3595055,-121.5711045
2014-06-29 06:00:00,4.434098223335723,360f1bcc-aa60-4052-a18a-b33da5745ff4,47.3595055,-121.5711045
2014-06-30 06:00:00,3.806271772303134,360f1bcc-aa60-4052-a18a-b33da5745ff4,47.3595055,-121.5711045
2014-07-01 06:00:00,5.91375384249239,360f1bcc-aa60-4052-a18a-b33da5745ff4,47.3595055,-121.5711045
2014-07-02 06:00:00,3.515457497091375,360f1bcc-aa60-4052-a18a-b33da5745ff4,47.3595055,-121.5711045
2014-07-03 06:00:00,4.65095218226441,360f1bcc-aa60-4052-a18a-b33da5745ff4,47.3595055,-121.5711045
2014-07-04 06:00:00,3.2877371692249926,360f1bcc-aa60-4052-a18a-b33da5745ff4,47.3595055,-121.5711045
2014-07-05 06:00:00,2.529757069726276,360f1bcc-aa60-4052-a18a-b33da5745ff4,47.3595055,-121.5711045
2014-07-06 06:00:00,3.439764784951496,360f1bcc-aa60-4052-a18a-b33da5745ff4,47.3595055,-121.5711045
2014-07-07 06:00:00,2.893028550881606,360f1bcc-aa60-4052-a18a-b33da5745ff4,47.3595055,-121.5711045
2014-07-08 06:00:00,3.014329461154775,360f1bcc-aa60-4052-a18a-b33da5745ff4,47.3595055,-121.5711045
2014-07-09 06:00:00,4.587295053351639,360f1bcc-aa60-4052-a18a-b33da5745ff4,47.3595055,-121.5711045
2014-07-10 06:00:00,4.69671797956157,360f1bcc-aa60-4052-a18a-b33da5745ff4,47.3595055,-121.5711045
2014-07-11 06:00:00,2.7074290483425827,360f1bcc-aa60-4052-a18a-b33da5745ff4,47.3595055,-121.5711045
2014-07-12 06:00:00,2.618504347760453,360f1bcc-aa60-4052-a18a-b33da5745ff4,47.3595055,-121.5711045
2014-07-13 06:00:00,2.609566158718533,360f1bcc-aa60-4052-a18a-b33da5745ff4,47.3595055,-121.5711045
2014-07-14 06:00:00,4.106435947744256,360f1bcc-aa60-4052-a18a-b33da5745ff4,47.3595055,-121.5711045
2014-07-15 06:00:00,4.938079050667267,360f1bcc-aa60-4052-a18a-b33da5745ff4,47.3595055,-121.5711045
2014-07-16 06:00:00,4.268781366918842,360f1bcc-aa60-4052-a18a-b33da5745ff4,47.3595055,-121.5711045
2014-07-17 06:00:00,5.344535806036404,360f1bcc-aa60-4052-a18a-b33da5745ff4,47.3595055,-121.5711045
2014-07-18 06:00:00,6.132125555755747,360f1bcc-aa60-4052-a18a-b33da5745ff4,47.3595055,-121.5711045
2014-07-19 06:00:00,5.513028212490244,360f1bcc-aa60-4052-a18a-b33da5745ff4,47.3595055,-121.5711045
2014-07-20 06:00:00,4.223479399721847,360f1bcc-aa60-4052-a18a-b33da5745ff4,47.3595055,-121.5711045
2014-07-21 06:00:00,3.6034519374880016,360f1bcc-aa60-4052-a18a-b33da5745ff4,47.3595055,-121.5711045
2014-07-22 06:00:00,3.139435249719865,360f1bcc-aa60-4052-a18a-b33da5745ff4,47.3595055,-121.5711045
2014-07-23 06:00:00,3.3395272662496978,360f1bcc-aa60-4052-a18a-b33da5745ff4,47.3595055,-121.5711045
2014-07-24 06:00:00,4.462655741944271,360f1bcc-aa60-4052-a18a-b33da5745ff4,47.3595055,-121.5711045
2014-07-25 06:00:00,3.449057038625081,360f1bcc-aa60-4052-a18a-b33da5745ff4,47.3595055,-121.5711045
2014-07-26 06:00:00,2.1713351636870293,360f1bcc-aa60-4052-a18a-b33da5745ff4,47.3595055,-121.5711045
2014-07-27 06:00:00,2.493267540238861,360f1bcc-aa60-4052-a18a-b33da5745ff4,47.3595055,-121.5711045
2014-07-28 06:00:00,1.5686960328338493,360f1bcc-aa60-4052-a18a-b33da5745ff4,47.3595055,-121.5711045
2014-07-29 06:00:00,2.5828692882488937,360f1bcc-aa60-4052-a18a-b33da5745ff4,47.3595055,-121.5711045
2014-07-30 06:00:00,4.155721769984972,360f1bcc-aa60-4052-a18a-b33da5745ff4,47.3595055,-121.5711045
2014-07-31 06:00:00,2.3504991729035334,360f1bcc-aa60-4052-a18a-b33da5745ff4,47.3595055,-121.5711045
2014-08-01 06:00:00,2.450810126973013,360f1bcc-aa60-4052-a18a-b33da5745ff4,47.3595055,-121.5711045
2014-08-02 06:00:00,2.269209275286422,360f1bcc-aa60-4052-a18a-b33da5745ff4,47.3595055,-121.5711045
2014-08-03 06:00:00,4.192685713115921,360f1bcc-aa60-4052-a18a-b33da5745ff4,47.3595055,-121.5711045
2014-08-04 06:00:00,2.1581451703340577,360f1bcc-aa60-4052-a18a-b33da5745ff4,47.3595055,-121.5711045
2014-08-05 06:00:00,4.914694403786944,360f1bcc-aa60-4052-a18a-b33da5745ff4,47.3595055,-121.5711045
2014-08-06 06:00:00,5.633033490792299,360f1bcc-aa60-4052-a18a-b33da5745ff4,47.3595055,-121.5711045
2014-08-07 06:00:00,5.032060411648873,360f1bcc-aa60-4052-a18a-b33da5745ff4,47.3595055,-121.5711045
2014-08-08 06:00:00,5.0459955443683855,360f1bcc-aa60-4052-a18a-b33da5745ff4,47.3595055,-121.5711045
2014-08-09 06:00:00,3.2660268649076802,360f1bcc-aa60-4052-a18a-b33da5745ff4,47.3595055,-121.5711045
2014-08-10 06:00:00,3.079963959791721,360f1bcc-aa60-4052-a18a-b33da5745ff4,47.3595055,-121.5711045
2014-08-11 06:00:00,3.4804789950704986,360f1bcc-aa60-4052-a18a-b33da5745ff4,47.3595055,-121.5711045
2014-08-12 06:00:00,1.7213372656422803,360f1bcc-aa60-4052-a18a-b33da5745ff4,47.3595055,-121.5711045
2014-08-13 06:00:00,2.495780881857261,360f1bcc-aa60-4052-a18a-b33da5745ff4,47.3595055,-121.5711045
2014-08-14 06:00:00,3.835079226738367,360f1bcc-aa60-4052-a18a-b33da5745ff4,47.3595055,-121.5711045
2014-08-15 06:00:00,2.8820228882325,360f1bcc-aa60-4052-a18a-b33da5745ff4,47.3595055,-121.5711045
2014-08-16 06:00:00,3.346727919578553,360f1bcc-aa60-4052-a18a-b33da5745ff4,47.3595055,-121.5711045
2014-08-17 06:00:00,4.211677540469373,360f1bcc-aa60-4052-a18a-b33da5745ff4,47.3595055,-121.5711045
2014-08-18 06:00:00,3.7357095298604066,360f1bcc-aa60-4052-a18a-b33da5745ff4,47.3595055,-121.5711045
2014-08-19 06:00:00,4.66596308732644,360f1bcc-aa60-4052-a18a-b33da5745ff4,47.3595055,-121.5711045
2014-08-20 06:00:00,5.144400521221325,360f1bcc-aa60-4052-a18a-b33da5745ff4,47.3595055,-121.5711045
2014-08-21 06:00:00,4.1826624263046135,360f1bcc-aa60-4052-a18a-b33da5745ff4,47.3595055,-121.5711045
2014-08-22 06:00:00,5.09804487921234,360f1bcc-aa60-4052-a18a-b33da5745ff4,47.3595055,-121.5711045
2014-08-23 06:00:00,2.845805647638109,360f1bcc-aa60-4052-a18a-b33da5745ff4,47.3595055,-121.5711045
2014-08-24 06:00:00,2.4604159978719857,360f1bcc-aa60-4052-a18a-b33da5745ff4,47.3595055,-121.5711045
2014-08-25 06:00:00,1.714697802372468,360f1bcc-aa60-4052-a18a-b33da5745ff4,47.3595055,-121.5711045
2014-08-26 06:00:00,2.8416082015404336,360f1bcc-aa60-4052-a18a-b33da5745ff4,47.3595055,-121.5711045
2014-08-27 06:00:00,3.746153597138887,360f1bcc-aa60-4052-a18a-b33da5745ff4,47.3595055,-121.5711045
2014-08-28 06:00:00,4.5183609110677345,360f1bcc-aa60-4052-a18a-b33da5745ff4,47.3595055,-121.5711045
2014-08-29 06:00:00,4.145873611808843,360f1bcc-aa60-4052-a18a-b33da5745ff4,47.3595055,-121.5711045
2014-08-30 06:00:00,3.3726594918813464,360f1bcc-aa60-4052-a18a-b33da5745ff4,47.3595055,-121.5711045
2014-08-31 06:00:00,4.227241430527125,360f1bcc-aa60-4052-a18a-b33da5745ff4,47.3595055,-121.5711045
2014-09-01 06:00:00,3.3980737260264213,360f1bcc-aa60-4052-a18a-b33da5745ff4,47.3595055,-121.5711045
2014-09-02 06:00:00,4.805373426584097,360f1bcc-aa60-4052-a18a-b33da5745ff4,47.3595055,-121.5711045
2014-09-03 06:00:00,6.493770049576067,360f1bcc-aa60-4052-a18a-b33da5745ff4,47.3595055,-121.5711045
2014-09-04 06:00:00,3.369942167681507,360f1bcc-aa60-4052-a18a-b33da5745ff4,47.3595055,-121.5711045
2014-09-05 06:00:00,4.244241706326477,360f1bcc-aa60-4052-a18a-b33da5745ff4,47.3595055,-121.5711045
2014-09-06 06:00:00,4.592408860850537,360f1bcc-aa60-4052-a18a-b33da5745ff4,47.3595055,-121.5711045
2014-09-07 06:00:00,2.3825602596641606,360f1bcc-aa60-4052-a18a-b33da5745ff4,47.3595055,-121.5711045
2014-09-08 06:00:00,5.008034118424114,360f1bcc-aa60-4052-a18a-b33da5745ff4,47.3595055,-121.5711045
2014-09-09 06:00:00,4.8863181872245605,360f1bcc-aa60-4052-a18a-b33da5745ff4,47.3595055,-121.5711045
2014-09-10 06:00:00,3.626549039946662,360f1bcc-aa60-4052-a18a-b33da5745ff4,47.3595055,-121.5711045
2014-09-11 06:00:00,7.848426798469999,360f1bcc-aa60-4052-a18a-b33da5745ff4,47.3595055,-121.5711045
2014-09-12 06:00:00,7.081820853958782,360f1bcc-aa60-4052-a18a-b33da5745ff4,47.3595055,-121.5711045
2014-09-13 06:00:00,5.552441955224062,360f1bcc-aa60-4052-a18a-b33da5745ff4,47.3595055,-121.5711045
2014-09-14 06:00:00,5.055513316749507,360f1bcc-aa60-4052-a18a-b33da5745ff4,47.3595055,-121.5711045
2014-09-15 06:00:00,4.495581061208352,360f1bcc-aa60-4052-a18a-b33da5745ff4,47.3595055,-121.5711045
2014-09-16 06:00:00,2.4933583288111234,360f1bcc-aa60-4052-a18a-b33da5745ff4,47.3595055,-121.5711045
2014-09-17 06:00:00,2.7797826416472087,360f1bcc-aa60-4052-a18a-b33da5745ff4,47.3595055,-121.5711045
2014-09-18 06:00:00,3.1949984024732543,360f1bcc-aa60-4052-a18a-b33da5745ff4,47.3595055,-121.5711045
2014-09-19 06:00:00,3.3485600787350256,360f1bcc-aa60-4052-a18a-b33da5745ff4,47.3595055,-121.5711045
2014-09-20 06:00:00,4.543970793536585,360f1bcc-aa60-4052-a18a-b33da5745ff4,47.3595055,-121.5711045
2014-09-21 06:00:00,4.213064260768075,360f1bcc-aa60-4052-a18a-b33da5745ff4,47.3595055,-121.5711045
2014-09-22 06:00:00,3.0187355379773004,360f1bcc-aa60-4052-a18a-b33da5745ff4,47.3595055,-121.5711045
2014-09-23 06:00:00,2.259663037764721,360f1bcc-aa60-4052-a18a-b33da5745ff4,47.3595055,-121.5711045
2014-09-24 06:00:00,5.692367289616511,360f1bcc-aa60-4052-a18a-b33da5745ff4,47.3595055,-121.5711045
2014-09-25 06:00:00,3.700464334650937,360f1bcc-aa60-4052-a18a-b33da5745ff4,47.3595055,-121.5711045
2014-09-26 06:00:00,2.719944766851572,360f1bcc-aa60-4052-a18a-b33da5745ff4,47.3595055,-121.5711045
2014-09-27 06:00:00,2.279789950704983,360f1bcc-aa60-4052-a18a-b33da5745ff4,47.3595055,-121.5711045
2014-09-28 06:00:00,2.8216821933404,360f1bcc-aa60-4052-a18a-b33da5745ff4,47.3595055,-121.5711045
2014-09-29 06:00:00,3.817411229753087,360f1bcc-aa60-4052-a18a-b33da5745ff4,47.3595055,-121.5711045
2014-09-30 06:00:00,5.583460439372266,360f1bcc-aa60-4052-a18a-b33da5745ff4,47.3595055,-121.5711045
2014-10-01 06:00:00,5.726648881700305,360f1bcc-aa60-4052-a18a-b33da5745ff4,47.3595055,-121.5711045
2014-10-02 06:00:00,2.7895771623676664,360f1bcc-aa60-4052-a18a-b33da5745ff4,47.3595055,-121.5711045
2014-10-03 06:00:00,3.3090335397638833,360f1bcc-aa60-4052-a18a-b33da5745ff4,47.3595055,-121.5711045
2014-10-04 06:00:00,3.1376387950701594,360f1bcc-aa60-4052-a18a-b33da5745ff4,47.3595055,-121.5711045
2014-10-05 06:00:00,2.7612770257852017,360f1bcc-aa60-4052-a18a-b33da5745ff4,47.3595055,-121.5711045
2014-10-06 06:00:00,3.710852624208499,360f1bcc-aa60-4052-a18a-b33da5745ff4,47.3595055,-121.5711045
2014-10-07 06:00:00,2.9294122094781994,360f1bcc-aa60-4052-a18a-b33da5745ff4,47.3595055,-121.5711045
2014-10-08 06:00:00,4.3985974886478525,360f1bcc-aa60-4052-a18a-b33da5745ff4,47.3595055,-121.5711045
2014-10-09 06:00:00,3.4394922301300572,360f1bcc-aa60-4052-a18a-b33da5745ff4,47.3595055,-121.5711045
2014-10-10 06:00:00,3.6933731191178674,360f1bcc-aa60-4052-a18a-b33da5745ff4,47.3595055,-121.5711045
2014-10-11 06:00:00,4.982057575079112,360f1bcc-aa60-4052-a18a-b33da5745ff4,47.3595055,-121.5711045
2014-10-12 06:00:00,4.6660403463575575,360f1bcc-aa60-4052-a18a-b33da5745ff4,47.3595055,-121.5711045
2014-10-13 06:00:00,3.5575454029262583,360f1bcc-aa60-4052-a18a-b33da5745ff4,47.3595055,-121.5711045
2014-10-14 06:00:00,2.630008731336676,360f1bcc-aa60-4052-a18a-b33da5745ff4,47.3595055,-121.5711045
2014-10-15 06:00:00,3.795658307197767,360f1bcc-aa60-4052-a18a-b33da5745ff4,47.3595055,-121.5711045
2014-10-16 06:00:00,3.596827657609923,360f1bcc-aa60-4052-a18a-b33da5745ff4,47.3595055,-121.5711045
2014-10-17 06:00:00,5.951935599808,360f1bcc-aa60-4052-a18a-b33da5745ff4,47.3595055,-121.5711045
2014-10-18 06:00:00,2.8576491535219377,360f1bcc-aa60-4052-a18a-b33da5745ff4,47.3595055,-121.5711045
2014-10-19 06:00:00,4.286697071434087,360f1bcc-aa60-4052-a18a-b33da5745ff4,47.3595055,-121.5711045
2014-10-20 06:00:00,2.555704065877148,360f1bcc-aa60-4052-a18a-b33da5745ff4,47.3595055,-121.5711045
2014-10-21 06:00:00,2.866094281327011,360f1bcc-aa60-4052-a18a-b33da5745ff4,47.3595055,-121.5711045
2014-10-22 06:00:00,4.446115697958531,360f1bcc-aa60-4052-a18a-b33da5745ff4,47.3595055,-121.5711045
2014-10-23 06:00:00,3.702708558750968,360f1bcc-aa60-4052-a18a-b33da5745ff4,47.3595055,-121.5711045
2014-10-24 06:00:00,2.784383899533851,360f1bcc-aa60-4052-a18a-b33da5745ff4,47.3595055,-121.5711045
2014-10-25 06:00:00,8.532270091619248,360f1bcc-aa60-4052-a18a-b33da5745ff4,47.3595055,-121.5711045
2014-10-26 06:00:00,6.787271915337979,360f1bcc-aa60-4052-a18a-b33da5745ff4,47.3595055,-121.5711045
2014-10-27 06:00:00,3.2599732233927807,360f1bcc-aa60-4052-a18a-b33da5745ff4,47.3595055,-121.5711045
2014-10-28 06:00:00,4.585014434961172,360f1bcc-aa60-4052-a18a-b33da5745ff4,47.3595055,-121.5711045
2014-10-29 06:00:00,2.870374512061095,360f1bcc-aa60-4052-a18a-b33da5745ff4,47.3595055,-121.5711045
2014-10-30 06:00:00,5.769555767988548,360f1bcc-aa60-4052-a18a-b33da5745ff4,47.3595055,-121.5711045
2014-10-31 06:00:00,3.2394033442195664,360f1bcc-aa60-4052-a18a-b33da5745ff4,47.3595055,-121.5711045
2014-11-01 06:00:00,4.373865498436823,360f1bcc-aa60-4052-a18a-b33da5745ff4,47.3595055,-121.5711045
2014-11-02 06:00:00,5.184856419278007,360f1bcc-aa60-4052-a18a-b33da5745ff4,47.3595055,-121.5711045
2014-11-03 06:00:00,2.6574733401975057,360f1bcc-aa60-4052-a18a-b33da5745ff4,47.3595055,-121.5711045
2014-11-04 06:00:00,4.274030185357119,360f1bcc-aa60-4052-a18a-b33da5745ff4,47.3595055,-121.5711045
2014-11-05 06:00:00,2.6141992367230933,360f1bcc-aa60-4052-a18a-b33da5745ff4,47.3595055,-121.5711045
2014-11-06 06:00:00,6.230138941707773,360f1bcc-aa60-4052-a18a-b33da5745ff4,47.3595055,-121.5711045
2014-11-07 06:00:00,5.235602243130024,360f1bcc-aa60-4052-a18a-b33da5745ff4,47.3595055,-121.5711045
2014-11-08 06:00:00,1.238399860390231,360f1bcc-aa60-4052-a18a-b33da5745ff4,47.3595055,-121.5711045
2014-11-09 06:00:00,5.97067776704446,360f1bcc-aa60-4052-a18a-b33da5745ff4,47.3595055,-121.5711045
2014-11-10 06:00:00,4.245443018481263,360f1bcc-aa60-4052-a18a-b33da5745ff4,47.3595055,-121.5711045
2014-11-11 06:00:00,8.567899293981048,360f1bcc-aa60-4052-a18a-b33da5745ff4,47.3595055,-121.5711045
2014-11-12 06:00:00,14.66477280559703,360f1bcc-aa60-4052-a18a-b33da5745ff4,47.3595055,-121.5711045
2014-11-13 06:00:00,11.978967560662165,360f1bcc-aa60-4052-a18a-b33da5745ff4,47.3595055,-121.5711045
2014-11-14 06:00:00,4.6655547239841555,360f1bcc-aa60-4052-a18a-b33da5745ff4,47.3595055,-121.5711045
2014-11-15 06:00:00,5.6288051018348115,360f1bcc-aa60-4052-a18a-b33da5745ff4,47.3595055,-121.5711045
2014-11-16 06:00:00,5.600655926190891,360f1bcc-aa60-4052-a18a-b33da5745ff4,47.3595055,-121.5711045
2014-11-17 06:00:00,6.604591344360613,360f1bcc-aa60-4052-a18a-b33da5745ff4,47.3595055,-121.5711045
2014-11-18 06:00:00,4.647434265185625,360f1bcc-aa60-4052-a18a-b33da5745ff4,47.3595055,-121.5711045
2014-11-19 06:00:00,4.873458419701993,360f1bcc-aa60-4052-a18a-b33da5745ff4,47.3595055,-121.5711045
2014-11-20 06:00:00,3.392085609680567,360f1bcc-aa60-4052-a18a-b33da5745ff4,47.3595055,-121.5711045
2014-11-21 06:00:00,3.015383533331064,360f1bcc-aa60-4052-a18a-b33da5745ff4,47.3595055,-121.5711045
2014-11-22 06:00:00,5.595986655634692,360f1bcc-aa60-4052-a18a-b33da5745ff4,47.3595055,-121.5711045
2014-11-23 06:00:00,6.5905379792563945,360f1bcc-aa60-4052-a18a-b33da5745ff4,47.3595055,-121.5711045
2014-11-24 06:00:00,2.7979020905290914,360f1bcc-aa60-4052-a18a-b33da5745ff4,47.3595055,-121.5711045
2014-11-25 06:00:00,8.160540044409599,360f1bcc-aa60-4052-a18a-b33da5745ff4,47.3595055,-121.5711045
2014-11-26 06:00:00,5.359023226224458,360f1bcc-aa60-4052-a18a-b33da5745ff4,47.3595055,-121.5711045
2014-11-27 06:00:00,4.680938685246003,360f1bcc-aa60-4052-a18a-b33da5745ff4,47.3595055,-121.5711045
2014-11-28 06:00:00,4.870781684533145,360f1bcc-aa60-4052-a18a-b33da5745ff4,47.3595055,-121.5711045
2014-11-29 06:00:00,6.95903894228813,360f1bcc-aa60-4052-a18a-b33da5745ff4,47.3595055,-121.5711045
2014-11-30 06:00:00,4.9507691578987325,360f1bcc-aa60-4052-a18a-b33da5745ff4,47.3595055,-121.5711045
2014-12-01 06:00:00,4.437634717501127,360f1bcc-aa60-4052-a18a-b33da5745ff4,47.3595055,-121.5711045
2014-12-02 06:00:00,3.49934811184549,360f1bcc-aa60-4052-a18a-b33da5745ff4,47.3595055,-121.5711045
2014-12-03 06:00:00,9.531792133689947,360f1bcc-aa60-4052-a18a-b33da5745ff4,47.3595055,-121.5711045
2014-12-04 06:00:00,4.71151790537386,360f1bcc-aa60-4052-a18a-b33da5745ff4,47.3595055,-121.5711045
2014-12-05 06:00:00,3.656023672503284,360f1bcc-aa60-4052-a18a-b33da5745ff4,47.3595055,-121.5711045
2014-12-06 06:00:00,5.003174075102196,360f1bcc-aa60-4052-a18a-b33da5745ff4,47.3595055,-121.5711045
2014-12-07 06:00:00,4.015922856127095,360f1bcc-aa60-4052-a18a-b33da5745ff4,47.3595055,-121.5711045
2014-12-08 06:00:00,5.666540994807186,360f1bcc-aa60-4052-a18a-b33da5745ff4,47.3595055,-121.5711045
2014-12-09 06:00:00,5.3763584344814985,360f1bcc-aa60-4052-a18a-b33da5745ff4,47.3595055,-121.5711045
2014-12-10 06:00:00,6.9514607462108655,360f1bcc-aa60-4052-a18a-b33da5745ff4,47.3595055,-121.5711045
2014-12-11 06:00:00,6.708379637889372,360f1bcc-aa60-4052-a18a-b33da5745ff4,47.3595055,-121.5711045
2014-12-12 06:00:00,4.4334866230304435,360f1bcc-aa60-4052-a18a-b33da5745ff4,47.3595055,-121.5711045
2014-12-13 06:00:00,3.031633860840757,360f1bcc-aa60-4052-a18a-b33da5745ff4,47.3595055,-121.5711045
2014-12-14 06:00:00,4.79951386166434,360f1bcc-aa60-4052-a18a-b33da5745ff4,47.3595055,-121.5711045
2014-12-15 06:00:00,10.767736625671388,360f1bcc-aa60-4052-a18a-b33da5745ff4,47.3595055,-121.5711045
2014-12-16 06:00:00,8.035391084149353,360f1bcc-aa60-4052-a18a-b33da5745ff4,47.3595055,-121.5711045
2014-12-17 06:00:00,5.518386216448923,360f1bcc-aa60-4052-a18a-b33da5745ff4,47.3595055,-121.5711045
2014-12-18 06:00:00,2.6408836291386533,360f1bcc-aa60-4052-a18a-b33da5745ff4,47.3595055,-121.5711045
2014-12-19 06:00:00,3.26688697175083,360f1bcc-aa60-4052-a18a-b33da5745ff4,47.3595055,-121.5711045
2014-12-20 06:00:00,3.309133667823596,360f1bcc-aa60-4052-a18a-b33da5745ff4,47.3595055,-121.5711045
2014-12-21 06:00:00,7.726991569078886,360f1bcc-aa60-4052-a18a-b33da5745ff4,47.3595055,-121.5711045
2014-12-22 06:00:00,4.973858149438843,360f1bcc-aa60-4052-a18a-b33da5745ff4,47.3595055,-121.5711045
2014-12-23 06:00:00,3.4067603999732907,360f1bcc-aa60-4052-a18a-b33da5745ff4,47.3595055,-121.5711045
2014-12-24 06:00:00,6.495574934462197,360f1bcc-aa60-4052-a18a-b33da5745ff4,47.3595055,-121.5711045
2014-12-25 06:00:00,5.294145760169396,360f1bcc-aa60-4052-a18a-b33da5745ff4,47.3595055,-121.5711045
2014-12-26 06:00:00,3.154644491326095,360f1bcc-aa60-4052-a18a-b33da5745ff4,47.3595055,-121.5711045
2014-12-27 06:00:00,4.059459651841059,360f1bcc-aa60-4052-a18a-b33da5745ff4,47.3595055,-121.5711045
2014-12-28 06:00:00,6.338748287950825,360f1bcc-aa60-4052-a18a-b33da5745ff4,47.3595055,-121.5711045
2014-12-29 06:00:00,3.1334459940592447,360f1bcc-aa60-4052-a18a-b33da5745ff4,47.3595055,-121.5711045
2014-12-30 06:00:00,7.095735367342958,360f1bcc-aa60-4052-a18a-b33da5745ff4,47.3595055,-121.5711045
2014-12-31 06:00:00,2.7710548565937922,360f1bcc-aa60-4052-a18a-b33da5745ff4,47.3595055,-121.5711045
2015-01-01 06:00:00,2.9827730515064337,360f1bcc-aa60-4052-a18a-b33da5745ff4,47.3595055,-121.5711045
2015-01-02 06:00:00,3.4250748980758545,360f1bcc-aa60-4052-a18a-b33da5745ff4,47.3595055,-121.5711045
2015-01-03 06:00:00,2.707111459308201,360f1bcc-aa60-4052-a18a-b33da5745ff4,47.3595055,-121.5711045
2015-01-04 06:00:00,1.8883803527579353,360f1bcc-aa60-4052-a18a-b33da5745ff4,47.3595055,-121.5711045
2015-01-05 06:00:00,8.647830225463608,360f1bcc-aa60-4052-a18a-b33da5745ff4,47.3595055,-121.5711045
2015-01-06 06:00:00,2.723794912069272,360f1bcc-aa60-4052-a18a-b33da5745ff4,47.3595055,-121.5711045
2015-01-07 06:00:00,2.598298171442798,360f1bcc-aa60-4052-a18a-b33da5745ff4,47.3595055,-121.5711045
2015-01-08 06:00:00,3.132545064860939,360f1bcc-aa60-4052-a18a-b33da5745ff4,47.3595055,-121.5711045
2015-01-09 06:00:00,5.513410165167263,360f1bcc-aa60-4052-a18a-b33da5745ff4,47.3595055,-121.5711045
2015-01-10 06:00:00,1.615588463167859,360f1bcc-aa60-4052-a18a-b33da5745ff4,47.3595055,-121.5711045
2015-01-11 06:00:00,1.9664107421524506,360f1bcc-aa60-4052-a18a-b33da5745ff4,47.3595055,-121.5711045
2015-01-12 06:00:00,2.656616543093298,360f1bcc-aa60-4052-a18a-b33da5745ff4,47.3595055,-121.5711045
2015-01-13 06:00:00,3.311275815352416,360f1bcc-aa60-4052-a18a-b33da5745ff4,47.3595055,-121.5711045
2015-01-14 06:00:00,5.790961246408967,360f1bcc-aa60-4052-a18a-b33da5745ff4,47.3595055,-121.5711045
2015-01-15 06:00:00,4.861071169274486,360f1bcc-aa60-4052-a18a-b33da5745ff4,47.3595055,-121.5711045
2015-01-16 06:00:00,4.927873404005654,360f1bcc-aa60-4052-a18a-b33da5745ff4,47.3595055,-121.5711045
2015-01-17 06:00:00,3.927096165754856,360f1bcc-aa60-4052-a18a-b33da5745ff4,47.3595055,-121.5711045
2015-01-18 06:00:00,6.118439660928189,360f1bcc-aa60-4052-a18a-b33da5745ff4,47.3595055,-121.5711045
2015-01-19 06:00:00,4.296114657882953,360f1bcc-aa60-4052-a18a-b33da5745ff4,47.3595055,-121.5711045
2015-01-20 06:00:00,2.901147127355266,360f1bcc-aa60-4052-a18a-b33da5745ff4,47.3595055,-121.5711045
2015-01-21 06:00:00,5.3214807168031335,360f1bcc-aa60-4052-a18a-b33da5745ff4,47.3595055,-121.5711045
2015-01-22 06:00:00,2.6034561195944117,360f1bcc-aa60-4052-a18a-b33da5745ff4,47.3595055,-121.5711045
2015-01-23 06:00:00,2.517071197175572,360f1bcc-aa60-4052-a18a-b33da5745ff4,47.3595055,-121.5711045
2015-01-24 06:00:00,3.3798530366685657,360f1bcc-aa60-4052-a18a-b33da5745ff4,47.3595055,-121.5711045
2015-01-25 06:00:00,2.950930367371975,360f1bcc-aa60-4052-a18a-b33da5745ff4,47.3595055,-121.5711045
2015-01-26 06:00:00,3.843114535625165,360f1bcc-aa60-4052-a18a-b33da5745ff4,47.3595055,-121.5711045
2015-01-27 06:00:00,2.3423162521460124,360f1bcc-aa60-4052-a18a-b33da5745ff4,47.3595055,-121.5711045
2015-01-28 06:00:00,2.6796047695681575,360f1bcc-aa60-4052-a18a-b33da5745ff4,47.3595055,-121.5711045
2015-01-29 06:00:00,3.4012483054756104,360f1bcc-aa60-4052-a18a-b33da5745ff4,47.3595055,-121.5711045
2015-01-30 06:00:00,1.9361667684000783,360f1bcc-aa60-4052-a18a-b33da5745ff4,47.3595055,-121.5711045
2015-01-31 06:00:00,3.5735596155508977,360f1bcc-aa60-4052-a18a-b33da5745ff4,47.3595055,-121.5711045
2015-02-01 06:00:00,4.924824880942321,360f1bcc-aa60-4052-a18a-b33da5745ff4,47.3595055,-121.5711045
2015-02-02 06:00:00,3.155922457091829,360f1bcc-aa60-4052-a18a-b33da5745ff4,47.3595055,-121.5711045
2015-02-03 06:00:00,3.067695881566431,360f1bcc-aa60-4052-a18a-b33da5745ff4,47.3595055,-121.5711045
2015-02-04 06:00:00,3.807084276533535,360f1bcc-aa60-4052-a18a-b33da5745ff4,47.3595055,-121.5711045
2015-02-05 06:00:00,4.894180761647021,360f1bcc-aa60-4052-a18a-b33da5745ff4,47.3595055,-121.5711045
2015-02-06 06:00:00,4.873718728774634,360f1bcc-aa60-4052-a18a-b33da5745ff4,47.3595055,-121.5711045
2015-02-07 06:00:00,4.1140142689403305,360f1bcc-aa60-4052-a18a-b33da5745ff4,47.3595055,-121.5711045
2015-02-08 06:00:00,3.5444915176456813,360f1bcc-aa60-4052-a18a-b33da5745ff4,47.3595055,-121.5711045
2015-02-09 06:00:00,6.398925603149285,360f1bcc-aa60-4052-a18a-b33da5745ff4,47.3595055,-121.5711045
2015-02-10 06:00:00,3.2509936516101545,360f1bcc-aa60-4052-a18a-b33da5745ff4,47.3595055,-121.5711045
2015-02-11 06:00:00,3.969367842388968,360f1bcc-aa60-4052-a18a-b33da5745ff4,47.3595055,-121.5711045
2015-02-12 06:00:00,2.7909748515512196,360f1bcc-aa60-4052-a18a-b33da5745ff4,47.3595055,-121.5711045
2015-02-13 06:00:00,2.868730144419222,360f1bcc-aa60-4052-a18a-b33da5745ff4,47.3595055,-121.5711045
2015-02-14 06:00:00,3.80048884102422,360f1bcc-aa60-4052-a18a-b33da5745ff4,47.3595055,-121.5711045
2015-02-15 06:00:00,3.7035377241607415,360f1bcc-aa60-4052-a18a-b33da5745ff4,47.3595055,-121.5711045
2015-02-16 06:00:00,5.5290136133503704,360f1bcc-aa60-4052-a18a-b33da5745ff4,47.3595055,-121.5711045
2015-02-17 06:00:00,7.430656910350181,360f1bcc-aa60-4052-a18a-b33da5745ff4,47.3595055,-121.5711045
2015-02-18 06:00:00,4.048490378795527,360f1bcc-aa60-4052-a18a-b33da5745ff4,47.3595055,-121.5711045
2015-02-19 06:00:00,3.569269259974488,360f1bcc-aa60-4052-a18a-b33da5745ff4,47.3595055,-121.5711045
2015-02-20 06:00:00,4.056955744873765,360f1bcc-aa60-4052-a18a-b33da5745ff4,47.3595055,-121.5711045
2015-02-21 06:00:00,4.073484697301164,360f1bcc-aa60-4052-a18a-b33da5745ff4,47.3595055,-121.5711045
2015-02-22 06:00:00,4.806952173281938,360f1bcc-aa60-4052-a18a-b33da5745ff4,47.3595055,-121.5711045
2015-02-23 06:00:00,4.101149654999758,360f1bcc-aa60-4052-a18a-b33da5745ff4,47.3595055,-121.5711045
2015-02-24 06:00:00,3.4447053302047603,360f1bcc-aa60-4052-a18a-b33da5745ff4,47.3595055,-121.5711045
2015-02-25 06:00:00,3.890301938749786,360f1bcc-aa60-4052-a18a-b33da5745ff4,47.3595055,-121.5711045
2015-02-26 06:00:00,3.794897658804543,360f1bcc-aa60-4052-a18a-b33da5745ff4,47.3595055,-121.5711045
2015-02-27 06:00:00,3.8383530598420363,360f1bcc-aa60-4052-a18a-b33da5745ff4,47.3595055,-121.5711045
2015-02-28 06:00:00,4.87385155889723,360f1bcc-aa60-4052-a18a-b33da5745ff4,47.3595055,-121.5711045
2015-03-01 06:00:00,2.783296122102656,360f1bcc-aa60-4052-a18a-b33da5745ff4,47.3595055,-121.5711045
2015-03-02 06:00:00,2.7263855330964435,360f1bcc-aa60-4052-a18a-b33da5745ff4,47.3595055,-121.5711045
2015-03-03 06:00:00,2.9988130021299058,360f1bcc-aa60-4052-a18a-b33da5745ff4,47.3595055,-121.5711045
2015-03-04 06:00:00,2.28485755105304,360f1bcc-aa60-4052-a18a-b33da5745ff4,47.3595055,-121.5711045
2015-03-05 06:00:00,2.124279381678655,360f1bcc-aa60-4052-a18a-b33da5745ff4,47.3595055,-121.5711045
2015-03-06 06:00:00,2.028220212765229,360f1bcc-aa60-4052-a18a-b33da5745ff4,47.3595055,-121.5711045
2015-03-07 06:00:00,2.4984823422554214,360f1bcc-aa60-4052-a18a-b33da5745ff4,47.3595055,-121.5711045
2015-03-08 06:00:00,1.5283110410739216,360f1bcc-aa60-4052-a18a-b33da5745ff4,47.3595055,-121.5711045
2015-03-09 06:00:00,3.0926966738497086,360f1bcc-aa60-4052-a18a-b33da5745ff4,47.3595055,-121.5711045
2015-03-10 06:00:00,3.4822272416872853,360f1bcc-aa60-4052-a18a-b33da5745ff4,47.3595055,-121.5711045
2015-03-11 06:00:00,2.694831250671648,360f1bcc-aa60-4052-a18a-b33da5745ff4,47.3595055,-121.5711045
2015-03-12 06:00:00,2.8203980806546336,360f1bcc-aa60-4052-a18a-b33da5745ff4,47.3595055,-121.5711045
2015-03-13 06:00:00,5.852925691849148,360f1bcc-aa60-4052-a18a-b33da5745ff4,47.3595055,-121.5711045
2015-03-14 06:00:00,5.43787026609111,360f1bcc-aa60-4052-a18a-b33da5745ff4,47.3595055,-121.5711045
2015-03-15 06:00:00,2.564797103710664,360f1bcc-aa60-4052-a18a-b33da5745ff4,47.3595055,-121.5711045
2015-03-16 06:00:00,4.316504165861341,360f1bcc-aa60-4052-a18a-b33da5745ff4,47.3595055,-121.5711045
2015-03-17 06:00:00,5.276427019966973,360f1bcc-aa60-4052-a18a-b33da5745ff4,47.3595055,-121.5711045
2015-03-18 06:00:00,3.55149497802441,360f1bcc-aa60-4052-a18a-b33da5745ff4,47.3595055,-121.5711045
2015-03-19 06:00:00,2.54966781546927,360f1bcc-aa60-4052-a18a-b33da5745ff4,47.3595055,-121.5711045
2015-03-20 06:00:00,2.31622812768333,360f1bcc-aa60-4052-a18a-b33da5745ff4,47.3595055,-121.5711045
2015-03-21 06:00:00,3.7316189930989196,360f1bcc-aa60-4052-a18a-b33da5745ff4,47.3595055,-121.5711045
2015-03-22 06:00:00,2.797378691445049,360f1bcc-aa60-4052-a18a-b33da5745ff4,47.3595055,-121.5711045
2015-03-23 06:00:00,2.3150168537074687,360f1bcc-aa60-4052-a18a-b33da5745ff4,47.3595055,-121.5711045
2015-03-24 06:00:00,4.258325399496616,360f1bcc-aa60-4052-a18a-b33da5745ff4,47.3595055,-121.5711045
2015-03-25 06:00:00,3.1170629362774718,360f1bcc-aa60-4052-a18a-b33da5745ff4,47.3595055,-121.5711045
2015-03-26 06:00:00,2.9020034170558313,360f1bcc-aa60-4052-a18a-b33da5745ff4,47.3595055,-121.5711045
2015-03-27 06:00:00,2.785414248857743,360f1bcc-aa60-4052-a18a-b33da5745ff4,47.3595055,-121.5711045
2015-03-28 06:00:00,6.284630890381642,360f1bcc-aa60-4052-a18a-b33da5745ff4,47.3595055,-121.5711045
2015-03-29 06:00:00,3.079949728036538,360f1bcc-aa60-4052-a18a-b33da5745ff4,47.3595055,-121.5711045
2015-03-30 06:00:00,2.3006152499435295,360f1bcc-aa60-4052-a18a-b33da5745ff4,47.3595055,-121.5711045
2015-03-31 06:00:00,5.56229446321471,360f1bcc-aa60-4052-a18a-b33da5745ff4,47.3595055,-121.5711045
2015-04-01 06:00:00,4.7455207176697565,360f1bcc-aa60-4052-a18a-b33da5745ff4,47.3595055,-121.5711045
2015-04-02 06:00:00,3.9290080626805626,360f1bcc-aa60-4052-a18a-b33da5745ff4,47.3595055,-121.5711045
2015-04-03 06:00:00,2.9289496625590528,360f1bcc-aa60-4052-a18a-b33da5745ff4,47.3595055,-121.5711045
2015-04-04 06:00:00,2.9675571873656708,360f1bcc-aa60-4052-a18a-b33da5745ff4,47.3595055,-121.5711045
2015-04-05 06:00:00,3.5624922416149043,360f1bcc-aa60-4052-a18a-b33da5745ff4,47.3595055,-121.5711045
2015-04-06 06:00:00,3.0755813400969547,360f1bcc-aa60-4052-a18a-b33da5745ff4,47.3595055,-121.5711045
2015-04-07 06:00:00,3.9488557988761843,360f1bcc-aa60-4052-a18a-b33da5745ff4,47.3595055,-121.5711045
2015-04-08 06:00:00,3.404891078696292,360f1bcc-aa60-4052-a18a-b33da5745ff4,47.3595055,-121.5711045
2015-04-09 06:00:00,2.951842807908344,360f1bcc-aa60-4052-a18a-b33da5745ff4,47.3595055,-121.5711045
2015-04-10 06:00:00,3.107247178982466,360f1bcc-aa60-4052-a18a-b33da5745ff4,47.3595055,-121.5711045
2015-04-11 06:00:00,6.519080805982279,360f1bcc-aa60-4052-a18a-b33da5745ff4,47.3595055,-121.5711045
2015-04-12 06:00:00,5.193515019539075,360f1bcc-aa60-4052-a18a-b33da5745ff4,47.3595055,-121.5711045
2015-04-13 06:00:00,3.115606484861456,360f1bcc-aa60-4052-a18a-b33da5745ff4,47.3595055,-121.5711045
2015-04-14 06:00:00,6.618019496885121,360f1bcc-aa60-4052-a18a-b33da5745ff4,47.3595055,-121.5711045
2015-04-15 06:00:00,4.313524691671388,360f1bcc-aa60-4052-a18a-b33da5745ff4,47.3595055,-121.5711045
2015-04-16 06:00:00,2.7367517218630537,360f1bcc-aa60-4052-a18a-b33da5745ff4,47.3595055,-121.5711045
2015-04-17 06:00:00,2.912479433646569,360f1bcc-aa60-4052-a18a-b33da5745ff4,47.3595055,-121.5711045
2015-04-18 06:00:00,3.2997003210915468,360f1bcc-aa60-4052-a18a-b33da5745ff4,47.3595055,-121.5711045
2015-04-19 06:00:00,2.4892161835972058,360f1bcc-aa60-4052-a18a-b33da5745ff4,47.3595055,-121.5711045
2015-04-20 06:00:00,2.5322003902533115,360f1bcc-aa60-4052-a18a-b33da5745ff4,47.3595055,-121.5711045
2015-04-21 06:00:00,3.164752904166523,360f1bcc-aa60-4052-a18a-b33da5745ff4,47.3595055,-121.5711045
2015-04-22 06:00:00,7.207744989639674,360f1bcc-aa60-4052-a18a-b33da5745ff4,47.3595055,-121.5711045
2015-04-23 06:00:00,4.049817497098548,360f1bcc-aa60-4052-a18a-b33da5745ff4,47.3595055,-121.5711045
2015-04-24 06:00:00,3.2756137301779202,360f1bcc-aa60-4052-a18a-b33da5745ff4,47.3595055,-121.5711045
2015-04-25 06:00:00,3.403917208492247,360f1bcc-aa60-4052-a18a-b33da5745ff4,47.3595055,-121.5711045
2015-04-26 06:00:00,2.8325586773391467,360f1bcc-aa60-4052-a18a-b33da5745ff4,47.3595055,-121.5711045
2015-04-27 06:00:00,3.203109860216451,360f1bcc-aa60-4052-a18a-b33da5745ff4,47.3595055,-121.5711045
2015-04-28 06:00:00,5.112021851335836,360f1bcc-aa60-4052-a18a-b33da5745ff4,47.3595055,-121.5711045
2015-04-29 06:00:00,4.829009753822263,360f1bcc-aa60-4052-a18a-b33da5745ff4,47.3595055,-121.5711045
2015-04-30 06:00:00,3.5159277416702013,360f1bcc-aa60-4052-a18a-b33da5745ff4,47.3595055,-121.5711045
2015-05-01 06:00:00,3.086262795660231,360f1bcc-aa60-4052-a18a-b33da5745ff4,47.3595055,-121.5711045
2015-05-02 06:00:00,3.912506505363009,360f1bcc-aa60-4052-a18a-b33da5745ff4,47.3595055,-121.5711045
2015-05-03 06:00:00,3.564265583519243,360f1bcc-aa60-4052-a18a-b33da5745ff4,47.3595055,-121.5711045
2015-05-04 06:00:00,2.7106549587005224,360f1bcc-aa60-4052-a18a-b33da5745ff4,47.3595055,-121.5711045
2015-05-05 06:00:00,4.90122785405216,360f1bcc-aa60-4052-a18a-b33da5745ff4,47.3595055,-121.5711045
2015-05-06 06:00:00,5.012868207947822,360f1bcc-aa60-4052-a18a-b33da5745ff4,47.3595055,-121.5711045
2015-05-07 06:00:00,3.6923044840494796,360f1bcc-aa60-4052-a18a-b33da5745ff4,47.3595055,-121.5711045
2015-05-08 06:00:00,2.532245062762856,360f1bcc-aa60-4052-a18a-b33da5745ff4,47.3595055,-121.5711045
2015-05-09 06:00:00,1.8664594119430609,360f1bcc-aa60-4052-a18a-b33da5745ff4,47.3595055,-121.5711045
2015-05-10 06:00:00,3.3112606608969535,360f1bcc-aa60-4052-a18a-b33da5745ff4,47.3595055,-121.5711045
2015-05-11 06:00:00,4.0641092100714005,360f1bcc-aa60-4052-a18a-b33da5745ff4,47.3595055,-121.5711045
2015-05-12 06:00:00,3.3770583507342216,360f1bcc-aa60-4052-a18a-b33da5745ff4,47.3595055,-121.5711045
2015-05-13 06:00:00,4.966546491883759,360f1bcc-aa60-4052-a18a-b33da5745ff4,47.3595055,-121.5711045
2015-05-14 06:00:00,1.989836402122791,360f1bcc-aa60-4052-a18a-b33da5745ff4,47.3595055,-121.5711045
2015-05-15 06:00:00,4.239716519046034,360f1bcc-aa60-4052-a18a-b33da5745ff4,47.3595055,-121.5711045
2015-05-16 06:00:00,6.663409484553542,360f1bcc-aa60-4052-a18a-b33da5745ff4,47.3595055,-121.5711045
2015-05-17 06:00:00,4.735311443785318,360f1bcc-aa60-4052-a18a-b33da5745ff4,47.3595055,-121.5711045
2015-05-18 06:00:00,3.1530925911715912,360f1bcc-aa60-4052-a18a-b33da5745ff4,47.3595055,-121.5711045
2015-05-19 06:00:00,3.268205823653784,360f1bcc-aa60-4052-a18a-b33da5745ff4,47.3595055,-121.5711045
2015-05-20 06:00:00,2.879106345951048,360f1bcc-aa60-4052-a18a-b33da5745ff4,47.3595055,-121.5711045
2015-05-21 06:00:00,1.7455508760916885,360f1bcc-aa60-4052-a18a-b33da5745ff4,47.3595055,-121.5711045
2015-05-22 06:00:00,4.576498162848317,360f1bcc-aa60-4052-a18a-b33da5745ff4,47.3595055,-121.5711045
2015-05-23 06:00:00,5.921933563346538,360f1bcc-aa60-4052-a18a-b33da5745ff4,47.3595055,-121.5711045
2015-05-24 06:00:00,5.814667457189317,360f1bcc-aa60-4052-a18a-b33da5745ff4,47.3595055,-121.5711045
2015-05-25 06:00:00,5.2814585697956575,360f1bcc-aa60-4052-a18a-b33da5745ff4,47.3595055,-121.5711045
2015-05-26 06:00:00,4.160064138917841,360f1bcc-aa60-4052-a18a-b33da5745ff4,47.3595055,-121.5711045
2015-05-27 06:00:00,3.815524225764805,360f1bcc-aa60-4052-a18a-b33da5745ff4,47.3595055,-121.5711045
2015-05-28 06:00:00,2.5738640475476906,360f1bcc-aa60-4052-a18a-b33da5745ff4,47.3595055,-121.5711045
2015-05-29 06:00:00,2.144920062611246,360f1bcc-aa60-4052-a18a-b33da5745ff4,47.3595055,-121.5711045
2015-05-30 06:00:00,3.3929470064293623,360f1bcc-aa60-4052-a18a-b33da5745ff4,47.3595055,-121.5711045
2015-05-31 06:00:00,2.3388228585577426,360f1bcc-aa60-4052-a18a-b33da5745ff4,47.3595055,-121.5711045
2015-06-01 06:00:00,3.7530692177959994,360f1bcc-aa60-4052-a18a-b33da5745ff4,47.3595055,-121.5711045
2015-06-02 06:00:00,4.4222643399849915,360f1bcc-aa60-4052-a18a-b33da5745ff4,47.3595055,-121.5711045
2015-06-03 06:00:00,3.2796214374721564,360f1bcc-aa60-4052-a18a-b33da5745ff4,47.3595055,-121.5711045
2015-06-04 06:00:00,3.7416567883939824,360f1bcc-aa60-4052-a18a-b33da5745ff4,47.3595055,-121.5711045
2015-06-05 06:00:00,2.853475020074437,360f1bcc-aa60-4052-a18a-b33da5745ff4,47.3595055,-121.5711045
2015-06-06 06:00:00,3.399714012023731,360f1bcc-aa60-4052-a18a-b33da5745ff4,47.3595055,-121.5711045
2015-06-07 06:00:00,3.5899829860426418,360f1bcc-aa60-4052-a18a-b33da5745ff4,47.3595055,-121.5711045
2015-06-08 06:00:00,3.660845999432426,360f1bcc-aa60-4052-a18a-b33da5745ff4,47.3595055,-121.5711045
2015-06-09 06:00:00,4.166205502982833,360f1bcc-aa60-4052-a18a-b33da5745ff4,47.3595055,-121.5711045
2015-06-10 06:00:00,5.027465943393544,360f1bcc-aa60-4052-a18a-b33da5745ff4,47.3595055,-121.5711045
2015-06-11 06:00:00,5.852325196551463,360f1bcc-aa60-4052-a18a-b33da5745ff4,47.3595055,-121.5711045
2015-06-12 06:00:00,5.816956591809917,360f1bcc-aa60-4052-a18a-b33da5745ff4,47.3595055,-121.5711045
2015-06-13 06:00:00,3.7516920356668972,360f1bcc-aa60-4052-a18a-b33da5745ff4,47.3595055,-121.5711045
2015-06-14 06:00:00,3.810920789302924,360f1bcc-aa60-4052-a18a-b33da5745ff4,47.3595055,-121.5711045
2015-06-15 06:00:00,3.093610271021851,360f1bcc-aa60-4052-a18a-b33da5745ff4,47.3595055,-121.5711045
2015-06-16 06:00:00,2.7310137919890574,360f1bcc-aa60-4052-a18a-b33da5745ff4,47.3595055,-121.5711045
2015-06-17 06:00:00,4.627293191404425,360f1bcc-aa60-4052-a18a-b33da5745ff4,47.3595055,-121.5711045
2015-06-18 06:00:00,3.797639012540507,360f1bcc-aa60-4052-a18a-b33da5745ff4,47.3595055,-121.5711045
2015-06-19 06:00:00,4.9098836703178215,360f1bcc-aa60-4052-a18a-b33da5745ff4,47.3595055,-121.5711045
2015-06-20 06:00:00,3.56560975058466,360f1bcc-aa60-4052-a18a-b33da5745ff4,47.3595055,-121.5711045
2015-06-21 06:00:00,2.8626405098499395,360f1bcc-aa60-4052-a18a-b33da5745ff4,47.3595055,-121.5711045
2015-06-22 06:00:00,3.626901133855184,360f1bcc-aa60-4052-a18a-b33da5745ff4,47.3595055,-121.5711045
2015-06-23 06:00:00,4.4085876725677755,360f1bcc-aa60-4052-a18a-b33da5745ff4,47.3595055,-121.5711045
2015-06-24 06:00:00,3.8876401878829703,360f1bcc-aa60-4052-a18a-b33da5745ff4,47.3595055,-121.5711045
2015-06-25 06:00:00,2.6578708448980604,360f1bcc-aa60-4052-a18a-b33da5745ff4,47.3595055,-121.5711045
2015-06-26 06:00:00,1.5233955432207154,360f1bcc-aa60-4052-a18a-b33da5745ff4,47.3595055,-121.5711045
2015-06-27 06:00:00,2.159553552183331,360f1bcc-aa60-4052-a18a-b33da5745ff4,47.3595055,-121.5711045
2015-06-28 06:00:00,2.3089434140767806,360f1bcc-aa60-4052-a18a-b33da5745ff4,47.3595055,-121.5711045
2015-06-29 06:00:00,5.123909980415279,360f1bcc-aa60-4052-a18a-b33da5745ff4,47.3595055,-121.5711045
2015-06-30 06:00:00,4.425259197267713,360f1bcc-aa60-4052-a18a-b33da5745ff4,47.3595055,-121.5711045
2015-07-01 06:00:00,2.9110497941318734,360f1bcc-aa60-4052-a18a-b33da5745ff4,47.3595055,-121.5711045
2015-07-02 06:00:00,2.4886243479883574,360f1bcc-aa60-4052-a18a-b33da5745ff4,47.3595055,-121.5711045
2015-07-03 06:00:00,4.302773937608442,360f1bcc-aa60-4052-a18a-b33da5745ff4,47.3595055,-121.5711045
2015-07-04 06:00:00,4.321694004637564,360f1bcc-aa60-4052-a18a-b33da5745ff4,47.3595055,-121.5711045
2015-07-05 06:00:00,3.452732882744227,360f1bcc-aa60-4052-a18a-b33da5745ff4,47.3595055,-121.5711045
2015-07-06 06:00:00,2.1359045146876934,360f1bcc-aa60-4052-a18a-b33da5745ff4,47.3595055,-121.5711045
2015-07-07 06:00:00,4.161768744542049,360f1bcc-aa60-4052-a18a-b33da5745ff4,47.3595055,-121.5711045
2015-07-08 06:00:00,2.5800178389263966,360f1bcc-aa60-4052-a18a-b33da5745ff4,47.3595055,-121.5711045
2015-07-09 06:00:00,3.2826767049284067,360f1bcc-aa60-4052-a18a-b33da5745ff4,47.3595055,-121.5711045
2015-07-10 06:00:00,5.0613085485931135,360f1bcc-aa60-4052-a18a-b33da5745ff4,47.3595055,-121.5711045
2015-07-11 06:00:00,4.747453680609027,360f1bcc-aa60-4052-a18a-b33da5745ff4,47.3595055,-121.5711045
2015-07-12 06:00:00,2.895837947242281,360f1bcc-aa60-4052-a18a-b33da5745ff4,47.3595055,-121.5711045
2015-07-13 06:00:00,3.8052887441765555,360f1bcc-aa60-4052-a18a-b33da5745ff4,47.3595055,-121.5711045
2015-07-14 06:00:00,4.058007647440983,360f1bcc-aa60-4052-a18a-b33da5745ff4,47.3595055,-121.5711045
2015-07-15 06:00:00,4.892250920157148,360f1bcc-aa60-4052-a18a-b33da5745ff4,47.3595055,-121.5711045
2015-07-16 06:00:00,5.539157626975296,360f1bcc-aa60-4052-a18a-b33da5745ff4,47.3595055,-121.5711045
2015-07-17 06:00:00,4.067051609968528,360f1bcc-aa60-4052-a18a-b33da5745ff4,47.3595055,-121.5711045
2015-07-18 06:00:00,2.618032561815702,360f1bcc-aa60-4052-a18a-b33da5745ff4,47.3595055,-121.5711045
2015-07-19 06:00:00,3.4998091371650375,360f1bcc-aa60-4052-a18a-b33da5745ff4,47.3595055,-121.5711045
2015-07-20 06:00:00,4.739386410590931,360f1bcc-aa60-4052-a18a-b33da5745ff4,47.3595055,-121.5711045
2015-07-21 06:00:00,4.785314964636778,360f1bcc-aa60-4052-a18a-b33da5745ff4,47.3595055,-121.5711045
2015-07-22 06:00:00,4.987951618993384,360f1bcc-aa60-4052-a18a-b33da5745ff4,47.3595055,-121.5711045
2015-07-23 06:00:00,4.912180111550877,360f1bcc-aa60-4052-a18a-b33da5745ff4,47.3595055,-121.5711045
2015-07-24 06:00:00,4.2828618159660925,360f1bcc-aa60-4052-a18a-b33da5745ff4,47.3595055,-121.5711045
2015-07-25 06:00:00,3.6733963450814926,360f1bcc-aa60-4052-a18a-b33da5745ff4,47.3595055,-121.5711045
2015-07-26 06:00:00,4.370032031719501,360f1bcc-aa60-4052-a18a-b33da5745ff4,47.3595055,-121.5711045
2015-07-27 06:00:00,5.3741067283173924,360f1bcc-aa60-4052-a18a-b33da5745ff4,47.3595055,-121.5711045
2015-07-28 06:00:00,4.468241562802568,360f1bcc-aa60-4052-a18a-b33da5745ff4,47.3595055,-121.5711045
2015-07-29 06:00:00,2.474764516007187,360f1bcc-aa60-4052-a18a-b33da5745ff4,47.3595055,-121.5711045
2015-07-30 06:00:00,2.4146275565155553,360f1bcc-aa60-4052-a18a-b33da5745ff4,47.3595055,-121.5711045
2015-07-31 06:00:00,1.8840120704764995,360f1bcc-aa60-4052-a18a-b33da5745ff4,47.3595055,-121.5711045
2015-08-01 06:00:00,3.0811046188713145,360f1bcc-aa60-4052-a18a-b33da5745ff4,47.3595055,-121.5711045
2015-08-02 06:00:00,3.3597484445979457,360f1bcc-aa60-4052-a18a-b33da5745ff4,47.3595055,-121.5711045
2015-08-03 06:00:00,3.648042087269644,360f1bcc-aa60-4052-a18a-b33da5745ff4,47.3595055,-121.5711045
2015-08-04 06:00:00,3.869425614878663,360f1bcc-aa60-4052-a18a-b33da5745ff4,47.3595055,-121.5711045
2015-08-05 06:00:00,4.937124387219422,360f1bcc-aa60-4052-a18a-b33da5745ff4,47.3595055,-121.5711045
2015-08-06 06:00:00,4.871457654186804,360f1bcc-aa60-4052-a18a-b33da5745ff4,47.3595055,-121.5711045
2015-08-07 06:00:00,2.8645096285730345,360f1bcc-aa60-4052-a18a-b33da5745ff4,47.3595055,-121.5711045
2015-08-08 06:00:00,4.030657373330532,360f1bcc-aa60-4052-a18a-b33da5745ff4,47.3595055,-121.5711045
2015-08-09 06:00:00,2.580324196407938,360f1bcc-aa60-4052-a18a-b33da5745ff4,47.3595055,-121.5711045
2015-08-10 06:00:00,2.0558340661546106,360f1bcc-aa60-4052-a18a-b33da5745ff4,47.3595055,-121.5711045
2015-08-11 06:00:00,3.09070309308859,360f1bcc-aa60-4052-a18a-b33da5745ff4,47.3595055,-121.5711045
2015-08-12 06:00:00,2.9554131094207117,360f1bcc-aa60-4052-a18a-b33da5745ff4,47.3595055,-121.5711045
2015-08-13 06:00:00,3.0063707245720757,360f1bcc-aa60-4052-a18a-b33da5745ff4,47.3595055,-121.5711045
2015-08-14 06:00:00,3.3903899416964287,360f1bcc-aa60-4052-a18a-b33da5745ff4,47.3595055,-121.5711045
2015-08-15 06:00:00,5.086511490487646,360f1bcc-aa60-4052-a18a-b33da5745ff4,47.3595055,-121.5711045
2015-08-16 06:00:00,3.779034212308052,360f1bcc-aa60-4052-a18a-b33da5745ff4,47.3595055,-121.5711045
2015-08-17 06:00:00,3.568342715247065,360f1bcc-aa60-4052-a18a-b33da5745ff4,47.3595055,-121.5711045
2015-08-18 06:00:00,3.0819695794684256,360f1bcc-aa60-4052-a18a-b33da5745ff4,47.3595055,-121.5711045
2015-08-19 06:00:00,2.558874709382016,360f1bcc-aa60-4052-a18a-b33da5745ff4,47.3595055,-121.5711045
2015-08-20 06:00:00,5.128403276459785,360f1bcc-aa60-4052-a18a-b33da5745ff4,47.3595055,-121.5711045
2015-08-21 06:00:00,5.926867150445271,360f1bcc-aa60-4052-a18a-b33da5745ff4,47.3595055,-121.5711045
2015-08-22 06:00:00,4.506085214859401,360f1bcc-aa60-4052-a18a-b33da5745ff4,47.3595055,-121.5711045
2015-08-23 06:00:00,3.6319017593677234,360f1bcc-aa60-4052-a18a-b33da5745ff4,47.3595055,-121.5711045
2015-08-24 06:00:00,3.7808367596732255,360f1bcc-aa60-4052-a18a-b33da5745ff4,47.3595055,-121.5711045
2015-08-25 06:00:00,3.15625150427859,360f1bcc-aa60-4052-a18a-b33da5745ff4,47.3595055,-121.5711045
2015-08-26 06:00:00,2.571643399580932,360f1bcc-aa60-4052-a18a-b33da5745ff4,47.3595055,-121.5711045
2015-08-27 06:00:00,3.8887708185065506,360f1bcc-aa60-4052-a18a-b33da5745ff4,47.3595055,-121.5711045
2015-08-28 06:00:00,3.5480373686195446,360f1bcc-aa60-4052-a18a-b33da5745ff4,47.3595055,-121.5711045
2015-08-29 06:00:00,4.937127947195984,360f1bcc-aa60-4052-a18a-b33da5745ff4,47.3595055,-121.5711045
2015-08-30 06:00:00,4.20812793144813,360f1bcc-aa60-4052-a18a-b33da5745ff4,47.3595055,-121.5711045
2015-08-31 06:00:00,3.4138783491574802,360f1bcc-aa60-4052-a18a-b33da5745ff4,47.3595055,-121.5711045
2015-09-01 06:00:00,3.201270874952659,360f1bcc-aa60-4052-a18a-b33da5745ff4,47.3595055,-121.5711045
2015-09-02 06:00:00,3.9387640769665055,360f1bcc-aa60-4052-a18a-b33da5745ff4,47.3595055,-121.5711045
2015-09-03 06:00:00,3.765137847264608,360f1bcc-aa60-4052-a18a-b33da5745ff4,47.3595055,-121.5711045
2015-09-04 06:00:00,3.1911911725997926,360f1bcc-aa60-4052-a18a-b33da5745ff4,47.3595055,-121.5711045
2015-09-05 06:00:00,5.89808136866643,360f1bcc-aa60-4052-a18a-b33da5745ff4,47.3595055,-121.5711045
2015-09-06 06:00:00,3.1927366144636764,360f1bcc-aa60-4052-a18a-b33da5745ff4,47.3595055,-121.5711045
2015-09-07 06:00:00,3.2846791837969396,360f1bcc-aa60-4052-a18a-b33da5745ff4,47.3595055,-121.5711045
2015-09-08 06:00:00,3.090857031202724,360f1bcc-aa60-4052-a18a-b33da5745ff4,47.3595055,-121.5711045
2015-09-09 06:00:00,3.0401340394957455,360f1bcc-aa60-4052-a18a-b33da5745ff4,47.3595055,-121.5711045
2015-09-10 06:00:00,3.8200819492340083,360f1bcc-aa60-4052-a18a-b33da5745ff4,47.3595055,-121.5711045
2015-09-11 06:00:00,4.1552406712474985,360f1bcc-aa60-4052-a18a-b33da5745ff4,47.3595055,-121.5711045
2015-09-12 06:00:00,2.2701726662806982,360f1bcc-aa60-4052-a18a-b33da5745ff4,47.3595055,-121.5711045
2015-09-13 06:00:00,5.356433115250025,360f1bcc-aa60-4052-a18a-b33da5745ff4,47.3595055,-121.5711045
2015-09-14 06:00:00,3.979435834110293,360f1bcc-aa60-4052-a18a-b33da5745ff4,47.3595055,-121.5711045
2015-09-15 06:00:00,3.9569068949446726,360f1bcc-aa60-4052-a18a-b33da5745ff4,47.3595055,-121.5711045
2015-09-16 06:00:00,2.046381203944866,360f1bcc-aa60-4052-a18a-b33da5745ff4,47.3595055,-121.5711045
2015-09-17 06:00:00,3.0277247263835028,360f1bcc-aa60-4052-a18a-b33da5745ff4,47.3595055,-121.5711045
2015-09-18 06:00:00,2.3675473170402723,360f1bcc-aa60-4052-a18a-b33da5745ff4,47.3595055,-121.5711045
2015-09-19 06:00:00,3.2280557175986786,360f1bcc-aa60-4052-a18a-b33da5745ff4,47.3595055,-121.5711045
2015-09-20 06:00:00,4.1196135696182905,360f1bcc-aa60-4052-a18a-b33da5745ff4,47.3595055,-121.5711045
2015-09-21 06:00:00,4.1043927294576275,360f1bcc-aa60-4052-a18a-b33da5745ff4,47.3595055,-121.5711045
2015-09-22 06:00:00,4.154592860254467,360f1bcc-aa60-4052-a18a-b33da5745ff4,47.3595055,-121.5711045
2015-09-23 06:00:00,3.311572950925583,360f1bcc-aa60-4052-a18a-b33da5745ff4,47.3595055,-121.5711045
2015-09-24 06:00:00,3.0614049834063928,360f1bcc-aa60-4052-a18a-b33da5745ff4,47.3595055,-121.5711045
2015-09-25 06:00:00,3.110557303061852,360f1bcc-aa60-4052-a18a-b33da5745ff4,47.3595055,-121.5711045
2015-09-26 06:00:00,4.550236950980293,360f1bcc-aa60-4052-a18a-b33da5745ff4,47.3595055,-121.5711045
2015-09-27 06:00:00,3.071884289358416,360f1bcc-aa60-4052-a18a-b33da5745ff4,47.3595055,-121.5711045
2015-09-28 06:00:00,4.654202133977515,360f1bcc-aa60-4052-a18a-b33da5745ff4,47.3595055,-121.5711045
2015-09-29 06:00:00,3.8382946069423967,360f1bcc-aa60-4052-a18a-b33da5745ff4,47.3595055,-121.5711045
2015-09-30 06:00:00,1.6367884638981944,360f1bcc-aa60-4052-a18a-b33da5745ff4,47.3595055,-121.5711045
2015-10-01 06:00:00,3.2436510053455323,360f1bcc-aa60-4052-a18a-b33da5745ff4,47.3595055,-121.5711045
2015-10-02 06:00:00,5.135768612429628,360f1bcc-aa60-4052-a18a-b33da5745ff4,47.3595055,-121.5711045
2015-10-03 06:00:00,4.649412784820948,360f1bcc-aa60-4052-a18a-b33da5745ff4,47.3595055,-121.5711045
2015-10-04 06:00:00,3.8703018671427016,360f1bcc-aa60-4052-a18a-b33da5745ff4,47.3595055,-121.5711045
2015-10-05 06:00:00,4.66144754540207,360f1bcc-aa60-4052-a18a-b33da5745ff4,47.3595055,-121.5711045
2015-10-06 06:00:00,3.796580615206662,360f1bcc-aa60-4052-a18a-b33da5745ff4,47.3595055,-121.5711045
2015-10-07 06:00:00,2.282873744638557,360f1bcc-aa60-4052-a18a-b33da5745ff4,47.3595055,-121.5711045
2015-10-08 06:00:00,3.193183962504069,360f1bcc-aa60-4052-a18a-b33da5745ff4,47.3595055,-121.5711045
2015-10-09 06:00:00,3.7759405594605666,360f1bcc-aa60-4052-a18a-b33da5745ff4,47.3595055,-121.5711045
2015-10-10 06:00:00,3.8888640473031595,360f1bcc-aa60-4052-a18a-b33da5745ff4,47.3595055,-121.5711045
2015-10-11 06:00:00,4.500153369985075,360f1bcc-aa60-4052-a18a-b33da5745ff4,47.3595055,-121.5711045
2015-10-12 06:00:00,3.1521695644427568,360f1bcc-aa60-4052-a18a-b33da5745ff4,47.3595055,-121.5711045
2015-10-13 06:00:00,4.004657698085165,360f1bcc-aa60-4052-a18a-b33da5745ff4,47.3595055,-121.5711045
2015-10-14 06:00:00,3.8835982991080003,360f1bcc-aa60-4052-a18a-b33da5745ff4,47.3595055,-121.5711045
2015-10-15 06:00:00,6.87282884019053,360f1bcc-aa60-4052-a18a-b33da5745ff4,47.3595055,-121.5711045
2015-10-16 06:00:00,5.637067815585014,360f1bcc-aa60-4052-a18a-b33da5745ff4,47.3595055,-121.5711045
2015-10-17 06:00:00,3.068160527995509,360f1bcc-aa60-4052-a18a-b33da5745ff4,47.3595055,-121.5711045
2015-10-18 06:00:00,3.659902321986663,360f1bcc-aa60-4052-a18a-b33da5745ff4,47.3595055,-121.5711045
2015-10-19 06:00:00,3.6795812152389784,360f1bcc-aa60-4052-a18a-b33da5745ff4,47.3595055,-121.5711045
2015-10-20 06:00:00,3.9487916630557467,360f1bcc-aa60-4052-a18a-b33da5745ff4,47.3595055,-121.5711045
2015-10-21 06:00:00,2.9272198477361955,360f1bcc-aa60-4052-a18a-b33da5745ff4,47.3595055,-121.5711045
2015-10-22 06:00:00,3.679998503994738,360f1bcc-aa60-4052-a18a-b33da5745ff4,47.3595055,-121.5711045
2015-10-23 06:00:00,3.153880102614053,360f1bcc-aa60-4052-a18a-b33da5745ff4,47.3595055,-121.5711045
2015-10-24 06:00:00,4.364225959981609,360f1bcc-aa60-4052-a18a-b33da5745ff4,47.3595055,-121.5711045
2015-10-25 06:00:00,4.918980673439481,360f1bcc-aa60-4052-a18a-b33da5745ff4,47.3595055,-121.5711045
2015-10-26 06:00:00,3.2734818230327383,360f1bcc-aa60-4052-a18a-b33da5745ff4,47.3595055,-121.5711045
2015-10-27 06:00:00,3.561864143559057,360f1bcc-aa60-4052-a18a-b33da5745ff4,47.3595055,-121.5711045
2015-10-28 06:00:00,2.9467620802740773,360f1bcc-aa60-4052-a18a-b33da5745ff4,47.3595055,-121.5711045
2015-10-29 06:00:00,4.165389077683799,360f1bcc-aa60-4052-a18a-b33da5745ff4,47.3595055,-121.5711045
2015-10-30 06:00:00,5.834126132573837,360f1bcc-aa60-4052-a18a-b33da5745ff4,47.3595055,-121.5711045
2015-10-31 06:00:00,6.612269882462983,360f1bcc-aa60-4052-a18a-b33da5745ff4,47.3595055,-121.5711045
2015-11-01 06:00:00,6.468587242843759,360f1bcc-aa60-4052-a18a-b33da5745ff4,47.3595055,-121.5711045
2015-11-02 06:00:00,3.968806140239422,360f1bcc-aa60-4052-a18a-b33da5745ff4,47.3595055,-121.5711045
2015-11-03 06:00:00,4.135630264649025,360f1bcc-aa60-4052-a18a-b33da5745ff4,47.3595055,-121.5711045
2015-11-04 06:00:00,3.724038975259178,360f1bcc-aa60-4052-a18a-b33da5745ff4,47.3595055,-121.5711045
2015-11-05 06:00:00,3.5844150347587402,360f1bcc-aa60-4052-a18a-b33da5745ff4,47.3595055,-121.5711045
2015-11-06 06:00:00,2.674174874053042,360f1bcc-aa60-4052-a18a-b33da5745ff4,47.3595055,-121.5711045
2015-11-07 06:00:00,3.08935795971471,360f1bcc-aa60-4052-a18a-b33da5745ff4,47.3595055,-121.5711045
2015-11-08 06:00:00,2.119334470716297,360f1bcc-aa60-4052-a18a-b33da5745ff4,47.3595055,-121.5711045
2015-11-09 06:00:00,2.57630770349095,360f1bcc-aa60-4052-a18a-b33da5745ff4,47.3595055,-121.5711045
2015-11-10 06:00:00,3.7492286038194966,360f1bcc-aa60-4052-a18a-b33da5745ff4,47.3595055,-121.5711045
2015-11-11 06:00:00,6.398101621611506,360f1bcc-aa60-4052-a18a-b33da5745ff4,47.3595055,-121.5711045
2015-11-12 06:00:00,3.136866312556797,360f1bcc-aa60-4052-a18a-b33da5745ff4,47.3595055,-121.5711045
2015-11-13 06:00:00,6.671783800206634,360f1bcc-aa60-4052-a18a-b33da5745ff4,47.3595055,-121.5711045
2015-11-14 06:00:00,3.2798826231915728,360f1bcc-aa60-4052-a18a-b33da5745ff4,47.3595055,-121.5711045
2015-11-15 06:00:00,4.322718575061896,360f1bcc-aa60-4052-a18a-b33da5745ff4,47.3595055,-121.5711045
2015-11-16 06:00:00,5.037125974638849,360f1bcc-aa60-4052-a18a-b33da5745ff4,47.3595055,-121.5711045
2015-11-17 06:00:00,10.130194916684403,360f1bcc-aa60-4052-a18a-b33da5745ff4,47.3595055,-121.5711045
2015-11-18 06:00:00,7.624349501194098,360f1bcc-aa60-4052-a18a-b33da5745ff4,47.3595055,-121.5711045
2015-11-19 06:00:00,2.473666629832015,360f1bcc-aa60-4052-a18a-b33da5745ff4,47.3595055,-121.5711045
2015-11-20 06:00:00,4.546017788210485,360f1bcc-aa60-4052-a18a-b33da5745ff4,47.3595055,-121.5711045
2015-11-21 06:00:00,5.804734481501784,360f1bcc-aa60-4052-a18a-b33da5745ff4,47.3595055,-121.5711045
2015-11-22 06:00:00,4.177370506066543,360f1bcc-aa60-4052-a18a-b33da5745ff4,47.3595055,-121.5711045
2015-11-23 06:00:00,3.1388024809014086,360f1bcc-aa60-4052-a18a-b33da5745ff4,47.3595055,-121.5711045
2015-11-24 06:00:00,2.7995728401037363,360f1bcc-aa60-4052-a18a-b33da5745ff4,47.3595055,-121.5711045
2015-11-25 06:00:00,3.6336876657274035,360f1bcc-aa60-4052-a18a-b33da5745ff4,47.3595055,-121.5711045
2015-11-26 06:00:00,4.764896458845873,360f1bcc-aa60-4052-a18a-b33da5745ff4,47.3595055,-121.5711045
2015-11-27 06:00:00,4.169642275011438,360f1bcc-aa60-4052-a18a-b33da5745ff4,47.3595055,-121.5711045
2015-11-28 06:00:00,4.682982838459504,360f1bcc-aa60-4052-a18a-b33da5745ff4,47.3595055,-121.5711045
2015-11-29 06:00:00,4.239335201133011,360f1bcc-aa60-4052-a18a-b33da5745ff4,47.3595055,-121.5711045
2015-11-30 06:00:00,3.9639723150139186,360f1bcc-aa60-4052-a18a-b33da5745ff4,47.3595055,-121.5711045
2015-12-01 06:00:00,4.580043870567257,360f1bcc-aa60-4052-a18a-b33da5745ff4,47.3595055,-121.5711045
2015-12-02 06:00:00,5.115155076980591,360f1bcc-aa60-4052-a18a-b33da5745ff4,47.3595055,-121.5711045
2015-12-03 06:00:00,9.10200885625986,360f1bcc-aa60-4052-a18a-b33da5745ff4,47.3595055,-121.5711045
2015-12-04 06:00:00,3.621455876236288,360f1bcc-aa60-4052-a18a-b33da5745ff4,47.3595055,-121.5711045
2015-12-05 06:00:00,4.90196767423907,360f1bcc-aa60-4052-a18a-b33da5745ff4,47.3595055,-121.5711045
2015-12-06 06:00:00,4.849680785643749,360f1bcc-aa60-4052-a18a-b33da5745ff4,47.3595055,-121.5711045
2015-12-07 06:00:00,2.9164618710167387,360f1bcc-aa60-4052-a18a-b33da5745ff4,47.3595055,-121.5711045
2015-12-08 06:00:00,5.278615447394868,360f1bcc-aa60-4052-a18a-b33da5745ff4,47.3595055,-121.5711045
2015-12-09 06:00:00,7.108491196184076,360f1bcc-aa60-4052-a18a-b33da5745ff4,47.3595055,-121.5711045
2015-12-10 06:00:00,7.322502081210796,360f1bcc-aa60-4052-a18a-b33da5745ff4,47.3595055,-121.5711045
2015-12-11 06:00:00,3.8331594744299204,360f1bcc-aa60-4052-a18a-b33da5745ff4,47.3595055,-121.5711045
2015-12-12 06:00:00,3.381151969004901,360f1bcc-aa60-4052-a18a-b33da5745ff4,47.3595055,-121.5711045
2015-12-13 06:00:00,6.018345835677579,360f1bcc-aa60-4052-a18a-b33da5745ff4,47.3595055,-121.5711045
2015-12-14 06:00:00,5.524970350510034,360f1bcc-aa60-4052-a18a-b33da5745ff4,47.3595055,-121.5711045
2015-12-15 06:00:00,3.6265178684495454,360f1bcc-aa60-4052-a18a-b33da5745ff4,47.3595055,-121.5711045
2015-12-16 06:00:00,4.479118943825746,360f1bcc-aa60-4052-a18a-b33da5745ff4,47.3595055,-121.5711045
2015-12-17 06:00:00,7.8241062258043845,360f1bcc-aa60-4052-a18a-b33da5745ff4,47.3595055,-121.5711045
2015-12-18 06:00:00,5.365091264349783,360f1bcc-aa60-4052-a18a-b33da5745ff4,47.3595055,-121.5711045
2015-12-19 06:00:00,2.4714251444889954,360f1bcc-aa60-4052-a18a-b33da5745ff4,47.3595055,-121.5711045
2015-12-20 06:00:00,3.73186689768082,360f1bcc-aa60-4052-a18a-b33da5745ff4,47.3595055,-121.5711045
2015-12-21 06:00:00,4.080111524182507,360f1bcc-aa60-4052-a18a-b33da5745ff4,47.3595055,-121.5711045
2015-12-22 06:00:00,6.238960419353257,360f1bcc-aa60-4052-a18a-b33da5745ff4,47.3595055,-121.5711045
2015-12-23 06:00:00,5.30873698617658,360f1bcc-aa60-4052-a18a-b33da5745ff4,47.3595055,-121.5711045
2015-12-24 06:00:00,4.357689188688228,360f1bcc-aa60-4052-a18a-b33da5745ff4,47.3595055,-121.5711045
2015-12-25 06:00:00,2.9972718061544965,360f1bcc-aa60-4052-a18a-b33da5745ff4,47.3595055,-121.5711045
2015-12-26 06:00:00,3.5829432002499573,360f1bcc-aa60-4052-a18a-b33da5745ff4,47.3595055,-121.5711045
2015-12-27 06:00:00,6.029617647839408,360f1bcc-aa60-4052-a18a-b33da5745ff4,47.3595055,-121.5711045
2015-12-28 06:00:00,3.345813089965755,360f1bcc-aa60-4052-a18a-b33da5745ff4,47.3595055,-121.5711045
2015-12-29 06:00:00,2.3360577116664665,360f1bcc-aa60-4052-a18a-b33da5745ff4,47.3595055,-121.5711045
2015-12-30 06:00:00,3.765383274331053,360f1bcc-aa60-4052-a18a-b33da5745ff4,47.3595055,-121.5711045
2015-12-31 06:00:00,7.192096619320731,360f1bcc-aa60-4052-a18a-b33da5745ff4,47.3595055,-121.5711045
2016-01-01 06:00:00,8.153979788886177,360f1bcc-aa60-4052-a18a-b33da5745ff4,47.3595055,-121.5711045
2016-01-02 06:00:00,7.961580662849624,360f1bcc-aa60-4052-a18a-b33da5745ff4,47.3595055,-121.5711045
2016-01-03 06:00:00,9.907529553796492,360f1bcc-aa60-4052-a18a-b33da5745ff4,47.3595055,-121.5711045
2016-01-04 06:00:00,5.575735724685538,360f1bcc-aa60-4052-a18a-b33da5745ff4,47.3595055,-121.5711045
2016-01-05 06:00:00,6.738974525174525,360f1bcc-aa60-4052-a18a-b33da5745ff4,47.3595055,-121.5711045
2016-01-06 06:00:00,3.99120212334853,360f1bcc-aa60-4052-a18a-b33da5745ff4,47.3595055,-121.5711045
2016-01-07 06:00:00,1.893775121880393,360f1bcc-aa60-4052-a18a-b33da5745ff4,47.3595055,-121.5711045
2016-01-08 06:00:00,2.771517172022762,360f1bcc-aa60-4052-a18a-b33da5745ff4,47.3595055,-121.5711045
2016-01-09 06:00:00,5.501615429739667,360f1bcc-aa60-4052-a18a-b33da5745ff4,47.3595055,-121.5711045
2016-01-10 06:00:00,5.115480183332395,360f1bcc-aa60-4052-a18a-b33da5745ff4,47.3595055,-121.5711045
2016-01-11 06:00:00,4.772546332514184,360f1bcc-aa60-4052-a18a-b33da5745ff4,47.3595055,-121.5711045
2016-01-12 06:00:00,6.837025090160535,360f1bcc-aa60-4052-a18a-b33da5745ff4,47.3595055,-121.5711045
2016-01-13 06:00:00,4.71134894648169,360f1bcc-aa60-4052-a18a-b33da5745ff4,47.3595055,-121.5711045
2016-01-14 06:00:00,3.7797489720532016,360f1bcc-aa60-4052-a18a-b33da5745ff4,47.3595055,-121.5711045
2016-01-15 06:00:00,3.0096328366515985,360f1bcc-aa60-4052-a18a-b33da5745ff4,47.3595055,-121.5711045
2016-01-16 06:00:00,4.85284966322092,360f1bcc-aa60-4052-a18a-b33da5745ff4,47.3595055,-121.5711045
2016-01-17 06:00:00,4.273122905665994,360f1bcc-aa60-4052-a18a-b33da5745ff4,47.3595055,-121.5711045
2016-01-18 06:00:00,3.705973195010781,360f1bcc-aa60-4052-a18a-b33da5745ff4,47.3595055,-121.5711045
2016-01-19 06:00:00,3.796594657449641,360f1bcc-aa60-4052-a18a-b33da5745ff4,47.3595055,-121.5711045
2016-01-20 06:00:00,5.3122374815818585,360f1bcc-aa60-4052-a18a-b33da5745ff4,47.3595055,-121.5711045
2016-01-21 06:00:00,6.770980314923149,360f1bcc-aa60-4052-a18a-b33da5745ff4,47.3595055,-121.5711045
2016-01-22 06:00:00,3.777254125807021,360f1bcc-aa60-4052-a18a-b33da5745ff4,47.3595055,-121.5711045
2016-01-23 06:00:00,4.225487147640979,360f1bcc-aa60-4052-a18a-b33da5745ff4,47.3595055,-121.5711045
2016-01-24 06:00:00,2.134028228429648,360f1bcc-aa60-4052-a18a-b33da5745ff4,47.3595055,-121.5711045
2016-01-25 06:00:00,3.3230462090581914,360f1bcc-aa60-4052-a18a-b33da5745ff4,47.3595055,-121.5711045
2016-01-26 06:00:00,2.9326964657530827,360f1bcc-aa60-4052-a18a-b33da5745ff4,47.3595055,-121.5711045
2016-01-27 06:00:00,3.590398099687365,360f1bcc-aa60-4052-a18a-b33da5745ff4,47.3595055,-121.5711045
2016-01-28 06:00:00,4.403785416203688,360f1bcc-aa60-4052-a18a-b33da5745ff4,47.3595055,-121.5711045
2016-01-29 06:00:00,5.6116415777777,360f1bcc-aa60-4052-a18a-b33da5745ff4,47.3595055,-121.5711045
2016-01-30 06:00:00,3.1634017013077047,360f1bcc-aa60-4052-a18a-b33da5745ff4,47.3595055,-121.5711045
2016-01-31 06:00:00,2.979826814700396,360f1bcc-aa60-4052-a18a-b33da5745ff4,47.3595055,-121.5711045
2016-02-01 06:00:00,3.257915818793142,360f1bcc-aa60-4052-a18a-b33da5745ff4,47.3595055,-121.5711045
2016-02-02 06:00:00,2.248413628186935,360f1bcc-aa60-4052-a18a-b33da5745ff4,47.3595055,-121.5711045
2016-02-03 06:00:00,4.968162245628162,360f1bcc-aa60-4052-a18a-b33da5745ff4,47.3595055,-121.5711045
2016-02-04 06:00:00,3.7495579935546615,360f1bcc-aa60-4052-a18a-b33da5745ff4,47.3595055,-121.5711045
2016-02-05 06:00:00,4.025514178805882,360f1bcc-aa60-4052-a18a-b33da5745ff4,47.3595055,-121.5711045
2016-02-06 06:00:00,3.6395487277935707,360f1bcc-aa60-4052-a18a-b33da5745ff4,47.3595055,-121.5711045
2016-02-07 06:00:00,3.6582032664209354,360f1bcc-aa60-4052-a18a-b33da5745ff4,47.3595055,-121.5711045
2016-02-08 06:00:00,4.642313757105771,360f1bcc-aa60-4052-a18a-b33da5745ff4,47.3595055,-121.5711045
2016-02-09 06:00:00,5.522161762123434,360f1bcc-aa60-4052-a18a-b33da5745ff4,47.3595055,-121.5711045
2016-02-10 06:00:00,3.3569041235834107,360f1bcc-aa60-4052-a18a-b33da5745ff4,47.3595055,-121.5711045
2016-02-11 06:00:00,5.664581341621203,360f1bcc-aa60-4052-a18a-b33da5745ff4,47.3595055,-121.5711045
2016-02-12 06:00:00,3.898341392044328,360f1bcc-aa60-4052-a18a-b33da5745ff4,47.3595055,-121.5711045
2016-02-13 06:00:00,3.5353365032081934,360f1bcc-aa60-4052-a18a-b33da5745ff4,47.3595055,-121.5711045
2016-02-14 06:00:00,5.03083223399953,360f1bcc-aa60-4052-a18a-b33da5745ff4,47.3595055,-121.5711045
2016-02-15 06:00:00,6.260007890065513,360f1bcc-aa60-4052-a18a-b33da5745ff4,47.3595055,-121.5711045
2016-02-16 06:00:00,2.8169170893155613,360f1bcc-aa60-4052-a18a-b33da5745ff4,47.3595055,-121.5711045
2016-02-17 06:00:00,4.504412447693002,360f1bcc-aa60-4052-a18a-b33da5745ff4,47.3595055,-121.5711045
2016-02-18 06:00:00,2.648058131821135,360f1bcc-aa60-4052-a18a-b33da5745ff4,47.3595055,-121.5711045
2016-02-19 06:00:00,4.257285380159688,360f1bcc-aa60-4052-a18a-b33da5745ff4,47.3595055,-121.5711045
2016-02-20 06:00:00,3.1491494572060743,360f1bcc-aa60-4052-a18a-b33da5745ff4,47.3595055,-121.5711045
2016-02-21 06:00:00,5.749521469866108,360f1bcc-aa60-4052-a18a-b33da5745ff4,47.3595055,-121.5711045
2016-02-22 06:00:00,2.506463363231757,360f1bcc-aa60-4052-a18a-b33da5745ff4,47.3595055,-121.5711045
2016-02-23 06:00:00,7.528987617166633,360f1bcc-aa60-4052-a18a-b33da5745ff4,47.3595055,-121.5711045
2016-02-24 06:00:00,3.444144202501346,360f1bcc-aa60-4052-a18a-b33da5745ff4,47.3595055,-121.5711045
2016-02-25 06:00:00,4.992645451146313,360f1bcc-aa60-4052-a18a-b33da5745ff4,47.3595055,-121.5711045
2016-02-26 06:00:00,4.37901472107977,360f1bcc-aa60-4052-a18a-b33da5745ff4,47.3595055,-121.5711045
2016-02-27 06:00:00,3.3128758163533663,360f1bcc-aa60-4052-a18a-b33da5745ff4,47.3595055,-121.5711045
2016-02-28 06:00:00,6.1317910520439485,360f1bcc-aa60-4052-a18a-b33da5745ff4,47.3595055,-121.5711045
2016-02-29 06:00:00,3.380318518581553,360f1bcc-aa60-4052-a18a-b33da5745ff4,47.3595055,-121.5711045
2016-03-01 06:00:00,6.39141176745423,360f1bcc-aa60-4052-a18a-b33da5745ff4,47.3595055,-121.5711045
2016-03-02 06:00:00,5.2042940017504575,360f1bcc-aa60-4052-a18a-b33da5745ff4,47.3595055,-121.5711045
2016-03-03 06:00:00,3.163663066350497,360f1bcc-aa60-4052-a18a-b33da5745ff4,47.3595055,-121.5711045
2016-03-04 06:00:00,5.934043472648687,360f1bcc-aa60-4052-a18a-b33da5745ff4,47.3595055,-121.5711045
2016-03-05 06:00:00,6.208100794930744,360f1bcc-aa60-4052-a18a-b33da5745ff4,47.3595055,-121.5711045
2016-03-06 06:00:00,4.632495194622593,360f1bcc-aa60-4052-a18a-b33da5745ff4,47.3595055,-121.5711045
2016-03-07 06:00:00,4.452440408152395,360f1bcc-aa60-4052-a18a-b33da5745ff4,47.3595055,-121.5711045
2016-03-08 06:00:00,2.429548108068287,360f1bcc-aa60-4052-a18a-b33da5745ff4,47.3595055,-121.5711045
2016-03-09 06:00:00,7.283289681133042,360f1bcc-aa60-4052-a18a-b33da5745ff4,47.3595055,-121.5711045
2016-03-10 06:00:00,5.110828211776211,360f1bcc-aa60-4052-a18a-b33da5745ff4,47.3595055,-121.5711045
2016-03-11 06:00:00,5.386401690784681,360f1bcc-aa60-4052-a18a-b33da5745ff4,47.3595055,-121.5711045
2016-03-12 06:00:00,3.9179574783031756,360f1bcc-aa60-4052-a18a-b33da5745ff4,47.3595055,-121.5711045
2016-03-13 06:00:00,6.65103176842388,360f1bcc-aa60-4052-a18a-b33da5745ff4,47.3595055,-121.5711045
2016-03-14 06:00:00,4.110652772381775,360f1bcc-aa60-4052-a18a-b33da5745ff4,47.3595055,-121.5711045
2016-03-15 06:00:00,3.0958517942673125,360f1bcc-aa60-4052-a18a-b33da5745ff4,47.3595055,-121.5711045
2016-03-16 06:00:00,3.662360727073801,360f1bcc-aa60-4052-a18a-b33da5745ff4,47.3595055,-121.5711045
2016-03-17 06:00:00,5.82679377131992,360f1bcc-aa60-4052-a18a-b33da5745ff4,47.3595055,-121.5711045
2016-03-18 06:00:00,11.569949181874593,360f1bcc-aa60-4052-a18a-b33da5745ff4,47.3595055,-121.5711045
2016-03-19 06:00:00,6.533742182478946,360f1bcc-aa60-4052-a18a-b33da5745ff4,47.3595055,-121.5711045
2016-03-20 06:00:00,5.146076413912652,360f1bcc-aa60-4052-a18a-b33da5745ff4,47.3595055,-121.5711045
2016-03-21 06:00:00,3.9564116082639775,360f1bcc-aa60-4052-a18a-b33da5745ff4,47.3595055,-121.5711045
2016-03-22 06:00:00,5.611615238841782,360f1bcc-aa60-4052-a18a-b33da5745ff4,47.3595055,-121.5711045
2016-03-23 06:00:00,3.5179235969853195,360f1bcc-aa60-4052-a18a-b33da5745ff4,47.3595055,-121.5711045
2016-03-24 06:00:00,6.710599081332869,360f1bcc-aa60-4052-a18a-b33da5745ff4,47.3595055,-121.5711045
2016-03-25 06:00:00,3.953444958955814,360f1bcc-aa60-4052-a18a-b33da5745ff4,47.3595055,-121.5711045
2016-03-26 06:00:00,3.8294006932494993,360f1bcc-aa60-4052-a18a-b33da5745ff4,47.3595055,-121.5711045
2016-03-27 06:00:00,5.293534496503,360f1bcc-aa60-4052-a18a-b33da5745ff4,47.3595055,-121.5711045
2016-03-28 06:00:00,6.104113260904948,360f1bcc-aa60-4052-a18a-b33da5745ff4,47.3595055,-121.5711045
2016-03-29 06:00:00,2.9163642557258287,360f1bcc-aa60-4052-a18a-b33da5745ff4,47.3595055,-121.5711045
2016-03-30 06:00:00,1.7052269268239666,360f1bcc-aa60-4052-a18a-b33da5745ff4,47.3595055,-121.5711045
2016-03-31 06:00:00,2.6241741655219317,360f1bcc-aa60-4052-a18a-b33da5745ff4,47.3595055,-121.5711045
2016-04-01 06:00:00,2.204876406783732,360f1bcc-aa60-4052-a18a-b33da5745ff4,47.3595055,-121.5711045
2016-04-02 06:00:00,3.907097724156502,360f1bcc-aa60-4052-a18a-b33da5745ff4,47.3595055,-121.5711045
2016-04-03 06:00:00,1.8610016476394782,360f1bcc-aa60-4052-a18a-b33da5745ff4,47.3595055,-121.5711045
2016-04-04 06:00:00,6.4006973987970595,360f1bcc-aa60-4052-a18a-b33da5745ff4,47.3595055,-121.5711045
2016-04-05 06:00:00,3.130898130449475,360f1bcc-aa60-4052-a18a-b33da5745ff4,47.3595055,-121.5711045
2016-04-06 06:00:00,2.021065538051801,360f1bcc-aa60-4052-a18a-b33da5745ff4,47.3595055,-121.5711045
2016-04-07 06:00:00,6.34546466240516,360f1bcc-aa60-4052-a18a-b33da5745ff4,47.3595055,-121.5711045
2016-04-08 06:00:00,3.134123521380954,360f1bcc-aa60-4052-a18a-b33da5745ff4,47.3595055,-121.5711045
2016-04-09 06:00:00,4.17308398882548,360f1bcc-aa60-4052-a18a-b33da5745ff4,47.3595055,-121.5711045
2016-04-10 06:00:00,2.839587722476731,360f1bcc-aa60-4052-a18a-b33da5745ff4,47.3595055,-121.5711045
2016-04-11 06:00:00,3.8797407814580156,360f1bcc-aa60-4052-a18a-b33da5745ff4,47.3595055,-121.5711045
2016-04-12 06:00:00,3.317414325119084,360f1bcc-aa60-4052-a18a-b33da5745ff4,47.3595055,-121.5711045
2016-04-13 06:00:00,3.2494875706159156,360f1bcc-aa60-4052-a18a-b33da5745ff4,47.3595055,-121.5711045
2016-04-14 06:00:00,3.5481610925788556,360f1bcc-aa60-4052-a18a-b33da5745ff4,47.3595055,-121.5711045
2016-04-15 06:00:00,4.679764100017711,360f1bcc-aa60-4052-a18a-b33da5745ff4,47.3595055,-121.5711045
2016-04-16 06:00:00,3.8203468620267698,360f1bcc-aa60-4052-a18a-b33da5745ff4,47.3595055,-121.5711045
2016-04-17 06:00:00,7.618835984336006,360f1bcc-aa60-4052-a18a-b33da5745ff4,47.3595055,-121.5711045
2016-04-18 06:00:00,5.874426955850715,360f1bcc-aa60-4052-a18a-b33da5745ff4,47.3595055,-121.5711045
2016-04-19 06:00:00,2.3266312146798156,360f1bcc-aa60-4052-a18a-b33da5745ff4,47.3595055,-121.5711045
2016-04-20 06:00:00,3.8389689272285525,360f1bcc-aa60-4052-a18a-b33da5745ff4,47.3595055,-121.5711045
2016-04-21 06:00:00,2.6833960918279796,360f1bcc-aa60-4052-a18a-b33da5745ff4,47.3595055,-121.5711045
2016-04-22 06:00:00,2.9673888025120796,360f1bcc-aa60-4052-a18a-b33da5745ff4,47.3595055,-121.5711045
2016-04-23 06:00:00,4.867777413180751,360f1bcc-aa60-4052-a18a-b33da5745ff4,47.3595055,-121.5711045
2016-04-24 06:00:00,3.82558942228301,360f1bcc-aa60-4052-a18a-b33da5745ff4,47.3595055,-121.5711045
2016-04-25 06:00:00,5.748308380241069,360f1bcc-aa60-4052-a18a-b33da5745ff4,47.3595055,-121.5711045
2016-04-26 06:00:00,3.255872276909331,360f1bcc-aa60-4052-a18a-b33da5745ff4,47.3595055,-121.5711045
2016-04-27 06:00:00,3.386690402234722,360f1bcc-aa60-4052-a18a-b33da5745ff4,47.3595055,-121.5711045
2016-04-28 06:00:00,3.0981024177665386,360f1bcc-aa60-4052-a18a-b33da5745ff4,47.3595055,-121.5711045
2016-04-29 06:00:00,4.956025675830677,360f1bcc-aa60-4052-a18a-b33da5745ff4,47.3595055,-121.5711045
2016-04-30 06:00:00,4.079549981386234,360f1bcc-aa60-4052-a18a-b33da5745ff4,47.3595055,-121.5711045
2016-05-01 06:00:00,3.900347537057012,360f1bcc-aa60-4052-a18a-b33da5745ff4,47.3595055,-121.5711045
2016-05-02 06:00:00,4.603041867313222,360f1bcc-aa60-4052-a18a-b33da5745ff4,47.3595055,-121.5711045
2016-05-03 06:00:00,4.159087304783683,360f1bcc-aa60-4052-a18a-b33da5745ff4,47.3595055,-121.5711045
2016-05-04 06:00:00,2.9967958586847687,360f1bcc-aa60-4052-a18a-b33da5745ff4,47.3595055,-121.5711045
2016-05-05 06:00:00,3.1691608418766255,360f1bcc-aa60-4052-a18a-b33da5745ff4,47.3595055,-121.5711045
2016-05-06 06:00:00,2.8940024437048493,360f1bcc-aa60-4052-a18a-b33da5745ff4,47.3595055,-121.5711045
2016-05-07 06:00:00,3.81888997086093,360f1bcc-aa60-4052-a18a-b33da5745ff4,47.3595055,-121.5711045
2016-05-08 06:00:00,6.296525415192303,360f1bcc-aa60-4052-a18a-b33da5745ff4,47.3595055,-121.5711045
2016-05-09 06:00:00,7.077804622487125,360f1bcc-aa60-4052-a18a-b33da5745ff4,47.3595055,-121.5711045
2016-05-10 06:00:00,2.8063199552715337,360f1bcc-aa60-4052-a18a-b33da5745ff4,47.3595055,-121.5711045
2016-05-11 06:00:00,1.8915370025186458,360f1bcc-aa60-4052-a18a-b33da5745ff4,47.3595055,-121.5711045
2016-05-12 06:00:00,2.1317210126126938,360f1bcc-aa60-4052-a18a-b33da5745ff4,47.3595055,-121.5711045
2016-05-13 06:00:00,5.160554744850876,360f1bcc-aa60-4052-a18a-b33da5745ff4,47.3595055,-121.5711045
2016-05-14 06:00:00,2.250983798809541,360f1bcc-aa60-4052-a18a-b33da5745ff4,47.3595055,-121.5711045
2016-05-15 06:00:00,4.127413804918272,360f1bcc-aa60-4052-a18a-b33da5745ff4,47.3595055,-121.5711045
2016-05-16 06:00:00,5.025343179702759,360f1bcc-aa60-4052-a18a-b33da5745ff4,47.3595055,-121.5711045
2016-05-17 06:00:00,4.110053411100664,360f1bcc-aa60-4052-a18a-b33da5745ff4,47.3595055,-121.5711045
2016-05-18 06:00:00,4.789181902877287,360f1bcc-aa60-4052-a18a-b33da5745ff4,47.3595055,-121.5711045
2016-05-19 06:00:00,4.982203005114173,360f1bcc-aa60-4052-a18a-b33da5745ff4,47.3595055,-121.5711045
2016-05-20 06:00:00,2.3919431555984367,360f1bcc-aa60-4052-a18a-b33da5745ff4,47.3595055,-121.5711045
2016-05-21 06:00:00,3.8333693231272905,360f1bcc-aa60-4052-a18a-b33da5745ff4,47.3595055,-121.5711045
2016-05-22 06:00:00,4.779439461536898,360f1bcc-aa60-4052-a18a-b33da5745ff4,47.3595055,-121.5711045
2016-05-23 06:00:00,4.527579138014052,360f1bcc-aa60-4052-a18a-b33da5745ff4,47.3595055,-121.5711045
2016-05-24 06:00:00,4.035751367837955,360f1bcc-aa60-4052-a18a-b33da5745ff4,47.3595055,-121.5711045
2016-05-25 06:00:00,4.6383153418190455,360f1bcc-aa60-4052-a18a-b33da5745ff4,47.3595055,-121.5711045
2016-05-26 06:00:00,4.972051715035724,360f1bcc-aa60-4052-a18a-b33da5745ff4,47.3595055,-121.5711045
2016-05-27 06:00:00,4.911814405164148,360f1bcc-aa60-4052-a18a-b33da5745ff4,47.3595055,-121.5711045
2016-05-28 06:00:00,2.6491012116782686,360f1bcc-aa60-4052-a18a-b33da5745ff4,47.3595055,-121.5711045
2016-05-29 06:00:00,4.1551041111986855,360f1bcc-aa60-4052-a18a-b33da5745ff4,47.3595055,-121.5711045
2016-05-30 06:00:00,2.0026673152915437,360f1bcc-aa60-4052-a18a-b33da5745ff4,47.3595055,-121.5711045
2016-05-31 06:00:00,4.647838195572552,360f1bcc-aa60-4052-a18a-b33da5745ff4,47.3595055,-121.5711045
2016-06-01 06:00:00,2.9768589995865136,360f1bcc-aa60-4052-a18a-b33da5745ff4,47.3595055,-121.5711045
2016-06-02 06:00:00,3.6337280715632647,360f1bcc-aa60-4052-a18a-b33da5745ff4,47.3595055,-121.5711045
2016-06-03 06:00:00,2.529604506900168,360f1bcc-aa60-4052-a18a-b33da5745ff4,47.3595055,-121.5711045
2016-06-04 06:00:00,4.699899913510706,360f1bcc-aa60-4052-a18a-b33da5745ff4,47.3595055,-121.5711045
2016-06-05 06:00:00,2.9518267761947765,360f1bcc-aa60-4052-a18a-b33da5745ff4,47.3595055,-121.5711045
2016-06-06 06:00:00,3.1134019647908007,360f1bcc-aa60-4052-a18a-b33da5745ff4,47.3595055,-121.5711045
2016-06-07 06:00:00,2.361611159438761,360f1bcc-aa60-4052-a18a-b33da5745ff4,47.3595055,-121.5711045
2016-06-08 06:00:00,4.0915943355641815,360f1bcc-aa60-4052-a18a-b33da5745ff4,47.3595055,-121.5711045
2016-06-09 06:00:00,2.0619588299694227,360f1bcc-aa60-4052-a18a-b33da5745ff4,47.3595055,-121.5711045
2016-06-10 06:00:00,2.481811310898545,360f1bcc-aa60-4052-a18a-b33da5745ff4,47.3595055,-121.5711045
2016-06-11 06:00:00,3.4535847564028876,360f1bcc-aa60-4052-a18a-b33da5745ff4,47.3595055,-121.5711045
2016-06-12 06:00:00,2.9838110866709653,360f1bcc-aa60-4052-a18a-b33da5745ff4,47.3595055,-121.5711045
2016-06-13 06:00:00,4.034859070411096,360f1bcc-aa60-4052-a18a-b33da5745ff4,47.3595055,-121.5711045
2016-06-14 06:00:00,3.321290042257717,360f1bcc-aa60-4052-a18a-b33da5745ff4,47.3595055,-121.5711045
2016-06-15 06:00:00,2.2105483970071518,360f1bcc-aa60-4052-a18a-b33da5745ff4,47.3595055,-121.5711045
2016-06-16 06:00:00,3.6109682127960734,360f1bcc-aa60-4052-a18a-b33da5745ff4,47.3595055,-121.5711045
2016-06-17 06:00:00,3.44843489879217,360f1bcc-aa60-4052-a18a-b33da5745ff4,47.3595055,-121.5711045
2016-06-18 06:00:00,4.334962590535483,360f1bcc-aa60-4052-a18a-b33da5745ff4,47.3595055,-121.5711045
2016-06-19 06:00:00,2.1797780391497494,360f1bcc-aa60-4052-a18a-b33da5745ff4,47.3595055,-121.5711045
2016-06-20 06:00:00,3.6890884648021474,360f1bcc-aa60-4052-a18a-b33da5745ff4,47.3595055,-121.5711045
2016-06-21 06:00:00,4.139029516521682,360f1bcc-aa60-4052-a18a-b33da5745ff4,47.3595055,-121.5711045
2016-06-22 06:00:00,2.1945855258876446,360f1bcc-aa60-4052-a18a-b33da5745ff4,47.3595055,-121.5711045
2016-06-23 06:00:00,2.9054996832823146,360f1bcc-aa60-4052-a18a-b33da5745ff4,47.3595055,-121.5711045
2016-06-24 06:00:00,4.6051817217443745,360f1bcc-aa60-4052-a18a-b33da5745ff4,47.3595055,-121.5711045
2016-06-25 06:00:00,3.423975738297161,360f1bcc-aa60-4052-a18a-b33da5745ff4,47.3595055,-121.5711045
2016-06-26 06:00:00,3.1072720776256335,360f1bcc-aa60-4052-a18a-b33da5745ff4,47.3595055,-121.5711045
2016-06-27 06:00:00,3.206605148722983,360f1bcc-aa60-4052-a18a-b33da5745ff4,47.3595055,-121.5711045
2016-06-28 06:00:00,3.5472092471571046,360f1bcc-aa60-4052-a18a-b33da5745ff4,47.3595055,-121.5711045
2016-06-29 06:00:00,4.713924200921997,360f1bcc-aa60-4052-a18a-b33da5745ff4,47.3595055,-121.5711045
2016-06-30 06:00:00,5.090619687952547,360f1bcc-aa60-4052-a18a-b33da5745ff4,47.3595055,-121.5711045
2016-07-01 06:00:00,4.080834869441824,360f1bcc-aa60-4052-a18a-b33da5745ff4,47.3595055,-121.5711045
2016-07-02 06:00:00,4.211540330780878,360f1bcc-aa60-4052-a18a-b33da5745ff4,47.3595055,-121.5711045
2016-07-03 06:00:00,5.885506177967431,360f1bcc-aa60-4052-a18a-b33da5745ff4,47.3595055,-121.5711045
2016-07-04 06:00:00,4.856486921636469,360f1bcc-aa60-4052-a18a-b33da5745ff4,47.3595055,-121.5711045
2016-07-05 06:00:00,4.045510796603994,360f1bcc-aa60-4052-a18a-b33da5745ff4,47.3595055,-121.5711045
2016-07-06 06:00:00,3.905210237829094,360f1bcc-aa60-4052-a18a-b33da5745ff4,47.3595055,-121.5711045
2016-07-07 06:00:00,2.582350714797647,360f1bcc-aa60-4052-a18a-b33da5745ff4,47.3595055,-121.5711045
2016-07-08 06:00:00,2.5293254536441245,360f1bcc-aa60-4052-a18a-b33da5745ff4,47.3595055,-121.5711045
2016-07-09 06:00:00,2.836553388986833,360f1bcc-aa60-4052-a18a-b33da5745ff4,47.3595055,-121.5711045
2016-07-10 06:00:00,5.058804912241097,360f1bcc-aa60-4052-a18a-b33da5745ff4,47.3595055,-121.5711045
2016-07-11 06:00:00,4.456542869307038,360f1bcc-aa60-4052-a18a-b33da5745ff4,47.3595055,-121.5711045
2016-07-12 06:00:00,4.347472249137031,360f1bcc-aa60-4052-a18a-b33da5745ff4,47.3595055,-121.5711045
2016-07-13 06:00:00,2.861439431426872,360f1bcc-aa60-4052-a18a-b33da5745ff4,47.3595055,-121.5711045
2016-07-14 06:00:00,4.119202206684993,360f1bcc-aa60-4052-a18a-b33da5745ff4,47.3595055,-121.5711045
2016-07-15 06:00:00,5.50090670015058,360f1bcc-aa60-4052-a18a-b33da5745ff4,47.3595055,-121.5711045
2016-07-16 06:00:00,4.365380813525273,360f1bcc-aa60-4052-a18a-b33da5745ff4,47.3595055,-121.5711045
2016-07-17 06:00:00,2.105781352927542,360f1bcc-aa60-4052-a18a-b33da5745ff4,47.3595055,-121.5711045
2016-07-18 06:00:00,3.7599078439239766,360f1bcc-aa60-4052-a18a-b33da5745ff4,47.3595055,-121.5711045
2016-07-19 06:00:00,3.449743299198966,360f1bcc-aa60-4052-a18a-b33da5745ff4,47.3595055,-121.5711045
2016-07-20 06:00:00,2.1638259694107576,360f1bcc-aa60-4052-a18a-b33da5745ff4,47.3595055,-121.5711045
2016-07-21 06:00:00,2.975487780163431,360f1bcc-aa60-4052-a18a-b33da5745ff4,47.3595055,-121.5711045
2016-07-22 06:00:00,5.3008211139939805,360f1bcc-aa60-4052-a18a-b33da5745ff4,47.3595055,-121.5711045
2016-07-23 06:00:00,4.805587713942569,360f1bcc-aa60-4052-a18a-b33da5745ff4,47.3595055,-121.5711045
2016-07-24 06:00:00,1.898377321112869,360f1bcc-aa60-4052-a18a-b33da5745ff4,47.3595055,-121.5711045
2016-07-25 06:00:00,3.7405412714705513,360f1bcc-aa60-4052-a18a-b33da5745ff4,47.3595055,-121.5711045
2016-07-26 06:00:00,4.5851818793859245,360f1bcc-aa60-4052-a18a-b33da5745ff4,47.3595055,-121.5711045
2016-07-27 06:00:00,4.186245578782172,360f1bcc-aa60-4052-a18a-b33da5745ff4,47.3595055,-121.5711045
2016-07-28 06:00:00,3.258480222816141,360f1bcc-aa60-4052-a18a-b33da5745ff4,47.3595055,-121.5711045
2016-07-29 06:00:00,2.8247347464928256,360f1bcc-aa60-4052-a18a-b33da5745ff4,47.3595055,-121.5711045
2016-07-30 06:00:00,5.02366014219757,360f1bcc-aa60-4052-a18a-b33da5745ff4,47.3595055,-121.5711045
2016-07-31 06:00:00,4.053771080522456,360f1bcc-aa60-4052-a18a-b33da5745ff4,47.3595055,-121.5711045
2016-08-01 06:00:00,2.072076618365753,360f1bcc-aa60-4052-a18a-b33da5745ff4,47.3595055,-121.5711045
2016-08-02 06:00:00,5.158673615740915,360f1bcc-aa60-4052-a18a-b33da5745ff4,47.3595055,-121.5711045
2016-08-03 06:00:00,4.02442123360104,360f1bcc-aa60-4052-a18a-b33da5745ff4,47.3595055,-121.5711045
2016-08-04 06:00:00,2.0246171169810823,360f1bcc-aa60-4052-a18a-b33da5745ff4,47.3595055,-121.5711045
2016-08-05 06:00:00,3.0068452405114465,360f1bcc-aa60-4052-a18a-b33da5745ff4,47.3595055,-121.5711045
2016-08-06 06:00:00,4.061371384115301,360f1bcc-aa60-4052-a18a-b33da5745ff4,47.3595055,-121.5711045
2016-08-07 06:00:00,3.374961977942377,360f1bcc-aa60-4052-a18a-b33da5745ff4,47.3595055,-121.5711045
2016-08-08 06:00:00,3.8860160485292097,360f1bcc-aa60-4052-a18a-b33da5745ff4,47.3595055,-121.5711045
2016-08-09 06:00:00,4.848865600325103,360f1bcc-aa60-4052-a18a-b33da5745ff4,47.3595055,-121.5711045
2016-08-10 06:00:00,4.0635167396985565,360f1bcc-aa60-4052-a18a-b33da5745ff4,47.3595055,-121.5711045
2016-08-11 06:00:00,2.3936889255148737,360f1bcc-aa60-4052-a18a-b33da5745ff4,47.3595055,-121.5711045
2016-08-12 06:00:00,1.7148298760764622,360f1bcc-aa60-4052-a18a-b33da5745ff4,47.3595055,-121.5711045
2016-08-13 06:00:00,2.802764186492334,360f1bcc-aa60-4052-a18a-b33da5745ff4,47.3595055,-121.5711045
2016-08-14 06:00:00,4.304164130056006,360f1bcc-aa60-4052-a18a-b33da5745ff4,47.3595055,-121.5711045
2016-08-15 06:00:00,4.245862023035686,360f1bcc-aa60-4052-a18a-b33da5745ff4,47.3595055,-121.5711045
2016-08-16 06:00:00,4.308310991474707,360f1bcc-aa60-4052-a18a-b33da5745ff4,47.3595055,-121.5711045
2016-08-17 06:00:00,4.158534305116051,360f1bcc-aa60-4052-a18a-b33da5745ff4,47.3595055,-121.5711045
2016-08-18 06:00:00,2.659862159867572,360f1bcc-aa60-4052-a18a-b33da5745ff4,47.3595055,-121.5711045
2016-08-19 06:00:00,3.9365785884042075,360f1bcc-aa60-4052-a18a-b33da5745ff4,47.3595055,-121.5711045
2016-08-20 06:00:00,2.1940372799196814,360f1bcc-aa60-4052-a18a-b33da5745ff4,47.3595055,-121.5711045
2016-08-21 06:00:00,5.063109007859842,360f1bcc-aa60-4052-a18a-b33da5745ff4,47.3595055,-121.5711045
2016-08-22 06:00:00,4.599820283743052,360f1bcc-aa60-4052-a18a-b33da5745ff4,47.3595055,-121.5711045
2016-08-23 06:00:00,3.3019964898753367,360f1bcc-aa60-4052-a18a-b33da5745ff4,47.3595055,-121.5711045
2016-08-24 06:00:00,2.5978770423139266,360f1bcc-aa60-4052-a18a-b33da5745ff4,47.3595055,-121.5711045
2016-08-25 06:00:00,1.509766057923309,360f1bcc-aa60-4052-a18a-b33da5745ff4,47.3595055,-121.5711045
2016-08-26 06:00:00,2.722702423120156,360f1bcc-aa60-4052-a18a-b33da5745ff4,47.3595055,-121.5711045
2016-08-27 06:00:00,5.133372808114077,360f1bcc-aa60-4052-a18a-b33da5745ff4,47.3595055,-121.5711045
2016-08-28 06:00:00,2.3986358842279154,360f1bcc-aa60-4052-a18a-b33da5745ff4,47.3595055,-121.5711045
2016-08-29 06:00:00,3.258512425218892,360f1bcc-aa60-4052-a18a-b33da5745ff4,47.3595055,-121.5711045
2016-08-30 06:00:00,2.8691343175040354,360f1bcc-aa60-4052-a18a-b33da5745ff4,47.3595055,-121.5711045
2016-08-31 06:00:00,3.271207094803835,360f1bcc-aa60-4052-a18a-b33da5745ff4,47.3595055,-121.5711045
2016-09-01 06:00:00,2.418991956955348,360f1bcc-aa60-4052-a18a-b33da5745ff4,47.3595055,-121.5711045
2016-09-02 06:00:00,2.8584621549671536,360f1bcc-aa60-4052-a18a-b33da5745ff4,47.3595055,-121.5711045
2016-09-03 06:00:00,3.391963935713483,360f1bcc-aa60-4052-a18a-b33da5745ff4,47.3595055,-121.5711045
2016-09-04 06:00:00,4.356583644997361,360f1bcc-aa60-4052-a18a-b33da5745ff4,47.3595055,-121.5711045
2016-09-05 06:00:00,3.4601414733462867,360f1bcc-aa60-4052-a18a-b33da5745ff4,47.3595055,-121.5711045
2016-09-06 06:00:00,3.1250416739374147,360f1bcc-aa60-4052-a18a-b33da5745ff4,47.3595055,-121.5711045
2016-09-07 06:00:00,3.9640574506205373,360f1bcc-aa60-4052-a18a-b33da5745ff4,47.3595055,-121.5711045
2016-09-08 06:00:00,5.440011443847264,360f1bcc-aa60-4052-a18a-b33da5745ff4,47.3595055,-121.5711045
2016-09-09 06:00:00,2.2728295100040925,360f1bcc-aa60-4052-a18a-b33da5745ff4,47.3595055,-121.5711045
2016-09-10 06:00:00,3.3672509965733592,360f1bcc-aa60-4052-a18a-b33da5745ff4,47.3595055,-121.5711045
2016-09-11 06:00:00,4.854250173894767,360f1bcc-aa60-4052-a18a-b33da5745ff4,47.3595055,-121.5711045
2016-09-12 06:00:00,4.396717883786585,360f1bcc-aa60-4052-a18a-b33da5745ff4,47.3595055,-121.5711045
2016-09-13 06:00:00,3.6862844628146574,360f1bcc-aa60-4052-a18a-b33da5745ff4,47.3595055,-121.5711045
2016-09-14 06:00:00,4.1530411553179105,360f1bcc-aa60-4052-a18a-b33da5745ff4,47.3595055,-121.5711045
2016-09-15 06:00:00,3.128312065866259,360f1bcc-aa60-4052-a18a-b33da5745ff4,47.3595055,-121.5711045
2016-09-16 06:00:00,3.0107609693820665,360f1bcc-aa60-4052-a18a-b33da5745ff4,47.3595055,-121.5711045
2016-09-17 06:00:00,4.170237169102726,360f1bcc-aa60-4052-a18a-b33da5745ff4,47.3595055,-121.5711045
2016-09-18 06:00:00,3.464874813495538,360f1bcc-aa60-4052-a18a-b33da5745ff4,47.3595055,-121.5711045
2016-09-19 06:00:00,3.665912801995237,360f1bcc-aa60-4052-a18a-b33da5745ff4,47.3595055,-121.5711045
2016-09-20 06:00:00,1.8644141619022077,360f1bcc-aa60-4052-a18a-b33da5745ff4,47.3595055,-121.5711045
2016-09-21 06:00:00,2.679840158397316,360f1bcc-aa60-4052-a18a-b33da5745ff4,47.3595055,-121.5711045
2016-09-22 06:00:00,4.486649790380755,360f1bcc-aa60-4052-a18a-b33da5745ff4,47.3595055,-121.5711045
2016-09-23 06:00:00,3.1143295964624134,360f1bcc-aa60-4052-a18a-b33da5745ff4,47.3595055,-121.5711045
2016-09-24 06:00:00,2.1333318763309057,360f1bcc-aa60-4052-a18a-b33da5745ff4,47.3595055,-121.5711045
2016-09-25 06:00:00,1.9370308076214584,360f1bcc-aa60-4052-a18a-b33da5745ff4,47.3595055,-121.5711045
2016-09-26 06:00:00,3.8849665014152857,360f1bcc-aa60-4052-a18a-b33da5745ff4,47.3595055,-121.5711045
2016-09-27 06:00:00,3.987173956683559,360f1bcc-aa60-4052-a18a-b33da5745ff4,47.3595055,-121.5711045
2016-09-28 06:00:00,2.357336414369763,360f1bcc-aa60-4052-a18a-b33da5745ff4,47.3595055,-121.5711045
2016-09-29 06:00:00,3.002143693377829,360f1bcc-aa60-4052-a18a-b33da5745ff4,47.3595055,-121.5711045
2016-09-30 06:00:00,3.3636270266312818,360f1bcc-aa60-4052-a18a-b33da5745ff4,47.3595055,-121.5711045
2016-10-01 06:00:00,2.916145330616552,360f1bcc-aa60-4052-a18a-b33da5745ff4,47.3595055,-121.5711045
2016-10-02 06:00:00,3.375012532666199,360f1bcc-aa60-4052-a18a-b33da5745ff4,47.3595055,-121.5711045
2016-10-03 06:00:00,2.8336351433370868,360f1bcc-aa60-4052-a18a-b33da5745ff4,47.3595055,-121.5711045
2016-10-04 06:00:00,2.195797388573997,360f1bcc-aa60-4052-a18a-b33da5745ff4,47.3595055,-121.5711045
2016-10-05 06:00:00,3.0183038273428244,360f1bcc-aa60-4052-a18a-b33da5745ff4,47.3595055,-121.5711045
2016-10-06 06:00:00,3.2522728532807443,360f1bcc-aa60-4052-a18a-b33da5745ff4,47.3595055,-121.5711045
2016-10-07 06:00:00,4.955460413908348,360f1bcc-aa60-4052-a18a-b33da5745ff4,47.3595055,-121.5711045
2016-10-08 06:00:00,4.659522929150835,360f1bcc-aa60-4052-a18a-b33da5745ff4,47.3595055,-121.5711045
2016-10-09 06:00:00,3.524157737666726,360f1bcc-aa60-4052-a18a-b33da5745ff4,47.3595055,-121.5711045
2016-10-10 06:00:00,4.191116112317795,360f1bcc-aa60-4052-a18a-b33da5745ff4,47.3595055,-121.5711045
2016-10-11 06:00:00,6.163228804025895,360f1bcc-aa60-4052-a18a-b33da5745ff4,47.3595055,-121.5711045
2016-10-12 06:00:00,4.243042760425145,360f1bcc-aa60-4052-a18a-b33da5745ff4,47.3595055,-121.5711045
2016-10-13 06:00:00,4.5278107655354045,360f1bcc-aa60-4052-a18a-b33da5745ff4,47.3595055,-121.5711045
2016-10-14 06:00:00,5.5859853116875025,360f1bcc-aa60-4052-a18a-b33da5745ff4,47.3595055,-121.5711045
2016-10-15 06:00:00,5.926749409162082,360f1bcc-aa60-4052-a18a-b33da5745ff4,47.3595055,-121.5711045
2016-10-16 06:00:00,3.772603247715877,360f1bcc-aa60-4052-a18a-b33da5745ff4,47.3595055,-121.5711045
2016-10-17 06:00:00,3.7017299030581094,360f1bcc-aa60-4052-a18a-b33da5745ff4,47.3595055,-121.5711045
2016-10-18 06:00:00,3.1647933409764213,360f1bcc-aa60-4052-a18a-b33da5745ff4,47.3595055,-121.5711045
2016-10-19 06:00:00,4.4655384385687675,360f1bcc-aa60-4052-a18a-b33da5745ff4,47.3595055,-121.5711045
2016-10-20 06:00:00,3.6903379073509806,360f1bcc-aa60-4052-a18a-b33da5745ff4,47.3595055,-121.5711045
2016-10-21 06:00:00,2.1962995977483244,360f1bcc-aa60-4052-a18a-b33da5745ff4,47.3595055,-121.5711045
2016-10-22 06:00:00,4.276957453214206,360f1bcc-aa60-4052-a18a-b33da5745ff4,47.3595055,-121.5711045
2016-10-23 06:00:00,4.737339009994115,360f1bcc-aa60-4052-a18a-b33da5745ff4,47.3595055,-121.5711045
2016-10-24 06:00:00,4.383377355184312,360f1bcc-aa60-4052-a18a-b33da5745ff4,47.3595055,-121.5711045
2016-10-25 06:00:00,3.1093174013317144,360f1bcc-aa60-4052-a18a-b33da5745ff4,47.3595055,-121.5711045
2016-10-26 06:00:00,6.451564876034729,360f1bcc-aa60-4052-a18a-b33da5745ff4,47.3595055,-121.5711045
2016-10-27 06:00:00,1.843846628910456,360f1bcc-aa60-4052-a18a-b33da5745ff4,47.3595055,-121.5711045
2016-10-28 06:00:00,5.082756105651204,360f1bcc-aa60-4052-a18a-b33da5745ff4,47.3595055,-121.5711045
2016-10-29 06:00:00,4.583540642159617,360f1bcc-aa60-4052-a18a-b33da5745ff4,47.3595055,-121.5711045
2016-10-30 06:00:00,5.404251089666643,360f1bcc-aa60-4052-a18a-b33da5745ff4,47.3595055,-121.5711045
2016-10-31 06:00:00,3.638827124008766,360f1bcc-aa60-4052-a18a-b33da5745ff4,47.3595055,-121.5711045
2016-11-01 06:00:00,2.624121481944354,360f1bcc-aa60-4052-a18a-b33da5745ff4,47.3595055,-121.5711045
2016-11-02 06:00:00,3.883353578534901,360f1bcc-aa60-4052-a18a-b33da5745ff4,47.3595055,-121.5711045
2016-11-03 06:00:00,2.8752795938752653,360f1bcc-aa60-4052-a18a-b33da5745ff4,47.3595055,-121.5711045
2016-11-04 06:00:00,4.125883861688466,360f1bcc-aa60-4052-a18a-b33da5745ff4,47.3595055,-121.5711045
2016-11-05 06:00:00,2.8463162990716793,360f1bcc-aa60-4052-a18a-b33da5745ff4,47.3595055,-121.5711045
2016-11-06 06:00:00,2.4170583164590034,360f1bcc-aa60-4052-a18a-b33da5745ff4,47.3595055,-121.5711045
2016-11-07 06:00:00,4.108145543652722,360f1bcc-aa60-4052-a18a-b33da5745ff4,47.3595055,-121.5711045
2016-11-08 06:00:00,3.26414290737902,360f1bcc-aa60-4052-a18a-b33da5745ff4,47.3595055,-121.5711045
2016-11-09 06:00:00,2.4780091100268895,360f1bcc-aa60-4052-a18a-b33da5745ff4,47.3595055,-121.5711045
2016-11-10 06:00:00,4.249875031169663,360f1bcc-aa60-4052-a18a-b33da5745ff4,47.3595055,-121.5711045
2016-11-11 06:00:00,2.678315248041072,360f1bcc-aa60-4052-a18a-b33da5745ff4,47.3595055,-121.5711045
2016-11-12 06:00:00,4.871054759392372,360f1bcc-aa60-4052-a18a-b33da5745ff4,47.3595055,-121.5711045
2016-11-13 06:00:00,2.633563537679167,360f1bcc-aa60-4052-a18a-b33da5745ff4,47.3595055,-121.5711045
2016-11-14 06:00:00,2.993712030720507,360f1bcc-aa60-4052-a18a-b33da5745ff4,47.3595055,-121.5711045
2016-11-15 06:00:00,5.281801478475588,360f1bcc-aa60-4052-a18a-b33da5745ff4,47.3595055,-121.5711045
2016-11-16 06:00:00,2.95557411043053,360f1bcc-aa60-4052-a18a-b33da5745ff4,47.3595055,-121.5711045
2016-11-17 06:00:00,2.289644462023026,360f1bcc-aa60-4052-a18a-b33da5745ff4,47.3595055,-121.5711045
2016-11-18 06:00:00,10.497616190788076,360f1bcc-aa60-4052-a18a-b33da5745ff4,47.3595055,-121.5711045
2016-11-19 06:00:00,6.397095190765512,360f1bcc-aa60-4052-a18a-b33da5745ff4,47.3595055,-121.5711045
2016-11-20 06:00:00,3.424166906389416,360f1bcc-aa60-4052-a18a-b33da5745ff4,47.3595055,-121.5711045
2016-11-21 06:00:00,2.3784112345459114,360f1bcc-aa60-4052-a18a-b33da5745ff4,47.3595055,-121.5711045
2016-11-22 06:00:00,5.107265491974659,360f1bcc-aa60-4052-a18a-b33da5745ff4,47.3595055,-121.5711045
2016-11-23 06:00:00,2.985891702032497,360f1bcc-aa60-4052-a18a-b33da5745ff4,47.3595055,-121.5711045
2016-11-24 06:00:00,5.8043484557388165,360f1bcc-aa60-4052-a18a-b33da5745ff4,47.3595055,-121.5711045
2016-11-25 06:00:00,2.9345404453766655,360f1bcc-aa60-4052-a18a-b33da5745ff4,47.3595055,-121.5711045
2016-11-26 06:00:00,3.9116064740042407,360f1bcc-aa60-4052-a18a-b33da5745ff4,47.3595055,-121.5711045
2016-11-27 06:00:00,4.846447129942413,360f1bcc-aa60-4052-a18a-b33da5745ff4,47.3595055,-121.5711045
2016-11-28 06:00:00,6.047783207282044,360f1bcc-aa60-4052-a18a-b33da5745ff4,47.3595055,-121.5711045
2016-11-29 06:00:00,2.761180533710708,360f1bcc-aa60-4052-a18a-b33da5745ff4,47.3595055,-121.5711045
2016-11-30 06:00:00,5.164735699922613,360f1bcc-aa60-4052-a18a-b33da5745ff4,47.3595055,-121.5711045
2016-12-01 06:00:00,3.721534307390197,360f1bcc-aa60-4052-a18a-b33da5745ff4,47.3595055,-121.5711045
2016-12-02 06:00:00,3.198014253021305,360f1bcc-aa60-4052-a18a-b33da5745ff4,47.3595055,-121.5711045
2016-12-03 06:00:00,5.546496087669308,360f1bcc-aa60-4052-a18a-b33da5745ff4,47.3595055,-121.5711045
2016-12-04 06:00:00,7.216216060442805,360f1bcc-aa60-4052-a18a-b33da5745ff4,47.3595055,-121.5711045
2016-12-05 06:00:00,2.4491066555691576,360f1bcc-aa60-4052-a18a-b33da5745ff4,47.3595055,-121.5711045
2016-12-06 06:00:00,1.5247716852742386,360f1bcc-aa60-4052-a18a-b33da5745ff4,47.3595055,-121.5711045
2016-12-07 06:00:00,6.930677997964061,360f1bcc-aa60-4052-a18a-b33da5745ff4,47.3595055,-121.5711045
2016-12-08 06:00:00,13.161446978088119,360f1bcc-aa60-4052-a18a-b33da5745ff4,47.3595055,-121.5711045
2016-12-09 06:00:00,5.618858236736721,360f1bcc-aa60-4052-a18a-b33da5745ff4,47.3595055,-121.5711045
2016-12-10 06:00:00,3.057408012895503,360f1bcc-aa60-4052-a18a-b33da5745ff4,47.3595055,-121.5711045
2016-12-11 06:00:00,4.076975971205623,360f1bcc-aa60-4052-a18a-b33da5745ff4,47.3595055,-121.5711045
2016-12-12 06:00:00,2.69930493505592,360f1bcc-aa60-4052-a18a-b33da5745ff4,47.3595055,-121.5711045
2016-12-13 06:00:00,3.059211015293741,360f1bcc-aa60-4052-a18a-b33da5745ff4,47.3595055,-121.5711045
2016-12-14 06:00:00,9.081308470831978,360f1bcc-aa60-4052-a18a-b33da5745ff4,47.3595055,-121.5711045
2016-12-15 06:00:00,2.0485197450360686,360f1bcc-aa60-4052-a18a-b33da5745ff4,47.3595055,-121.5711045
2016-12-16 06:00:00,2.5237566595403553,360f1bcc-aa60-4052-a18a-b33da5745ff4,47.3595055,-121.5711045
2016-12-17 06:00:00,2.8422111354322515,360f1bcc-aa60-4052-a18a-b33da5745ff4,47.3595055,-121.5711045
2016-12-18 06:00:00,2.453873005687681,360f1bcc-aa60-4052-a18a-b33da5745ff4,47.3595055,-121.5711045
2016-12-19 06:00:00,4.864038743728246,360f1bcc-aa60-4052-a18a-b33da5745ff4,47.3595055,-121.5711045
2016-12-20 06:00:00,7.016248045619737,360f1bcc-aa60-4052-a18a-b33da5745ff4,47.3595055,-121.5711045
2016-12-21 06:00:00,3.5982559740033926,360f1bcc-aa60-4052-a18a-b33da5745ff4,47.3595055,-121.5711045
2016-12-22 06:00:00,2.7931774508239875,360f1bcc-aa60-4052-a18a-b33da5745ff4,47.3595055,-121.5711045
2016-12-23 06:00:00,3.698840900975415,360f1bcc-aa60-4052-a18a-b33da5745ff4,47.3595055,-121.5711045
2016-12-24 06:00:00,4.507263819784181,360f1bcc-aa60-4052-a18a-b33da5745ff4,47.3595055,-121.5711045
2016-12-25 06:00:00,2.0958967520640446,360f1bcc-aa60-4052-a18a-b33da5745ff4,47.3595055,-121.5711045
2016-12-26 06:00:00,3.0479389999666786,360f1bcc-aa60-4052-a18a-b33da5745ff4,47.3595055,-121.5711045
2016-12-27 06:00:00,7.119099575433976,360f1bcc-aa60-4052-a18a-b33da5745ff4,47.3595055,-121.5711045
2016-12-28 06:00:00,4.072037337580298,360f1bcc-aa60-4052-a18a-b33da5745ff4,47.3595055,-121.5711045
2016-12-29 06:00:00,4.852959824423504,360f1bcc-aa60-4052-a18a-b33da5745ff4,47.3595055,-121.5711045
2016-12-30 06:00:00,5.174061965942383,360f1bcc-aa60-4052-a18a-b33da5745ff4,47.3595055,-121.5711045
2016-12-31 06:00:00,4.5241835850935725,360f1bcc-aa60-4052-a18a-b33da5745ff4,47.3595055,-121.5711045
2017-01-01 06:00:00,4.08239308381692,360f1bcc-aa60-4052-a18a-b33da5745ff4,47.3595055,-121.5711045
2017-01-02 06:00:00,7.9471794955750825,360f1bcc-aa60-4052-a18a-b33da5745ff4,47.3595055,-121.5711045
2017-01-03 06:00:00,7.829572728148893,360f1bcc-aa60-4052-a18a-b33da5745ff4,47.3595055,-121.5711045
2017-01-04 06:00:00,8.938376085167256,360f1bcc-aa60-4052-a18a-b33da5745ff4,47.3595055,-121.5711045
2017-01-05 06:00:00,3.2823931105116495,360f1bcc-aa60-4052-a18a-b33da5745ff4,47.3595055,-121.5711045
2017-01-06 06:00:00,3.891196663970621,360f1bcc-aa60-4052-a18a-b33da5745ff4,47.3595055,-121.5711045
2017-01-07 06:00:00,10.511966193435539,360f1bcc-aa60-4052-a18a-b33da5745ff4,47.3595055,-121.5711045
2017-01-08 06:00:00,9.911965811965812,360f1bcc-aa60-4052-a18a-b33da5745ff4,47.3595055,-121.5711045
2017-01-09 06:00:00,2.299999952316284,360f1bcc-aa60-4052-a18a-b33da5745ff4,47.3595055,-121.5711045
2017-01-10 06:00:00,4.073589652420109,360f1bcc-aa60-4052-a18a-b33da5745ff4,47.3595055,-121.5711045
2017-01-11 06:00:00,5.855983001350339,360f1bcc-aa60-4052-a18a-b33da5745ff4,47.3595055,-121.5711045
2017-01-12 06:00:00,2.873589822165987,360f1bcc-aa60-4052-a18a-b33da5745ff4,47.3595055,-121.5711045
2017-01-13 06:00:00,2.6647863640744465,360f1bcc-aa60-4052-a18a-b33da5745ff4,47.3595055,-121.5711045
2017-01-14 06:00:00,5.247179644331973,360f1bcc-aa60-4052-a18a-b33da5745ff4,47.3595055,-121.5711045
2017-01-15 06:00:00,3.164786364074447,360f1bcc-aa60-4052-a18a-b33da5745ff4,47.3595055,-121.5711045
2017-01-16 06:00:00,4.473589726798554,360f1bcc-aa60-4052-a18a-b33da5745ff4,47.3595055,-121.5711045
2017-01-17 06:00:00,4.599999904632568,360f1bcc-aa60-4052-a18a-b33da5745ff4,47.3595055,-121.5711045
2017-01-18 06:00:00,3.9088035057752557,360f1bcc-aa60-4052-a18a-b33da5745ff4,47.3595055,-121.5711045
2017-01-19 06:00:00,2.7264102998961746,360f1bcc-aa60-4052-a18a-b33da5745ff4,47.3595055,-121.5711045
2017-01-20 06:00:00,7.338376138556717,360f1bcc-aa60-4052-a18a-b33da5745ff4,47.3595055,-121.5711045
2017-01-21 06:00:00,4.964786316390731,360f1bcc-aa60-4052-a18a-b33da5745ff4,47.3595055,-121.5711045
2017-01-22 06:00:00,5.264786507125594,360f1bcc-aa60-4052-a18a-b33da5745ff4,47.3595055,-121.5711045
2017-01-23 06:00:00,2.982393158195365,360f1bcc-aa60-4052-a18a-b33da5745ff4,47.3595055,-121.5711045
2017-01-24 06:00:00,3.46478631639073,360f1bcc-aa60-4052-a18a-b33da5745ff4,47.3595055,-121.5711045
2017-01-25 06:00:00,2.264786279201508,360f1bcc-aa60-4052-a18a-b33da5745ff4,47.3595055,-121.5711045
2017-01-26 06:00:00,2.3735898221659864,360f1bcc-aa60-4052-a18a-b33da5745ff4,47.3595055,-121.5711045
2017-01-27 06:00:00,2.6823932058790807,360f1bcc-aa60-4052-a18a-b33da5745ff4,47.3595055,-121.5711045
2017-01-28 06:00:00,3.1911966162869057,360f1bcc-aa60-4052-a18a-b33da5745ff4,47.3595055,-121.5711045
2017-01-29 06:00:00,3.0,360f1bcc-aa60-4052-a18a-b33da5745ff4,47.3595055,-121.5711045
2017-01-30 06:00:00,2.2823931105116495,360f1bcc-aa60-4052-a18a-b33da5745ff4,47.3595055,-121.5711045
2017-01-31 06:00:00,2.2088034580915403,360f1bcc-aa60-4052-a18a-b33da5745ff4,47.3595055,-121.5711045
2017-02-01 06:00:00,9.429572632781458,360f1bcc-aa60-4052-a18a-b33da5745ff4,47.3595055,-121.5711045
2017-02-02 06:00:00,13.176752277113431,360f1bcc-aa60-4052-a18a-b33da5745ff4,47.3595055,-121.5711045
2017-02-03 06:00:00,7.929572632781461,360f1bcc-aa60-4052-a18a-b33da5745ff4,47.3595055,-121.5711045
2017-02-04 06:00:00,2.91760691618308,360f1bcc-aa60-4052-a18a-b33da5745ff4,47.3595055,-121.5711045
2017-02-05 06:00:00,2.9911965895921764,360f1bcc-aa60-4052-a18a-b33da5745ff4,47.3595055,-121.5711045
2017-02-06 06:00:00,3.891196663970621,360f1bcc-aa60-4052-a18a-b33da5745ff4,47.3595055,-121.5711045
2017-02-07 06:00:00,3.473589747787541,360f1bcc-aa60-4052-a18a-b33da5745ff4,47.3595055,-121.5711045
2017-02-08 06:00:00,6.4471794955750825,360f1bcc-aa60-4052-a18a-b33da5745ff4,47.3595055,-121.5711045
2017-02-09 06:00:00,4.708803261650934,360f1bcc-aa60-4052-a18a-b33da5745ff4,47.3595055,-121.5711045
2017-02-10 06:00:00,5.408803505775256,360f1bcc-aa60-4052-a18a-b33da5745ff4,47.3595055,-121.5711045
2017-02-11 06:00:00,3.073589652420109,360f1bcc-aa60-4052-a18a-b33da5745ff4,47.3595055,-121.5711045
2017-02-12 06:00:00,2.873589822165987,360f1bcc-aa60-4052-a18a-b33da5745ff4,47.3595055,-121.5711045
2017-02-13 06:00:00,6.8383761385567166,360f1bcc-aa60-4052-a18a-b33da5745ff4,47.3595055,-121.5711045
2017-02-14 06:00:00,7.73837623392415,360f1bcc-aa60-4052-a18a-b33da5745ff4,47.3595055,-121.5711045
2017-02-15 06:00:00,5.973589726798555,360f1bcc-aa60-4052-a18a-b33da5745ff4,47.3595055,-121.5711045
2017-02-16 06:00:00,2.799999952316284,360f1bcc-aa60-4052-a18a-b33da5745ff4,47.3595055,-121.5711045
2017-02-17 06:00:00,2.882393253562797,360f1bcc-aa60-4052-a18a-b33da5745ff4,47.3595055,-121.5711045
2017-02-18 06:00:00,2.082393073322427,360f1bcc-aa60-4052-a18a-b33da5745ff4,47.3595055,-121.5711045
2017-02-19 06:00:00,2.7088034580915403,360f1bcc-aa60-4052-a18a-b33da5745ff4,47.3595055,-121.5711045
2017-02-20 06:00:00,3.8647864117581623,360f1bcc-aa60-4052-a18a-b33da5745ff4,47.3595055,-121.5711045
2017-02-21 06:00:00,3.6647863640744465,360f1bcc-aa60-4052-a18a-b33da5745ff4,47.3595055,-121.5711045
2017-02-22 06:00:00,3.6647863640744465,360f1bcc-aa60-4052-a18a-b33da5745ff4,47.3595055,-121.5711045
2017-02-23 06:00:00,3.5647862420122847,360f1bcc-aa60-4052-a18a-b33da5745ff4,47.3595055,-121.5711045
2017-02-24 06:00:00,2.782393110511649,360f1bcc-aa60-4052-a18a-b33da5745ff4,47.3595055,-121.5711045
2017-02-25 06:00:00,4.0559828106154745,360f1bcc-aa60-4052-a18a-b33da5745ff4,47.3595055,-121.5711045
2017-02-26 06:00:00,2.700000047683716,360f1bcc-aa60-4052-a18a-b33da5745ff4,47.3595055,-121.5711045
2017-02-27 06:00:00,3.6735897954712575,360f1bcc-aa60-4052-a18a-b33da5745ff4,47.3595055,-121.5711045
2017-02-28 06:00:00,5.755983096717769,360f1bcc-aa60-4052-a18a-b33da5745ff4,47.3595055,-121.5711045
2017-03-01 06:00:00,5.873589822165987,360f1bcc-aa60-4052-a18a-b33da5745ff4,47.3595055,-121.5711045
2017-03-02 06:00:00,2.6088033360293785,360f1bcc-aa60-4052-a18a-b33da5745ff4,47.3595055,-121.5711045
2017-03-03 06:00:00,3.235213710304,360f1bcc-aa60-4052-a18a-b33da5745ff4,47.3595055,-121.5711045
2017-03-04 06:00:00,3.5911964942247434,360f1bcc-aa60-4052-a18a-b33da5745ff4,47.3595055,-121.5711045
2017-03-05 06:00:00,3.5088034104078245,360f1bcc-aa60-4052-a18a-b33da5745ff4,47.3595055,-121.5711045
2017-03-06 06:00:00,3.799999952316284,360f1bcc-aa60-4052-a18a-b33da5745ff4,47.3595055,-121.5711045
2017-03-07 06:00:00,3.0999999046325684,360f1bcc-aa60-4052-a18a-b33da5745ff4,47.3595055,-121.5711045
2017-03-08 06:00:00,4.555982810615474,360f1bcc-aa60-4052-a18a-b33da5745ff4,47.3595055,-121.5711045
2017-03-09 06:00:00,3.2823931105116495,360f1bcc-aa60-4052-a18a-b33da5745ff4,47.3595055,-121.5711045
2017-03-10 06:00:00,4.491196589592176,360f1bcc-aa60-4052-a18a-b33da5745ff4,47.3595055,-121.5711045
2017-03-11 06:00:00,4.88239323257381,360f1bcc-aa60-4052-a18a-b33da5745ff4,47.3595055,-121.5711045
2017-03-12 06:00:00,3.0911964942247443,360f1bcc-aa60-4052-a18a-b33da5745ff4,47.3595055,-121.5711045
2017-03-13 06:00:00,2.5,360f1bcc-aa60-4052-a18a-b33da5745ff4,47.3595055,-121.5711045
2017-03-14 06:00:00,3.7088034580915403,360f1bcc-aa60-4052-a18a-b33da5745ff4,47.3595055,-121.5711045
2017-03-15 06:00:00,2.79119654190846,360f1bcc-aa60-4052-a18a-b33da5745ff4,47.3595055,-121.5711045
2017-03-16 06:00:00,3.0999999046325684,360f1bcc-aa60-4052-a18a-b33da5745ff4,47.3595055,-121.5711045
2017-03-17 06:00:00,5.764786507125594,360f1bcc-aa60-4052-a18a-b33da5745ff4,47.3595055,-121.5711045
2017-03-18 06:00:00,4.591196494224745,360f1bcc-aa60-4052-a18a-b33da5745ff4,47.3595055,-121.5711045
2017-03-19 06:00:00,2.782393110511649,360f1bcc-aa60-4052-a18a-b33da5745ff4,47.3595055,-121.5711045
2017-03-20 06:00:00,10.111965621230949,360f1bcc-aa60-4052-a18a-b33da5745ff4,47.3595055,-121.5711045
2017-03-21 06:00:00,5.264786507125594,360f1bcc-aa60-4052-a18a-b33da5745ff4,47.3595055,-121.5711045
2017-03-22 06:00:00,3.408803505775256,360f1bcc-aa60-4052-a18a-b33da5745ff4,47.3595055,-121.5711045
2017-03-23 06:00:00,4.382393232573811,360f1bcc-aa60-4052-a18a-b33da5745ff4,47.3595055,-121.5711045
2017-03-24 06:00:00,3.0999999046325684,360f1bcc-aa60-4052-a18a-b33da5745ff4,47.3595055,-121.5711045
2017-03-25 06:00:00,2.299999952316284,360f1bcc-aa60-4052-a18a-b33da5745ff4,47.3595055,-121.5711045
2017-03-26 06:00:00,3.991196589592176,360f1bcc-aa60-4052-a18a-b33da5745ff4,47.3595055,-121.5711045
2017-03-27 06:00:00,2.4088035057752566,360f1bcc-aa60-4052-a18a-b33da5745ff4,47.3595055,-121.5711045
2017-03-28 06:00:00,2.7176068894883505,360f1bcc-aa60-4052-a18a-b33da5745ff4,47.3595055,-121.5711045
2017-03-29 06:00:00,2.7176068894883505,360f1bcc-aa60-4052-a18a-b33da5745ff4,47.3595055,-121.5711045
2017-03-30 06:00:00,5.54717940020765,360f1bcc-aa60-4052-a18a-b33da5745ff4,47.3595055,-121.5711045
2017-03-31 06:00:00,1.7823931210061423,360f1bcc-aa60-4052-a18a-b33da5745ff4,47.3595055,-121.5711045
2017-04-01 06:00:00,3.1823932058790816,360f1bcc-aa60-4052-a18a-b33da5745ff4,47.3595055,-121.5711045
2017-04-02 06:00:00,4.564786221023299,360f1bcc-aa60-4052-a18a-b33da5745ff4,47.3595055,-121.5711045
2017-04-03 06:00:00,3.2735897001038254,360f1bcc-aa60-4052-a18a-b33da5745ff4,47.3595055,-121.5711045
2017-04-04 06:00:00,8.638375894432393,360f1bcc-aa60-4052-a18a-b33da5745ff4,47.3595055,-121.5711045
2017-04-05 06:00:00,3.891196663970621,360f1bcc-aa60-4052-a18a-b33da5745ff4,47.3595055,-121.5711045
2017-04-06 06:00:00,4.482393179184352,360f1bcc-aa60-4052-a18a-b33da5745ff4,47.3595055,-121.5711045
2017-04-07 06:00:00,6.88239323257381,360f1bcc-aa60-4052-a18a-b33da5745ff4,47.3595055,-121.5711045
2017-04-08 06:00:00,3.200000047683716,360f1bcc-aa60-4052-a18a-b33da5745ff4,47.3595055,-121.5711045
2017-04-09 06:00:00,4.873589822165986,360f1bcc-aa60-4052-a18a-b33da5745ff4,47.3595055,-121.5711045
2017-04-10 06:00:00,3.5999999046325684,360f1bcc-aa60-4052-a18a-b33da5745ff4,47.3595055,-121.5711045
2017-04-11 06:00:00,6.0559828106154745,360f1bcc-aa60-4052-a18a-b33da5745ff4,47.3595055,-121.5711045
2017-04-12 06:00:00,6.0559828106154745,360f1bcc-aa60-4052-a18a-b33da5745ff4,47.3595055,-121.5711045
2017-04-13 06:00:00,2.3088033837130943,360f1bcc-aa60-4052-a18a-b33da5745ff4,47.3595055,-121.5711045
2017-04-14 06:00:00,2.891196663970621,360f1bcc-aa60-4052-a18a-b33da5745ff4,47.3595055,-121.5711045
2017-04-15 06:00:00,1.9911965790976827,360f1bcc-aa60-4052-a18a-b33da5745ff4,47.3595055,-121.5711045
2017-04-16 06:00:00,8.238376233924148,360f1bcc-aa60-4052-a18a-b33da5745ff4,47.3595055,-121.5711045
2017-04-17 06:00:00,2.700000047683716,360f1bcc-aa60-4052-a18a-b33da5745ff4,47.3595055,-121.5711045
2017-04-18 06:00:00,1.8176067941209189,360f1bcc-aa60-4052-a18a-b33da5745ff4,47.3595055,-121.5711045
2017-04-19 06:00:00,3.5911964942247434,360f1bcc-aa60-4052-a18a-b33da5745ff4,47.3595055,-121.5711045
2017-04-20 06:00:00,3.373589822165987,360f1bcc-aa60-4052-a18a-b33da5745ff4,47.3595055,-121.5711045
2017-04-21 06:00:00,3.8647864117581623,360f1bcc-aa60-4052-a18a-b33da5745ff4,47.3595055,-121.5711045
2017-04-22 06:00:00,6.564786221023299,360f1bcc-aa60-4052-a18a-b33da5745ff4,47.3595055,-121.5711045
2017-04-23 06:00:00,1.9088033970604597,360f1bcc-aa60-4052-a18a-b33da5745ff4,47.3595055,-121.5711045
2017-04-24 06:00:00,2.2911965419084597,360f1bcc-aa60-4052-a18a-b33da5745ff4,47.3595055,-121.5711045
2017-04-25 06:00:00,2.5,360f1bcc-aa60-4052-a18a-b33da5745ff4,47.3595055,-121.5711045
2017-04-26 06:00:00,4.391196684959608,360f1bcc-aa60-4052-a18a-b33da5745ff4,47.3595055,-121.5711045
2017-04-27 06:00:00,5.155982715248042,360f1bcc-aa60-4052-a18a-b33da5745ff4,47.3595055,-121.5711045
2017-04-28 06:00:00,3.7559828582991903,360f1bcc-aa60-4052-a18a-b33da5745ff4,47.3595055,-121.5711045
2017-04-29 06:00:00,2.0,360f1bcc-aa60-4052-a18a-b33da5745ff4,47.3595055,-121.5711045
2017-04-30 06:00:00,4.964786316390731,360f1bcc-aa60-4052-a18a-b33da5745ff4,47.3595055,-121.5711045
2017-05-01 06:00:00,2.0735896524201096,360f1bcc-aa60-4052-a18a-b33da5745ff4,47.3595055,-121.5711045
2017-05-02 06:00:00,2.2911965419084597,360f1bcc-aa60-4052-a18a-b33da5745ff4,47.3595055,-121.5711045
2017-05-03 06:00:00,2.6823932058790807,360f1bcc-aa60-4052-a18a-b33da5745ff4,47.3595055,-121.5711045
2017-05-04 06:00:00,3.8559830013503373,360f1bcc-aa60-4052-a18a-b33da5745ff4,47.3595055,-121.5711045
2017-05-05 06:00:00,3.799999952316284,360f1bcc-aa60-4052-a18a-b33da5745ff4,47.3595055,-121.5711045
2017-05-06 06:00:00,4.564786221023299,360f1bcc-aa60-4052-a18a-b33da5745ff4,47.3595055,-121.5711045
2017-05-07 06:00:00,3.8647864117581623,360f1bcc-aa60-4052-a18a-b33da5745ff4,47.3595055,-121.5711045
2017-05-08 06:00:00,1.5,360f1bcc-aa60-4052-a18a-b33da5745ff4,47.3595055,-121.5711045
2017-05-09 06:00:00,1.882393144848001,360f1bcc-aa60-4052-a18a-b33da5745ff4,47.3595055,-121.5711045
2017-05-10 06:00:00,2.4823931581953653,360f1bcc-aa60-4052-a18a-b33da5745ff4,47.3595055,-121.5711045
2017-05-11 06:00:00,3.108803336029379,360f1bcc-aa60-4052-a18a-b33da5745ff4,47.3595055,-121.5711045
2017-05-12 06:00:00,2.4088035057752566,360f1bcc-aa60-4052-a18a-b33da5745ff4,47.3595055,-121.5711045
2017-05-13 06:00:00,2.1911966162869057,360f1bcc-aa60-4052-a18a-b33da5745ff4,47.3595055,-121.5711045
2017-05-14 06:00:00,1.899999976158142,360f1bcc-aa60-4052-a18a-b33da5745ff4,47.3595055,-121.5711045
2017-05-15 06:00:00,2.0,360f1bcc-aa60-4052-a18a-b33da5745ff4,47.3595055,-121.5711045
2017-05-16 06:00:00,4.591196494224745,360f1bcc-aa60-4052-a18a-b33da5745ff4,47.3595055,-121.5711045
2017-05-17 06:00:00,5.54717940020765,360f1bcc-aa60-4052-a18a-b33da5745ff4,47.3595055,-121.5711045
2017-05-18 06:00:00,1.9823931581953653,360f1bcc-aa60-4052-a18a-b33da5745ff4,47.3595055,-121.5711045
2017-05-19 06:00:00,1.882393144848001,360f1bcc-aa60-4052-a18a-b33da5745ff4,47.3595055,-121.5711045
2017-05-20 06:00:00,4.564786221023299,360f1bcc-aa60-4052-a18a-b33da5745ff4,47.3595055,-121.5711045
2017-05-21 06:00:00,2.0911964942247443,360f1bcc-aa60-4052-a18a-b33da5745ff4,47.3595055,-121.5711045
2017-05-22 06:00:00,2.3823932535627974,360f1bcc-aa60-4052-a18a-b33da5745ff4,47.3595055,-121.5711045
2017-05-23 06:00:00,4.773589917533418,360f1bcc-aa60-4052-a18a-b33da5745ff4,47.3595055,-121.5711045
2017-05-24 06:00:00,7.438376085167258,360f1bcc-aa60-4052-a18a-b33da5745ff4,47.3595055,-121.5711045
2017-05-25 06:00:00,3.6647863640744465,360f1bcc-aa60-4052-a18a-b33da5745ff4,47.3595055,-121.5711045
2017-05-26 06:00:00,2.882393253562797,360f1bcc-aa60-4052-a18a-b33da5745ff4,47.3595055,-121.5711045
2017-05-27 06:00:00,2.2823931105116495,360f1bcc-aa60-4052-a18a-b33da5745ff4,47.3595055,-121.5711045
2017-05-28 06:00:00,2.773589700103825,360f1bcc-aa60-4052-a18a-b33da5745ff4,47.3595055,-121.5711045
2017-05-29 06:00:00,2.4823931581953653,360f1bcc-aa60-4052-a18a-b33da5745ff4,47.3595055,-121.5711045
2017-05-30 06:00:00,2.0999999046325684,360f1bcc-aa60-4052-a18a-b33da5745ff4,47.3595055,-121.5711045
2017-05-31 06:00:00,4.155982736237029,360f1bcc-aa60-4052-a18a-b33da5745ff4,47.3595055,-121.5711045
2017-06-01 06:00:00,2.691196616286905,360f1bcc-aa60-4052-a18a-b33da5745ff4,47.3595055,-121.5711045
2017-06-02 06:00:00,1.899999976158142,360f1bcc-aa60-4052-a18a-b33da5745ff4,47.3595055,-121.5711045
2017-06-03 06:00:00,3.873589822165987,360f1bcc-aa60-4052-a18a-b33da5745ff4,47.3595055,-121.5711045
2017-06-04 06:00:00,5.355983001350338,360f1bcc-aa60-4052-a18a-b33da5745ff4,47.3595055,-121.5711045
2017-06-05 06:00:00,3.6735897954712575,360f1bcc-aa60-4052-a18a-b33da5745ff4,47.3595055,-121.5711045
2017-06-06 06:00:00,5.147179304840218,360f1bcc-aa60-4052-a18a-b33da5745ff4,47.3595055,-121.5711045
2017-06-07 06:00:00,3.382393253562797,360f1bcc-aa60-4052-a18a-b33da5745ff4,47.3595055,-121.5711045
2017-06-08 06:00:00,3.5999999046325684,360f1bcc-aa60-4052-a18a-b33da5745ff4,47.3595055,-121.5711045
2017-06-09 06:00:00,1.891196555255825,360f1bcc-aa60-4052-a18a-b33da5745ff4,47.3595055,-121.5711045
2017-06-10 06:00:00,3.5647862420122847,360f1bcc-aa60-4052-a18a-b33da5745ff4,47.3595055,-121.5711045
2017-06-11 06:00:00,3.8647864117581623,360f1bcc-aa60-4052-a18a-b33da5745ff4,47.3595055,-121.5711045
2017-06-12 06:00:00,6.355983001350338,360f1bcc-aa60-4052-a18a-b33da5745ff4,47.3595055,-121.5711045
2017-06-13 06:00:00,6.347179590942515,360f1bcc-aa60-4052-a18a-b33da5745ff4,47.3595055,-121.5711045
2017-06-14 06:00:00,2.0911964942247443,360f1bcc-aa60-4052-a18a-b33da5745ff4,47.3595055,-121.5711045
2017-06-15 06:00:00,3.799999952316284,360f1bcc-aa60-4052-a18a-b33da5745ff4,47.3595055,-121.5711045
2017-06-16 06:00:00,3.5823930838169193,360f1bcc-aa60-4052-a18a-b33da5745ff4,47.3595055,-121.5711045
2017-06-17 06:00:00,2.3823932535627974,360f1bcc-aa60-4052-a18a-b33da5745ff4,47.3595055,-121.5711045
2017-06-18 06:00:00,1.5911966029395408,360f1bcc-aa60-4052-a18a-b33da5745ff4,47.3595055,-121.5711045
2017-06-19 06:00:00,2.873589822165987,360f1bcc-aa60-4052-a18a-b33da5745ff4,47.3595055,-121.5711045
2017-06-20 06:00:00,5.655982715248043,360f1bcc-aa60-4052-a18a-b33da5745ff4,47.3595055,-121.5711045
2017-06-21 06:00:00,5.364786411758161,360f1bcc-aa60-4052-a18a-b33da5745ff4,47.3595055,-121.5711045
2017-06-22 06:00:00,2.4088035057752566,360f1bcc-aa60-4052-a18a-b33da5745ff4,47.3595055,-121.5711045
2017-06-23 06:00:00,3.473589747787541,360f1bcc-aa60-4052-a18a-b33da5745ff4,47.3595055,-121.5711045
2017-06-24 06:00:00,5.355983001350338,360f1bcc-aa60-4052-a18a-b33da5745ff4,47.3595055,-121.5711045
2017-06-25 06:00:00,5.04717940020765,360f1bcc-aa60-4052-a18a-b33da5745ff4,47.3595055,-121.5711045
2017-06-26 06:00:00,4.66478616763384,360f1bcc-aa60-4052-a18a-b33da5745ff4,47.3595055,-121.5711045
2017-06-27 06:00:00,5.755983096717769,360f1bcc-aa60-4052-a18a-b33da5745ff4,47.3595055,-121.5711045
2017-06-28 06:00:00,5.955982905982906,360f1bcc-aa60-4052-a18a-b33da5745ff4,47.3595055,-121.5711045
2017-06-29 06:00:00,2.0911964942247443,360f1bcc-aa60-4052-a18a-b33da5745ff4,47.3595055,-121.5711045
2017-06-30 06:00:00,2.2823931105116495,360f1bcc-aa60-4052-a18a-b33da5745ff4,47.3595055,-121.5711045
2017-07-01 06:00:00,5.0559828106154745,360f1bcc-aa60-4052-a18a-b33da5745ff4,47.3595055,-121.5711045
2017-07-02 06:00:00,4.164786146644854,360f1bcc-aa60-4052-a18a-b33da5745ff4,47.3595055,-121.5711045
2017-07-03 06:00:00,5.155982715248042,360f1bcc-aa60-4052-a18a-b33da5745ff4,47.3595055,-121.5711045
2017-07-04 06:00:00,2.0911964942247443,360f1bcc-aa60-4052-a18a-b33da5745ff4,47.3595055,-121.5711045
2017-07-05 06:00:00,1.5911966029395408,360f1bcc-aa60-4052-a18a-b33da5745ff4,47.3595055,-121.5711045
2017-07-06 06:00:00,1.9823931581953653,360f1bcc-aa60-4052-a18a-b33da5745ff4,47.3595055,-121.5711045
2017-07-07 06:00:00,3.482393158195365,360f1bcc-aa60-4052-a18a-b33da5745ff4,47.3595055,-121.5711045
2017-07-08 06:00:00,3.473589747787541,360f1bcc-aa60-4052-a18a-b33da5745ff4,47.3595055,-121.5711045
2017-07-09 06:00:00,5.16478616763384,360f1bcc-aa60-4052-a18a-b33da5745ff4,47.3595055,-121.5711045
2017-07-10 06:00:00,6.355983001350338,360f1bcc-aa60-4052-a18a-b33da5745ff4,47.3595055,-121.5711045
2017-07-11 06:00:00,4.0647862420122856,360f1bcc-aa60-4052-a18a-b33da5745ff4,47.3595055,-121.5711045
2017-07-12 06:00:00,3.373589822165987,360f1bcc-aa60-4052-a18a-b33da5745ff4,47.3595055,-121.5711045
2017-07-13 06:00:00,3.9735897477875413,360f1bcc-aa60-4052-a18a-b33da5745ff4,47.3595055,-121.5711045
2017-07-14 06:00:00,2.1823932058790816,360f1bcc-aa60-4052-a18a-b33da5745ff4,47.3595055,-121.5711045
2017-07-15 06:00:00,4.473589726798554,360f1bcc-aa60-4052-a18a-b33da5745ff4,47.3595055,-121.5711045
2017-07-16 06:00:00,4.373589822165987,360f1bcc-aa60-4052-a18a-b33da5745ff4,47.3595055,-121.5711045
2017-07-17 06:00:00,2.299999952316284,360f1bcc-aa60-4052-a18a-b33da5745ff4,47.3595055,-121.5711045
2017-07-18 06:00:00,1.9911965790976827,360f1bcc-aa60-4052-a18a-b33da5745ff4,47.3595055,-121.5711045
2017-07-19 06:00:00,3.6735897954712575,360f1bcc-aa60-4052-a18a-b33da5745ff4,47.3595055,-121.5711045
2017-07-20 06:00:00,4.673589578041665,360f1bcc-aa60-4052-a18a-b33da5745ff4,47.3595055,-121.5711045
2017-07-21 06:00:00,2.3823932535627974,360f1bcc-aa60-4052-a18a-b33da5745ff4,47.3595055,-121.5711045
2017-07-22 06:00:00,1.9823931581953653,360f1bcc-aa60-4052-a18a-b33da5745ff4,47.3595055,-121.5711045
2017-07-23 06:00:00,4.673589578041665,360f1bcc-aa60-4052-a18a-b33da5745ff4,47.3595055,-121.5711045
2017-07-24 06:00:00,2.4000000953674316,360f1bcc-aa60-4052-a18a-b33da5745ff4,47.3595055,-121.5711045
2017-07-25 06:00:00,1.891196555255825,360f1bcc-aa60-4052-a18a-b33da5745ff4,47.3595055,-121.5711045
2017-07-26 06:00:00,3.6735897954712575,360f1bcc-aa60-4052-a18a-b33da5745ff4,47.3595055,-121.5711045
2017-07-27 06:00:00,4.364786411758163,360f1bcc-aa60-4052-a18a-b33da5745ff4,47.3595055,-121.5711045
2017-07-28 06:00:00,3.9735897477875413,360f1bcc-aa60-4052-a18a-b33da5745ff4,47.3595055,-121.5711045
2017-07-29 06:00:00,4.164786146644854,360f1bcc-aa60-4052-a18a-b33da5745ff4,47.3595055,-121.5711045
2017-07-30 06:00:00,3.773589700103826,360f1bcc-aa60-4052-a18a-b33da5745ff4,47.3595055,-121.5711045
2017-07-31 06:00:00,2.9000000953674316,360f1bcc-aa60-4052-a18a-b33da5745ff4,47.3595055,-121.5711045
2017-08-01 06:00:00,2.0088034104078245,360f1bcc-aa60-4052-a18a-b33da5745ff4,47.3595055,-121.5711045
2017-08-02 06:00:00,3.2823931105116495,360f1bcc-aa60-4052-a18a-b33da5745ff4,47.3595055,-121.5711045
2017-08-03 06:00:00,2.773589700103825,360f1bcc-aa60-4052-a18a-b33da5745ff4,47.3595055,-121.5711045
2017-08-04 06:00:00,4.66478616763384,360f1bcc-aa60-4052-a18a-b33da5745ff4,47.3595055,-121.5711045
2017-08-05 06:00:00,3.5647862420122847,360f1bcc-aa60-4052-a18a-b33da5745ff4,47.3595055,-121.5711045
2017-08-06 06:00:00,2.873589822165987,360f1bcc-aa60-4052-a18a-b33da5745ff4,47.3595055,-121.5711045
2017-08-07 06:00:00,3.1735897954712575,360f1bcc-aa60-4052-a18a-b33da5745ff4,47.3595055,-121.5711045
2017-08-08 06:00:00,2.973589747787541,360f1bcc-aa60-4052-a18a-b33da5745ff4,47.3595055,-121.5711045
2017-08-09 06:00:00,2.1911966162869057,360f1bcc-aa60-4052-a18a-b33da5745ff4,47.3595055,-121.5711045
2017-08-10 06:00:00,2.58239308381692,360f1bcc-aa60-4052-a18a-b33da5745ff4,47.3595055,-121.5711045
2017-08-11 06:00:00,3.873589822165987,360f1bcc-aa60-4052-a18a-b33da5745ff4,47.3595055,-121.5711045
2017-08-12 06:00:00,4.364786411758163,360f1bcc-aa60-4052-a18a-b33da5745ff4,47.3595055,-121.5711045
2017-08-13 06:00:00,4.473589726798554,360f1bcc-aa60-4052-a18a-b33da5745ff4,47.3595055,-121.5711045
2017-08-14 06:00:00,4.173589578041664,360f1bcc-aa60-4052-a18a-b33da5745ff4,47.3595055,-121.5711045
2017-08-15 06:00:00,4.164786146644854,360f1bcc-aa60-4052-a18a-b33da5745ff4,47.3595055,-121.5711045
2017-08-16 06:00:00,4.473589726798554,360f1bcc-aa60-4052-a18a-b33da5745ff4,47.3595055,-121.5711045
2017-08-17 06:00:00,4.864786411758162,360f1bcc-aa60-4052-a18a-b33da5745ff4,47.3595055,-121.5711045
2017-08-18 06:00:00,4.864786411758162,360f1bcc-aa60-4052-a18a-b33da5745ff4,47.3595055,-121.5711045
2017-08-19 06:00:00,4.464786316390731,360f1bcc-aa60-4052-a18a-b33da5745ff4,47.3595055,-121.5711045
2017-08-20 06:00:00,3.873589822165987,360f1bcc-aa60-4052-a18a-b33da5745ff4,47.3595055,-121.5711045
2017-08-21 06:00:00,2.782393110511649,360f1bcc-aa60-4052-a18a-b33da5745ff4,47.3595055,-121.5711045
2017-08-22 06:00:00,3.1735897954712575,360f1bcc-aa60-4052-a18a-b33da5745ff4,47.3595055,-121.5711045
2017-08-23 06:00:00,3.6735897954712575,360f1bcc-aa60-4052-a18a-b33da5745ff4,47.3595055,-121.5711045
2017-08-24 06:00:00,4.764786507125595,360f1bcc-aa60-4052-a18a-b33da5745ff4,47.3595055,-121.5711045
2017-08-25 06:00:00,2.3911966639706215,360f1bcc-aa60-4052-a18a-b33da5745ff4,47.3595055,-121.5711045
2017-08-26 06:00:00,1.899999976158142,360f1bcc-aa60-4052-a18a-b33da5745ff4,47.3595055,-121.5711045
2017-08-27 06:00:00,3.382393253562797,360f1bcc-aa60-4052-a18a-b33da5745ff4,47.3595055,-121.5711045
2017-08-28 06:00:00,3.064786242012285,360f1bcc-aa60-4052-a18a-b33da5745ff4,47.3595055,-121.5711045
2017-08-29 06:00:00,2.79119654190846,360f1bcc-aa60-4052-a18a-b33da5745ff4,47.3595055,-121.5711045
2017-08-30 06:00:00,4.564786221023299,360f1bcc-aa60-4052-a18a-b33da5745ff4,47.3595055,-121.5711045
2017-08-31 06:00:00,4.755983096717769,360f1bcc-aa60-4052-a18a-b33da5745ff4,47.3595055,-121.5711045
2017-09-01 06:00:00,1.7176068789938577,360f1bcc-aa60-4052-a18a-b33da5745ff4,47.3595055,-121.5711045
2017-09-02 06:00:00,2.591196494224744,360f1bcc-aa60-4052-a18a-b33da5745ff4,47.3595055,-121.5711045
2017-09-03 06:00:00,2.591196494224744,360f1bcc-aa60-4052-a18a-b33da5745ff4,47.3595055,-121.5711045
2017-09-04 06:00:00,5.155982715248042,360f1bcc-aa60-4052-a18a-b33da5745ff4,47.3595055,-121.5711045
2017-09-05 06:00:00,5.638375894432394,360f1bcc-aa60-4052-a18a-b33da5745ff4,47.3595055,-121.5711045
2017-09-06 06:00:00,3.073589652420109,360f1bcc-aa60-4052-a18a-b33da5745ff4,47.3595055,-121.5711045
2017-09-07 06:00:00,4.855983001350338,360f1bcc-aa60-4052-a18a-b33da5745ff4,47.3595055,-121.5711045
2017-09-08 06:00:00,3.9647863163907306,360f1bcc-aa60-4052-a18a-b33da5745ff4,47.3595055,-121.5711045
2017-09-09 06:00:00,3.9823931581953653,360f1bcc-aa60-4052-a18a-b33da5745ff4,47.3595055,-121.5711045
2017-09-10 06:00:00,3.5647862420122847,360f1bcc-aa60-4052-a18a-b33da5745ff4,47.3595055,-121.5711045
2017-09-11 06:00:00,2.0999999046325684,360f1bcc-aa60-4052-a18a-b33da5745ff4,47.3595055,-121.5711045
2017-09-12 06:00:00,3.482393158195365,360f1bcc-aa60-4052-a18a-b33da5745ff4,47.3595055,-121.5711045
2017-09-13 06:00:00,3.9735897477875413,360f1bcc-aa60-4052-a18a-b33da5745ff4,47.3595055,-121.5711045
2017-09-14 06:00:00,3.1911966162869057,360f1bcc-aa60-4052-a18a-b33da5745ff4,47.3595055,-121.5711045
2017-09-15 06:00:00,2.882393253562797,360f1bcc-aa60-4052-a18a-b33da5745ff4,47.3595055,-121.5711045
2017-09-16 06:00:00,3.473589747787541,360f1bcc-aa60-4052-a18a-b33da5745ff4,47.3595055,-121.5711045
2017-09-17 06:00:00,3.3088033837130943,360f1bcc-aa60-4052-a18a-b33da5745ff4,47.3595055,-121.5711045
2017-09-18 06:00:00,3.799999952316284,360f1bcc-aa60-4052-a18a-b33da5745ff4,47.3595055,-121.5711045
2017-09-19 06:00:00,4.099999904632568,360f1bcc-aa60-4052-a18a-b33da5745ff4,47.3595055,-121.5711045
2017-09-20 06:00:00,4.355983001350339,360f1bcc-aa60-4052-a18a-b33da5745ff4,47.3595055,-121.5711045
2017-09-21 06:00:00,4.355983001350339,360f1bcc-aa60-4052-a18a-b33da5745ff4,47.3595055,-121.5711045
2017-09-22 06:00:00,3.5823930838169193,360f1bcc-aa60-4052-a18a-b33da5745ff4,47.3595055,-121.5711045
2017-09-23 06:00:00,3.073589652420109,360f1bcc-aa60-4052-a18a-b33da5745ff4,47.3595055,-121.5711045
2017-09-24 06:00:00,2.2823931105116495,360f1bcc-aa60-4052-a18a-b33da5745ff4,47.3595055,-121.5711045
2017-09-25 06:00:00,2.3735898221659864,360f1bcc-aa60-4052-a18a-b33da5745ff4,47.3595055,-121.5711045
2017-09-26 06:00:00,1.6088034447441755,360f1bcc-aa60-4052-a18a-b33da5745ff4,47.3595055,-121.5711045
2017-09-27 06:00:00,5.155982715248042,360f1bcc-aa60-4052-a18a-b33da5745ff4,47.3595055,-121.5711045
2017-09-28 06:00:00,5.54717940020765,360f1bcc-aa60-4052-a18a-b33da5745ff4,47.3595055,-121.5711045
2017-09-29 06:00:00,3.491196589592176,360f1bcc-aa60-4052-a18a-b33da5745ff4,47.3595055,-121.5711045
2017-09-30 06:00:00,4.773589917533418,360f1bcc-aa60-4052-a18a-b33da5745ff4,47.3595055,-121.5711045
2017-10-01 06:00:00,5.064786221023299,360f1bcc-aa60-4052-a18a-b33da5745ff4,47.3595055,-121.5711045
2017-10-02 06:00:00,3.5823930838169193,360f1bcc-aa60-4052-a18a-b33da5745ff4,47.3595055,-121.5711045
2017-10-03 06:00:00,3.482393158195365,360f1bcc-aa60-4052-a18a-b33da5745ff4,47.3595055,-121.5711045
2017-10-04 06:00:00,2.0911964942247443,360f1bcc-aa60-4052-a18a-b33da5745ff4,47.3595055,-121.5711045
2017-10-05 06:00:00,2.3911966639706215,360f1bcc-aa60-4052-a18a-b33da5745ff4,47.3595055,-121.5711045
2017-10-06 06:00:00,5.873589822165987,360f1bcc-aa60-4052-a18a-b33da5745ff4,47.3595055,-121.5711045
2017-10-07 06:00:00,6.973589726798554,360f1bcc-aa60-4052-a18a-b33da5745ff4,47.3595055,-121.5711045
2017-10-08 06:00:00,4.955982905982906,360f1bcc-aa60-4052-a18a-b33da5745ff4,47.3595055,-121.5711045
2017-10-09 06:00:00,2.1823932058790816,360f1bcc-aa60-4052-a18a-b33da5745ff4,47.3595055,-121.5711045
2017-10-10 06:00:00,3.882393253562797,360f1bcc-aa60-4052-a18a-b33da5745ff4,47.3595055,-121.5711045
2017-10-11 06:00:00,3.6735897954712575,360f1bcc-aa60-4052-a18a-b33da5745ff4,47.3595055,-121.5711045
2017-10-12 06:00:00,2.299999952316284,360f1bcc-aa60-4052-a18a-b33da5745ff4,47.3595055,-121.5711045
2017-10-13 06:00:00,5.073589673409096,360f1bcc-aa60-4052-a18a-b33da5745ff4,47.3595055,-121.5711045
2017-10-14 06:00:00,2.2735897001038254,360f1bcc-aa60-4052-a18a-b33da5745ff4,47.3595055,-121.5711045
2017-10-15 06:00:00,2.573589652420109,360f1bcc-aa60-4052-a18a-b33da5745ff4,47.3595055,-121.5711045
2017-10-16 06:00:00,3.1911966162869057,360f1bcc-aa60-4052-a18a-b33da5745ff4,47.3595055,-121.5711045
2017-10-17 06:00:00,5.191196398857313,360f1bcc-aa60-4052-a18a-b33da5745ff4,47.3595055,-121.5711045
2017-10-18 06:00:00,4.626410177834014,360f1bcc-aa60-4052-a18a-b33da5745ff4,47.3595055,-121.5711045
2017-10-19 06:00:00,2.626410177834013,360f1bcc-aa60-4052-a18a-b33da5745ff4,47.3595055,-121.5711045
2017-10-20 06:00:00,5.191196398857313,360f1bcc-aa60-4052-a18a-b33da5745ff4,47.3595055,-121.5711045
2017-10-21 06:00:00,5.300000190734863,360f1bcc-aa60-4052-a18a-b33da5745ff4,47.3595055,-121.5711045
2017-10-22 06:00:00,7.0823930838169185,360f1bcc-aa60-4052-a18a-b33da5745ff4,47.3595055,-121.5711045
2017-10-23 06:00:00,2.0911964942247443,360f1bcc-aa60-4052-a18a-b33da5745ff4,47.3595055,-121.5711045
2017-10-24 06:00:00,3.8647864117581623,360f1bcc-aa60-4052-a18a-b33da5745ff4,47.3595055,-121.5711045
2017-10-25 06:00:00,4.164786146644854,360f1bcc-aa60-4052-a18a-b33da5745ff4,47.3595055,-121.5711045
2017-10-26 06:00:00,4.464786316390731,360f1bcc-aa60-4052-a18a-b33da5745ff4,47.3595055,-121.5711045
2017-10-27 06:00:00,6.8383761385567166,360f1bcc-aa60-4052-a18a-b33da5745ff4,47.3595055,-121.5711045
2017-10-28 06:00:00,3.8559830013503373,360f1bcc-aa60-4052-a18a-b33da5745ff4,47.3595055,-121.5711045
2017-10-29 06:00:00,4.66478616763384,360f1bcc-aa60-4052-a18a-b33da5745ff4,47.3595055,-121.5711045
2017-10-30 06:00:00,6.638375894432394,360f1bcc-aa60-4052-a18a-b33da5745ff4,47.3595055,-121.5711045
2017-10-31 06:00:00,4.355983001350339,360f1bcc-aa60-4052-a18a-b33da5745ff4,47.3595055,-121.5711045
2017-11-01 06:00:00,5.482393179184353,360f1bcc-aa60-4052-a18a-b33da5745ff4,47.3595055,-121.5711045
2017-11-02 06:00:00,3.617606746437203,360f1bcc-aa60-4052-a18a-b33da5745ff4,47.3595055,-121.5711045
2017-11-03 06:00:00,1.6911966267813985,360f1bcc-aa60-4052-a18a-b33da5745ff4,47.3595055,-121.5711045
2017-11-04 06:00:00,2.773589700103825,360f1bcc-aa60-4052-a18a-b33da5745ff4,47.3595055,-121.5711045
2017-11-05 06:00:00,2.773589700103825,360f1bcc-aa60-4052-a18a-b33da5745ff4,47.3595055,-121.5711045
2017-11-06 06:00:00,2.973589747787541,360f1bcc-aa60-4052-a18a-b33da5745ff4,47.3595055,-121.5711045
2017-11-07 06:00:00,8.920769264351609,360f1bcc-aa60-4052-a18a-b33da5745ff4,47.3595055,-121.5711045
2017-11-08 06:00:00,10.703162550314877,360f1bcc-aa60-4052-a18a-b33da5745ff4,47.3595055,-121.5711045
2017-11-09 06:00:00,4.773589917533418,360f1bcc-aa60-4052-a18a-b33da5745ff4,47.3595055,-121.5711045
2017-11-10 06:00:00,1.6823932058790814,360f1bcc-aa60-4052-a18a-b33da5745ff4,47.3595055,-121.5711045
2017-11-11 06:00:00,4.382393232573811,360f1bcc-aa60-4052-a18a-b33da5745ff4,47.3595055,-121.5711045
2017-11-12 06:00:00,4.582393083816919,360f1bcc-aa60-4052-a18a-b33da5745ff4,47.3595055,-121.5711045
2017-11-13 06:00:00,6.717606672058759,360f1bcc-aa60-4052-a18a-b33da5745ff4,47.3595055,-121.5711045
2017-11-14 06:00:00,5.108803315040393,360f1bcc-aa60-4052-a18a-b33da5745ff4,47.3595055,-121.5711045
2017-11-15 06:00:00,3.9088035057752557,360f1bcc-aa60-4052-a18a-b33da5745ff4,47.3595055,-121.5711045
2017-11-16 06:00:00,2.5176068418046347,360f1bcc-aa60-4052-a18a-b33da5745ff4,47.3595055,-121.5711045
2017-11-17 06:00:00,4.891196684959608,360f1bcc-aa60-4052-a18a-b33da5745ff4,47.3595055,-121.5711045
2017-11-18 06:00:00,2.3088033837130943,360f1bcc-aa60-4052-a18a-b33da5745ff4,47.3595055,-121.5711045
2017-11-19 06:00:00,3.526410252212459,360f1bcc-aa60-4052-a18a-b33da5745ff4,47.3595055,-121.5711045
2017-11-20 06:00:00,4.482393179184352,360f1bcc-aa60-4052-a18a-b33da5745ff4,47.3595055,-121.5711045
2017-11-21 06:00:00,5.08239308381692,360f1bcc-aa60-4052-a18a-b33da5745ff4,47.3595055,-121.5711045
2017-11-22 06:00:00,3.108803336029379,360f1bcc-aa60-4052-a18a-b33da5745ff4,47.3595055,-121.5711045
2017-11-23 06:00:00,4.417606916183081,360f1bcc-aa60-4052-a18a-b33da5745ff4,47.3595055,-121.5711045
2017-11-24 06:00:00,3.2088034580915403,360f1bcc-aa60-4052-a18a-b33da5745ff4,47.3595055,-121.5711045
2017-11-25 06:00:00,6.264786507125595,360f1bcc-aa60-4052-a18a-b33da5745ff4,47.3595055,-121.5711045
2017-11-26 06:00:00,4.900000095367432,360f1bcc-aa60-4052-a18a-b33da5745ff4,47.3595055,-121.5711045
2017-11-27 06:00:00,3.2911965419084597,360f1bcc-aa60-4052-a18a-b33da5745ff4,47.3595055,-121.5711045
2017-11-28 06:00:00,3.8088033837130952,360f1bcc-aa60-4052-a18a-b33da5745ff4,47.3595055,-121.5711045
2017-11-29 06:00:00,3.299999952316284,360f1bcc-aa60-4052-a18a-b33da5745ff4,47.3595055,-121.5711045
2017-11-30 06:00:00,2.6088033360293785,360f1bcc-aa60-4052-a18a-b33da5745ff4,47.3595055,-121.5711045
2017-12-01 06:00:00,3.0088034104078245,360f1bcc-aa60-4052-a18a-b33da5745ff4,47.3595055,-121.5711045
2017-12-02 06:00:00,2.299999952316284,360f1bcc-aa60-4052-a18a-b33da5745ff4,47.3595055,-121.5711045
2017-12-03 06:00:00,5.647179304840218,360f1bcc-aa60-4052-a18a-b33da5745ff4,47.3595055,-121.5711045
2017-12-04 06:00:00,3.6647863640744465,360f1bcc-aa60-4052-a18a-b33da5745ff4,47.3595055,-121.5711045
2017-12-05 06:00:00,3.382393253562797,360f1bcc-aa60-4052-a18a-b33da5745ff4,47.3595055,-121.5711045
2017-12-06 06:00:00,7.729572823516325,360f1bcc-aa60-4052-a18a-b33da5745ff4,47.3595055,-121.5711045
2017-12-07 06:00:00,5.938376085167258,360f1bcc-aa60-4052-a18a-b33da5745ff4,47.3595055,-121.5711045
2017-12-08 06:00:00,3.764786289696002,360f1bcc-aa60-4052-a18a-b33da5745ff4,47.3595055,-121.5711045
2017-12-09 06:00:00,4.155982736237029,360f1bcc-aa60-4052-a18a-b33da5745ff4,47.3595055,-121.5711045
2017-12-10 06:00:00,5.638375894432394,360f1bcc-aa60-4052-a18a-b33da5745ff4,47.3595055,-121.5711045
2017-12-11 06:00:00,6.04717940020765,360f1bcc-aa60-4052-a18a-b33da5745ff4,47.3595055,-121.5711045
2017-12-12 06:00:00,1.3911965552558245,360f1bcc-aa60-4052-a18a-b33da5745ff4,47.3595055,-121.5711045
2017-12-13 06:00:00,3.373589822165987,360f1bcc-aa60-4052-a18a-b33da5745ff4,47.3595055,-121.5711045
2017-12-14 06:00:00,5.447179495575082,360f1bcc-aa60-4052-a18a-b33da5745ff4,47.3595055,-121.5711045
2017-12-15 06:00:00,4.355983001350339,360f1bcc-aa60-4052-a18a-b33da5745ff4,47.3595055,-121.5711045
2017-12-16 06:00:00,3.8647864117581623,360f1bcc-aa60-4052-a18a-b33da5745ff4,47.3595055,-121.5711045
2017-12-17 06:00:00,4.391196684959608,360f1bcc-aa60-4052-a18a-b33da5745ff4,47.3595055,-121.5711045
2017-12-18 06:00:00,6.5559828106154745,360f1bcc-aa60-4052-a18a-b33da5745ff4,47.3595055,-121.5711045
2017-12-19 06:00:00,3.7088034580915403,360f1bcc-aa60-4052-a18a-b33da5745ff4,47.3595055,-121.5711045
2017-12-20 06:00:00,5.564786221023298,360f1bcc-aa60-4052-a18a-b33da5745ff4,47.3595055,-121.5711045
2017-12-21 06:00:00,3.2647862896960005,360f1bcc-aa60-4052-a18a-b33da5745ff4,47.3595055,-121.5711045
2017-12-22 06:00:00,3.5735896524201087,360f1bcc-aa60-4052-a18a-b33da5745ff4,47.3595055,-121.5711045
2017-12-23 06:00:00,4.273589917533418,360f1bcc-aa60-4052-a18a-b33da5745ff4,47.3595055,-121.5711045
2017-12-24 06:00:00,8.220769413108501,360f1bcc-aa60-4052-a18a-b33da5745ff4,47.3595055,-121.5711045
2017-12-25 06:00:00,1.6823932058790814,360f1bcc-aa60-4052-a18a-b33da5745ff4,47.3595055,-121.5711045
2017-12-26 06:00:00,3.5647862420122847,360f1bcc-aa60-4052-a18a-b33da5745ff4,47.3595055,-121.5711045
2017-12-27 06:00:00,1.6735897849767638,360f1bcc-aa60-4052-a18a-b33da5745ff4,47.3595055,-121.5711045
2017-12-28 06:00:00,2.591196494224744,360f1bcc-aa60-4052-a18a-b33da5745ff4,47.3595055,-121.5711045
2017-12-29 06:00:00,2.9911965895921764,360f1bcc-aa60-4052-a18a-b33da5745ff4,47.3595055,-121.5711045
2017-12-30 06:00:00,5.873589822165987,360f1bcc-aa60-4052-a18a-b33da5745ff4,47.3595055,-121.5711045
2017-12-31 06:00:00,4.164786146644854,360f1bcc-aa60-4052-a18a-b33da5745ff4,47.3595055,-121.5711045
2018-01-01 06:00:00,5.0559828106154745,360f1bcc-aa60-4052-a18a-b33da5745ff4,47.3595055,-121.5711045
2018-01-02 06:00:00,7.820769317741068,360f1bcc-aa60-4052-a18a-b33da5745ff4,47.3595055,-121.5711045
2018-01-03 06:00:00,6.738376233924149,360f1bcc-aa60-4052-a18a-b33da5745ff4,47.3595055,-121.5711045
2018-01-04 06:00:00,7.138375894432395,360f1bcc-aa60-4052-a18a-b33da5745ff4,47.3595055,-121.5711045
2018-01-05 06:00:00,3.9823931581953653,360f1bcc-aa60-4052-a18a-b33da5745ff4,47.3595055,-121.5711045
2018-01-06 06:00:00,3.2823931105116495,360f1bcc-aa60-4052-a18a-b33da5745ff4,47.3595055,-121.5711045
2018-01-07 06:00:00,2.2088034580915403,360f1bcc-aa60-4052-a18a-b33da5745ff4,47.3595055,-121.5711045
2018-01-08 06:00:00,2.2088034580915403,360f1bcc-aa60-4052-a18a-b33da5745ff4,47.3595055,-121.5711045
2018-01-09 06:00:00,3.78239311051165,360f1bcc-aa60-4052-a18a-b33da5745ff4,47.3595055,-121.5711045
2018-01-10 06:00:00,3.6735897954712575,360f1bcc-aa60-4052-a18a-b33da5745ff4,47.3595055,-121.5711045
2018-01-11 06:00:00,3.5999999046325684,360f1bcc-aa60-4052-a18a-b33da5745ff4,47.3595055,-121.5711045
2018-01-12 06:00:00,4.973589726798554,360f1bcc-aa60-4052-a18a-b33da5745ff4,47.3595055,-121.5711045
2018-01-13 06:00:00,3.2735897001038254,360f1bcc-aa60-4052-a18a-b33da5745ff4,47.3595055,-121.5711045
2018-01-14 06:00:00,8.320768882881882,360f1bcc-aa60-4052-a18a-b33da5745ff4,47.3595055,-121.5711045
2018-01-15 06:00:00,10.103162252801098,360f1bcc-aa60-4052-a18a-b33da5745ff4,47.3595055,-121.5711045
2018-01-16 06:00:00,3.108803336029379,360f1bcc-aa60-4052-a18a-b33da5745ff4,47.3595055,-121.5711045
2018-01-17 06:00:00,7.064786221023298,360f1bcc-aa60-4052-a18a-b33da5745ff4,47.3595055,-121.5711045
2018-01-18 06:00:00,3.717606889488351,360f1bcc-aa60-4052-a18a-b33da5745ff4,47.3595055,-121.5711045
2018-01-19 06:00:00,2.735213710303999,360f1bcc-aa60-4052-a18a-b33da5745ff4,47.3595055,-121.5711045
2018-01-20 06:00:00,3.217606889488351,360f1bcc-aa60-4052-a18a-b33da5745ff4,47.3595055,-121.5711045
2018-01-21 06:00:00,5.2264100824665825,360f1bcc-aa60-4052-a18a-b33da5745ff4,47.3595055,-121.5711045
2018-01-22 06:00:00,3.108803336029379,360f1bcc-aa60-4052-a18a-b33da5745ff4,47.3595055,-121.5711045
2018-01-23 06:00:00,4.491196589592176,360f1bcc-aa60-4052-a18a-b33da5745ff4,47.3595055,-121.5711045
2018-01-24 06:00:00,3.5088034104078245,360f1bcc-aa60-4052-a18a-b33da5745ff4,47.3595055,-121.5711045
2018-01-25 06:00:00,3.3176067941209193,360f1bcc-aa60-4052-a18a-b33da5745ff4,47.3595055,-121.5711045
2018-01-26 06:00:00,3.799999952316284,360f1bcc-aa60-4052-a18a-b33da5745ff4,47.3595055,-121.5711045
2018-01-27 06:00:00,7.573589673409096,360f1bcc-aa60-4052-a18a-b33da5745ff4,47.3595055,-121.5711045
2018-01-28 06:00:00,3.200000047683716,360f1bcc-aa60-4052-a18a-b33da5745ff4,47.3595055,-121.5711045
2018-01-29 06:00:00,4.417606916183081,360f1bcc-aa60-4052-a18a-b33da5745ff4,47.3595055,-121.5711045
2018-01-30 06:00:00,5.191196398857313,360f1bcc-aa60-4052-a18a-b33da5745ff4,47.3595055,-121.5711045
2018-01-31 06:00:00,2.700000047683716,360f1bcc-aa60-4052-a18a-b33da5745ff4,47.3595055,-121.5711045
2018-02-01 06:00:00,1.9088033970604597,360f1bcc-aa60-4052-a18a-b33da5745ff4,47.3595055,-121.5711045
2018-02-02 06:00:00,5.7735899175334175,360f1bcc-aa60-4052-a18a-b33da5745ff4,47.3595055,-121.5711045
2018-02-03 06:00:00,6.264786507125595,360f1bcc-aa60-4052-a18a-b33da5745ff4,47.3595055,-121.5711045
2018-02-04 06:00:00,6.673589578041665,360f1bcc-aa60-4052-a18a-b33da5745ff4,47.3595055,-121.5711045
2018-02-05 06:00:00,5.864786411758162,360f1bcc-aa60-4052-a18a-b33da5745ff4,47.3595055,-121.5711045
2018-02-06 06:00:00,5.0559828106154745,360f1bcc-aa60-4052-a18a-b33da5745ff4,47.3595055,-121.5711045
2018-02-07 06:00:00,3.8647864117581623,360f1bcc-aa60-4052-a18a-b33da5745ff4,47.3595055,-121.5711045
2018-02-08 06:00:00,5.873589822165987,360f1bcc-aa60-4052-a18a-b33da5745ff4,47.3595055,-121.5711045
2018-02-09 06:00:00,5.0559828106154745,360f1bcc-aa60-4052-a18a-b33da5745ff4,47.3595055,-121.5711045
2018-02-10 06:00:00,2.782393110511649,360f1bcc-aa60-4052-a18a-b33da5745ff4,47.3595055,-121.5711045
2018-02-11 06:00:00,3.482393158195365,360f1bcc-aa60-4052-a18a-b33da5745ff4,47.3595055,-121.5711045
2018-02-12 06:00:00,2.982393158195365,360f1bcc-aa60-4052-a18a-b33da5745ff4,47.3595055,-121.5711045
2018-02-13 06:00:00,2.1823932058790816,360f1bcc-aa60-4052-a18a-b33da5745ff4,47.3595055,-121.5711045
2018-02-14 06:00:00,5.064786221023299,360f1bcc-aa60-4052-a18a-b33da5745ff4,47.3595055,-121.5711045
2018-02-15 06:00:00,3.1823932058790816,360f1bcc-aa60-4052-a18a-b33da5745ff4,47.3595055,-121.5711045
2018-02-16 06:00:00,6.4647863163907315,360f1bcc-aa60-4052-a18a-b33da5745ff4,47.3595055,-121.5711045
2018-02-17 06:00:00,8.100000381469727,360f1bcc-aa60-4052-a18a-b33da5745ff4,47.3595055,-121.5711045
2018-02-18 06:00:00,4.300000190734863,360f1bcc-aa60-4052-a18a-b33da5745ff4,47.3595055,-121.5711045
2018-02-19 06:00:00,2.799999952316284,360f1bcc-aa60-4052-a18a-b33da5745ff4,47.3595055,-121.5711045
2018-02-20 06:00:00,2.2823931105116495,360f1bcc-aa60-4052-a18a-b33da5745ff4,47.3595055,-121.5711045
2018-02-21 06:00:00,3.764786289696002,360f1bcc-aa60-4052-a18a-b33da5745ff4,47.3595055,-121.5711045
2018-02-22 06:00:00,2.299999952316284,360f1bcc-aa60-4052-a18a-b33da5745ff4,47.3595055,-121.5711045
2018-02-23 06:00:00,4.673589578041665,360f1bcc-aa60-4052-a18a-b33da5745ff4,47.3595055,-121.5711045
2018-02-24 06:00:00,6.764786507125594,360f1bcc-aa60-4052-a18a-b33da5745ff4,47.3595055,-121.5711045
2018-02-25 06:00:00,7.782393327941242,360f1bcc-aa60-4052-a18a-b33da5745ff4,47.3595055,-121.5711045
2018-02-26 06:00:00,3.9647863163907306,360f1bcc-aa60-4052-a18a-b33da5745ff4,47.3595055,-121.5711045
2018-02-27 06:00:00,4.582393083816919,360f1bcc-aa60-4052-a18a-b33da5745ff4,47.3595055,-121.5711045
2018-02-28 06:00:00,4.782393327941243,360f1bcc-aa60-4052-a18a-b33da5745ff4,47.3595055,-121.5711045
2018-03-01 06:00:00,3.491196589592176,360f1bcc-aa60-4052-a18a-b33da5745ff4,47.3595055,-121.5711045
2018-03-02 06:00:00,3.0823930838169202,360f1bcc-aa60-4052-a18a-b33da5745ff4,47.3595055,-121.5711045
2018-03-03 06:00:00,1.7000000476837158,360f1bcc-aa60-4052-a18a-b33da5745ff4,47.3595055,-121.5711045
2018-03-04 06:00:00,2.58239308381692,360f1bcc-aa60-4052-a18a-b33da5745ff4,47.3595055,-121.5711045
2018-03-05 06:00:00,3.3647864117581627,360f1bcc-aa60-4052-a18a-b33da5745ff4,47.3595055,-121.5711045
2018-03-06 06:00:00,3.1823932058790816,360f1bcc-aa60-4052-a18a-b33da5745ff4,47.3595055,-121.5711045
2018-03-07 06:00:00,5.447179495575082,360f1bcc-aa60-4052-a18a-b33da5745ff4,47.3595055,-121.5711045
2018-03-08 06:00:00,6.673589578041665,360f1bcc-aa60-4052-a18a-b33da5745ff4,47.3595055,-121.5711045
2018-03-09 06:00:00,5.573589673409096,360f1bcc-aa60-4052-a18a-b33da5745ff4,47.3595055,-121.5711045
2018-03-10 06:00:00,5.755983096717769,360f1bcc-aa60-4052-a18a-b33da5745ff4,47.3595055,-121.5711045
2018-03-11 06:00:00,5.947179495575082,360f1bcc-aa60-4052-a18a-b33da5745ff4,47.3595055,-121.5711045
2018-03-12 06:00:00,9.120769073616746,360f1bcc-aa60-4052-a18a-b33da5745ff4,47.3595055,-121.5711045
2018-03-13 06:00:00,7.029572579392001,360f1bcc-aa60-4052-a18a-b33da5745ff4,47.3595055,-121.5711045
2018-03-14 06:00:00,3.6823932058790807,360f1bcc-aa60-4052-a18a-b33da5745ff4,47.3595055,-121.5711045
2018-03-15 06:00:00,2.2823931105116495,360f1bcc-aa60-4052-a18a-b33da5745ff4,47.3595055,-121.5711045
2018-03-16 06:00:00,2.891196663970621,360f1bcc-aa60-4052-a18a-b33da5745ff4,47.3595055,-121.5711045
2018-03-17 06:00:00,3.9735897477875413,360f1bcc-aa60-4052-a18a-b33da5745ff4,47.3595055,-121.5711045
2018-03-18 06:00:00,3.373589822165987,360f1bcc-aa60-4052-a18a-b33da5745ff4,47.3595055,-121.5711045
2018-03-19 06:00:00,3.0823930838169202,360f1bcc-aa60-4052-a18a-b33da5745ff4,47.3595055,-121.5711045
2018-03-20 06:00:00,1.882393144848001,360f1bcc-aa60-4052-a18a-b33da5745ff4,47.3595055,-121.5711045
2018-03-21 06:00:00,6.038375989799826,360f1bcc-aa60-4052-a18a-b33da5745ff4,47.3595055,-121.5711045
2018-03-22 06:00:00,5.591196494224745,360f1bcc-aa60-4052-a18a-b33da5745ff4,47.3595055,-121.5711045
2018-03-23 06:00:00,4.691196398857313,360f1bcc-aa60-4052-a18a-b33da5745ff4,47.3595055,-121.5711045
2018-03-24 06:00:00,3.482393158195365,360f1bcc-aa60-4052-a18a-b33da5745ff4,47.3595055,-121.5711045
2018-03-25 06:00:00,3.0823930838169202,360f1bcc-aa60-4052-a18a-b33da5745ff4,47.3595055,-121.5711045
2018-03-26 06:00:00,4.5,360f1bcc-aa60-4052-a18a-b33da5745ff4,47.3595055,-121.5711045
2018-03-27 06:00:00,7.364786411758161,360f1bcc-aa60-4052-a18a-b33da5745ff4,47.3595055,-121.5711045
2018-03-28 06:00:00,6.547179400207651,360f1bcc-aa60-4052-a18a-b33da5745ff4,47.3595055,-121.5711045
2018-03-29 06:00:00,3.473589747787541,360f1bcc-aa60-4052-a18a-b33da5745ff4,47.3595055,-121.5711045
2018-03-30 06:00:00,4.66478616763384,360f1bcc-aa60-4052-a18a-b33da5745ff4,47.3595055,-121.5711045
2018-03-31 06:00:00,2.3823932535627974,360f1bcc-aa60-4052-a18a-b33da5745ff4,47.3595055,-121.5711045
2018-04-01 06:00:00,4.900000095367432,360f1bcc-aa60-4052-a18a-b33da5745ff4,47.3595055,-121.5711045
2018-04-02 06:00:00,6.264786507125595,360f1bcc-aa60-4052-a18a-b33da5745ff4,47.3595055,-121.5711045
2018-04-03 06:00:00,2.491196589592176,360f1bcc-aa60-4052-a18a-b33da5745ff4,47.3595055,-121.5711045
2018-04-04 06:00:00,1.899999976158142,360f1bcc-aa60-4052-a18a-b33da5745ff4,47.3595055,-121.5711045
2018-04-05 06:00:00,2.799999952316284,360f1bcc-aa60-4052-a18a-b33da5745ff4,47.3595055,-121.5711045
2018-04-06 06:00:00,4.182392988449489,360f1bcc-aa60-4052-a18a-b33da5745ff4,47.3595055,-121.5711045
2018-04-07 06:00:00,6.891196684959608,360f1bcc-aa60-4052-a18a-b33da5745ff4,47.3595055,-121.5711045
2018-04-08 06:00:00,6.0088034104078245,360f1bcc-aa60-4052-a18a-b33da5745ff4,47.3595055,-121.5711045
2018-04-09 06:00:00,4.364786411758163,360f1bcc-aa60-4052-a18a-b33da5745ff4,47.3595055,-121.5711045
2018-04-10 06:00:00,6.273589917533418,360f1bcc-aa60-4052-a18a-b33da5745ff4,47.3595055,-121.5711045
2018-04-11 06:00:00,4.0,360f1bcc-aa60-4052-a18a-b33da5745ff4,47.3595055,-121.5711045
2018-04-12 06:00:00,5.973589726798555,360f1bcc-aa60-4052-a18a-b33da5745ff4,47.3595055,-121.5711045
2018-04-13 06:00:00,3.926410326590905,360f1bcc-aa60-4052-a18a-b33da5745ff4,47.3595055,-121.5711045
2018-04-14 06:00:00,3.5,360f1bcc-aa60-4052-a18a-b33da5745ff4,47.3595055,-121.5711045
2018-04-15 06:00:00,2.5999999046325684,360f1bcc-aa60-4052-a18a-b33da5745ff4,47.3595055,-121.5711045
2018-04-16 06:00:00,6.208803261650933,360f1bcc-aa60-4052-a18a-b33da5745ff4,47.3595055,-121.5711045
2018-04-17 06:00:00,5.591196494224745,360f1bcc-aa60-4052-a18a-b33da5745ff4,47.3595055,-121.5711045
2018-04-18 06:00:00,2.1911966162869057,360f1bcc-aa60-4052-a18a-b33da5745ff4,47.3595055,-121.5711045
2018-04-19 06:00:00,3.2823931105116495,360f1bcc-aa60-4052-a18a-b33da5745ff4,47.3595055,-121.5711045
2018-04-20 06:00:00,2.0,360f1bcc-aa60-4052-a18a-b33da5745ff4,47.3595055,-121.5711045
2018-04-21 06:00:00,5.573589673409096,360f1bcc-aa60-4052-a18a-b33da5745ff4,47.3595055,-121.5711045
2018-04-22 06:00:00,3.491196589592176,360f1bcc-aa60-4052-a18a-b33da5745ff4,47.3595055,-121.5711045
2018-04-23 06:00:00,5.755983096717769,360f1bcc-aa60-4052-a18a-b33da5745ff4,47.3595055,-121.5711045
2018-04-24 06:00:00,8.029573014251188,360f1bcc-aa60-4052-a18a-b33da5745ff4,47.3595055,-121.5711045
2018-04-25 06:00:00,1.9911965790976827,360f1bcc-aa60-4052-a18a-b33da5745ff4,47.3595055,-121.5711045
2018-04-26 06:00:00,4.155982736237029,360f1bcc-aa60-4052-a18a-b33da5745ff4,47.3595055,-121.5711045
2018-04-27 06:00:00,4.382393232573811,360f1bcc-aa60-4052-a18a-b33da5745ff4,47.3595055,-121.5711045
2018-04-28 06:00:00,4.564786221023299,360f1bcc-aa60-4052-a18a-b33da5745ff4,47.3595055,-121.5711045
2018-04-29 06:00:00,4.264786507125594,360f1bcc-aa60-4052-a18a-b33da5745ff4,47.3595055,-121.5711045
2018-04-30 06:00:00,4.864786411758162,360f1bcc-aa60-4052-a18a-b33da5745ff4,47.3595055,-121.5711045
2018-05-01 06:00:00,5.947179495575082,360f1bcc-aa60-4052-a18a-b33da5745ff4,47.3595055,-121.5711045
2018-05-02 06:00:00,2.782393110511649,360f1bcc-aa60-4052-a18a-b33da5745ff4,47.3595055,-121.5711045
2018-05-03 06:00:00,3.5823930838169193,360f1bcc-aa60-4052-a18a-b33da5745ff4,47.3595055,-121.5711045
2018-05-04 06:00:00,3.2823931105116495,360f1bcc-aa60-4052-a18a-b33da5745ff4,47.3595055,-121.5711045
2018-05-05 06:00:00,2.1911966162869057,360f1bcc-aa60-4052-a18a-b33da5745ff4,47.3595055,-121.5711045
2018-05-06 06:00:00,3.5735896524201087,360f1bcc-aa60-4052-a18a-b33da5745ff4,47.3595055,-121.5711045
2018-05-07 06:00:00,3.655982953666622,360f1bcc-aa60-4052-a18a-b33da5745ff4,47.3595055,-121.5711045
2018-05-08 06:00:00,2.6823932058790807,360f1bcc-aa60-4052-a18a-b33da5745ff4,47.3595055,-121.5711045
2018-05-09 06:00:00,3.891196663970621,360f1bcc-aa60-4052-a18a-b33da5745ff4,47.3595055,-121.5711045
2018-05-10 06:00:00,4.964786316390731,360f1bcc-aa60-4052-a18a-b33da5745ff4,47.3595055,-121.5711045
2018-05-11 06:00:00,7.229572823516325,360f1bcc-aa60-4052-a18a-b33da5745ff4,47.3595055,-121.5711045
2018-05-12 06:00:00,3.6911966162869057,360f1bcc-aa60-4052-a18a-b33da5745ff4,47.3595055,-121.5711045
2018-05-13 06:00:00,1.5088034209023176,360f1bcc-aa60-4052-a18a-b33da5745ff4,47.3595055,-121.5711045
2018-05-14 06:00:00,2.3823932535627974,360f1bcc-aa60-4052-a18a-b33da5745ff4,47.3595055,-121.5711045
2018-05-15 06:00:00,3.482393158195365,360f1bcc-aa60-4052-a18a-b33da5745ff4,47.3595055,-121.5711045
2018-05-16 06:00:00,5.655982715248043,360f1bcc-aa60-4052-a18a-b33da5745ff4,47.3595055,-121.5711045
2018-05-17 06:00:00,6.04717940020765,360f1bcc-aa60-4052-a18a-b33da5745ff4,47.3595055,-121.5711045
2018-05-18 06:00:00,2.573589652420109,360f1bcc-aa60-4052-a18a-b33da5745ff4,47.3595055,-121.5711045
2018-05-19 06:00:00,2.3735898221659864,360f1bcc-aa60-4052-a18a-b33da5745ff4,47.3595055,-121.5711045
2018-05-20 06:00:00,3.5823930838169193,360f1bcc-aa60-4052-a18a-b33da5745ff4,47.3595055,-121.5711045
2018-05-21 06:00:00,3.373589822165987,360f1bcc-aa60-4052-a18a-b33da5745ff4,47.3595055,-121.5711045
2018-05-22 06:00:00,1.6911966267813985,360f1bcc-aa60-4052-a18a-b33da5745ff4,47.3595055,-121.5711045
2018-05-23 06:00:00,2.3911966639706215,360f1bcc-aa60-4052-a18a-b33da5745ff4,47.3595055,-121.5711045
2018-05-24 06:00:00,4.364786411758163,360f1bcc-aa60-4052-a18a-b33da5745ff4,47.3595055,-121.5711045
2018-05-25 06:00:00,4.673589578041665,360f1bcc-aa60-4052-a18a-b33da5745ff4,47.3595055,-121.5711045
2018-05-26 06:00:00,6.147179304840218,360f1bcc-aa60-4052-a18a-b33da5745ff4,47.3595055,-121.5711045
2018-05-27 06:00:00,4.764786507125595,360f1bcc-aa60-4052-a18a-b33da5745ff4,47.3595055,-121.5711045
2018-05-28 06:00:00,5.264786507125594,360f1bcc-aa60-4052-a18a-b33da5745ff4,47.3595055,-121.5711045
2018-05-29 06:00:00,5.655982715248043,360f1bcc-aa60-4052-a18a-b33da5745ff4,47.3595055,-121.5711045
2018-05-30 06:00:00,3.773589700103826,360f1bcc-aa60-4052-a18a-b33da5745ff4,47.3595055,-121.5711045
2018-05-31 06:00:00,5.364786411758161,360f1bcc-aa60-4052-a18a-b33da5745ff4,47.3595055,-121.5711045
2018-06-01 06:00:00,3.6735897954712575,360f1bcc-aa60-4052-a18a-b33da5745ff4,47.3595055,-121.5711045
2018-06-02 06:00:00,1.482393158195365,360f1bcc-aa60-4052-a18a-b33da5745ff4,47.3595055,-121.5711045
2018-06-03 06:00:00,3.5735896524201087,360f1bcc-aa60-4052-a18a-b33da5745ff4,47.3595055,-121.5711045
2018-06-04 06:00:00,4.66478616763384,360f1bcc-aa60-4052-a18a-b33da5745ff4,47.3595055,-121.5711045
2018-06-05 06:00:00,2.891196663970621,360f1bcc-aa60-4052-a18a-b33da5745ff4,47.3595055,-121.5711045
2018-06-06 06:00:00,1.891196555255825,360f1bcc-aa60-4052-a18a-b33da5745ff4,47.3595055,-121.5711045
2018-06-07 06:00:00,4.282393327941242,360f1bcc-aa60-4052-a18a-b33da5745ff4,47.3595055,-121.5711045
2018-06-08 06:00:00,2.591196494224744,360f1bcc-aa60-4052-a18a-b33da5745ff4,47.3595055,-121.5711045
2018-06-09 06:00:00,4.873589822165986,360f1bcc-aa60-4052-a18a-b33da5745ff4,47.3595055,-121.5711045
2018-06-10 06:00:00,4.682392988449489,360f1bcc-aa60-4052-a18a-b33da5745ff4,47.3595055,-121.5711045
2018-06-11 06:00:00,5.155982715248042,360f1bcc-aa60-4052-a18a-b33da5745ff4,47.3595055,-121.5711045
2018-06-12 06:00:00,2.773589700103825,360f1bcc-aa60-4052-a18a-b33da5745ff4,47.3595055,-121.5711045
2018-06-13 06:00:00,4.099999904632568,360f1bcc-aa60-4052-a18a-b33da5745ff4,47.3595055,-121.5711045
2018-06-14 06:00:00,4.764786507125595,360f1bcc-aa60-4052-a18a-b33da5745ff4,47.3595055,-121.5711045
2018-06-15 06:00:00,5.264786507125594,360f1bcc-aa60-4052-a18a-b33da5745ff4,47.3595055,-121.5711045
2018-06-16 06:00:00,4.08239308381692,360f1bcc-aa60-4052-a18a-b33da5745ff4,47.3595055,-121.5711045
2018-06-17 06:00:00,2.782393110511649,360f1bcc-aa60-4052-a18a-b33da5745ff4,47.3595055,-121.5711045
2018-06-18 06:00:00,2.982393158195365,360f1bcc-aa60-4052-a18a-b33da5745ff4,47.3595055,-121.5711045
2018-06-19 06:00:00,1.6911966267813985,360f1bcc-aa60-4052-a18a-b33da5745ff4,47.3595055,-121.5711045
2018-06-20 06:00:00,2.782393110511649,360f1bcc-aa60-4052-a18a-b33da5745ff4,47.3595055,-121.5711045
2018-06-21 06:00:00,5.66478616763384,360f1bcc-aa60-4052-a18a-b33da5745ff4,47.3595055,-121.5711045
2018-06-22 06:00:00,4.964786316390731,360f1bcc-aa60-4052-a18a-b33da5745ff4,47.3595055,-121.5711045
2018-06-23 06:00:00,5.5559828106154745,360f1bcc-aa60-4052-a18a-b33da5745ff4,47.3595055,-121.5711045
2018-06-24 06:00:00,3.064786242012285,360f1bcc-aa60-4052-a18a-b33da5745ff4,47.3595055,-121.5711045
2018-06-25 06:00:00,6.264786507125595,360f1bcc-aa60-4052-a18a-b33da5745ff4,47.3595055,-121.5711045
2018-06-26 06:00:00,4.564786221023299,360f1bcc-aa60-4052-a18a-b33da5745ff4,47.3595055,-121.5711045
2018-06-27 06:00:00,4.373589822165987,360f1bcc-aa60-4052-a18a-b33da5745ff4,47.3595055,-121.5711045
2018-06-28 06:00:00,5.747179644331974,360f1bcc-aa60-4052-a18a-b33da5745ff4,47.3595055,-121.5711045
2018-06-29 06:00:00,4.464786316390731,360f1bcc-aa60-4052-a18a-b33da5745ff4,47.3595055,-121.5711045
2018-06-30 06:00:00,4.573589673409095,360f1bcc-aa60-4052-a18a-b33da5745ff4,47.3595055,-121.5711045
2018-07-01 06:00:00,5.66478616763384,360f1bcc-aa60-4052-a18a-b33da5745ff4,47.3595055,-121.5711045
2018-07-02 06:00:00,6.155982715248043,360f1bcc-aa60-4052-a18a-b33da5745ff4,47.3595055,-121.5711045
2018-07-03 06:00:00,4.564786221023299,360f1bcc-aa60-4052-a18a-b33da5745ff4,47.3595055,-121.5711045
2018-07-04 06:00:00,5.747179644331974,360f1bcc-aa60-4052-a18a-b33da5745ff4,47.3595055,-121.5711045
2018-07-05 06:00:00,2.58239308381692,360f1bcc-aa60-4052-a18a-b33da5745ff4,47.3595055,-121.5711045
2018-07-06 06:00:00,3.1911966162869057,360f1bcc-aa60-4052-a18a-b33da5745ff4,47.3595055,-121.5711045
2018-07-07 06:00:00,3.382393253562797,360f1bcc-aa60-4052-a18a-b33da5745ff4,47.3595055,-121.5711045
2018-07-08 06:00:00,2.0,360f1bcc-aa60-4052-a18a-b33da5745ff4,47.3595055,-121.5711045
2018-07-09 06:00:00,3.2823931105116495,360f1bcc-aa60-4052-a18a-b33da5745ff4,47.3595055,-121.5711045
2018-07-10 06:00:00,5.747179644331974,360f1bcc-aa60-4052-a18a-b33da5745ff4,47.3595055,-121.5711045
2018-07-11 06:00:00,2.5,360f1bcc-aa60-4052-a18a-b33da5745ff4,47.3595055,-121.5711045
2018-07-12 06:00:00,1.891196555255825,360f1bcc-aa60-4052-a18a-b33da5745ff4,47.3595055,-121.5711045
2018-07-13 06:00:00,3.6735897954712575,360f1bcc-aa60-4052-a18a-b33da5745ff4,47.3595055,-121.5711045
2018-07-14 06:00:00,1.899999976158142,360f1bcc-aa60-4052-a18a-b33da5745ff4,47.3595055,-121.5711045
2018-07-15 06:00:00,2.773589700103825,360f1bcc-aa60-4052-a18a-b33da5745ff4,47.3595055,-121.5711045
2018-07-16 06:00:00,1.891196555255825,360f1bcc-aa60-4052-a18a-b33da5745ff4,47.3595055,-121.5711045
2018-07-17 06:00:00,4.473589726798554,360f1bcc-aa60-4052-a18a-b33da5745ff4,47.3595055,-121.5711045
2018-07-18 06:00:00,5.655982715248043,360f1bcc-aa60-4052-a18a-b33da5745ff4,47.3595055,-121.5711045
2018-07-19 06:00:00,4.66478616763384,360f1bcc-aa60-4052-a18a-b33da5745ff4,47.3595055,-121.5711045
2018-07-20 06:00:00,4.964786316390731,360f1bcc-aa60-4052-a18a-b33da5745ff4,47.3595055,-121.5711045
2018-07-21 06:00:00,4.564786221023299,360f1bcc-aa60-4052-a18a-b33da5745ff4,47.3595055,-121.5711045
2018-07-22 06:00:00,2.2911965419084597,360f1bcc-aa60-4052-a18a-b33da5745ff4,47.3595055,-121.5711045
2018-07-23 06:00:00,2.3823932535627974,360f1bcc-aa60-4052-a18a-b33da5745ff4,47.3595055,-121.5711045
2018-07-24 06:00:00,3.773589700103826,360f1bcc-aa60-4052-a18a-b33da5745ff4,47.3595055,-121.5711045
2018-07-25 06:00:00,3.473589747787541,360f1bcc-aa60-4052-a18a-b33da5745ff4,47.3595055,-121.5711045
2018-07-26 06:00:00,3.9735897477875413,360f1bcc-aa60-4052-a18a-b33da5745ff4,47.3595055,-121.5711045
2018-07-27 06:00:00,2.973589747787541,360f1bcc-aa60-4052-a18a-b33da5745ff4,47.3595055,-121.5711045
2018-07-28 06:00:00,3.1735897954712575,360f1bcc-aa60-4052-a18a-b33da5745ff4,47.3595055,-121.5711045
2018-07-29 06:00:00,2.473589747787541,360f1bcc-aa60-4052-a18a-b33da5745ff4,47.3595055,-121.5711045
2018-07-30 06:00:00,3.373589822165987,360f1bcc-aa60-4052-a18a-b33da5745ff4,47.3595055,-121.5711045
2018-07-31 06:00:00,4.073589652420109,360f1bcc-aa60-4052-a18a-b33da5745ff4,47.3595055,-121.5711045
2018-08-01 06:00:00,4.764786507125595,360f1bcc-aa60-4052-a18a-b33da5745ff4,47.3595055,-121.5711045
2018-08-02 06:00:00,4.873589822165986,360f1bcc-aa60-4052-a18a-b33da5745ff4,47.3595055,-121.5711045
2018-08-03 06:00:00,5.855983001350339,360f1bcc-aa60-4052-a18a-b33da5745ff4,47.3595055,-121.5711045
2018-08-04 06:00:00,3.9735897477875413,360f1bcc-aa60-4052-a18a-b33da5745ff4,47.3595055,-121.5711045
2018-08-05 06:00:00,1.891196555255825,360f1bcc-aa60-4052-a18a-b33da5745ff4,47.3595055,-121.5711045
2018-08-06 06:00:00,1.7911965419084597,360f1bcc-aa60-4052-a18a-b33da5745ff4,47.3595055,-121.5711045
2018-08-07 06:00:00,2.491196589592176,360f1bcc-aa60-4052-a18a-b33da5745ff4,47.3595055,-121.5711045
2018-08-08 06:00:00,2.773589700103825,360f1bcc-aa60-4052-a18a-b33da5745ff4,47.3595055,-121.5711045
2018-08-09 06:00:00,3.3647864117581627,360f1bcc-aa60-4052-a18a-b33da5745ff4,47.3595055,-121.5711045
2018-08-10 06:00:00,4.473589726798554,360f1bcc-aa60-4052-a18a-b33da5745ff4,47.3595055,-121.5711045
2018-08-11 06:00:00,4.373589822165987,360f1bcc-aa60-4052-a18a-b33da5745ff4,47.3595055,-121.5711045
2018-08-12 06:00:00,4.0647862420122856,360f1bcc-aa60-4052-a18a-b33da5745ff4,47.3595055,-121.5711045
2018-08-13 06:00:00,2.799999952316284,360f1bcc-aa60-4052-a18a-b33da5745ff4,47.3595055,-121.5711045
2018-08-14 06:00:00,2.3911966639706215,360f1bcc-aa60-4052-a18a-b33da5745ff4,47.3595055,-121.5711045
2018-08-15 06:00:00,2.782393110511649,360f1bcc-aa60-4052-a18a-b33da5745ff4,47.3595055,-121.5711045
2018-08-16 06:00:00,3.5823930838169193,360f1bcc-aa60-4052-a18a-b33da5745ff4,47.3595055,-121.5711045
2018-08-17 06:00:00,5.0559828106154745,360f1bcc-aa60-4052-a18a-b33da5745ff4,47.3595055,-121.5711045
2018-08-18 06:00:00,2.782393110511649,360f1bcc-aa60-4052-a18a-b33da5745ff4,47.3595055,-121.5711045
2018-08-19 06:00:00,2.6823932058790807,360f1bcc-aa60-4052-a18a-b33da5745ff4,47.3595055,-121.5711045
2018-08-20 06:00:00,4.182392988449489,360f1bcc-aa60-4052-a18a-b33da5745ff4,47.3595055,-121.5711045
2018-08-21 06:00:00,2.982393158195365,360f1bcc-aa60-4052-a18a-b33da5745ff4,47.3595055,-121.5711045
2018-08-22 06:00:00,3.2911965419084597,360f1bcc-aa60-4052-a18a-b33da5745ff4,47.3595055,-121.5711045
2018-08-23 06:00:00,5.064786221023299,360f1bcc-aa60-4052-a18a-b33da5745ff4,47.3595055,-121.5711045
2018-08-24 06:00:00,4.955982905982906,360f1bcc-aa60-4052-a18a-b33da5745ff4,47.3595055,-121.5711045
2018-08-25 06:00:00,4.464786316390731,360f1bcc-aa60-4052-a18a-b33da5745ff4,47.3595055,-121.5711045
2018-08-26 06:00:00,4.573589673409095,360f1bcc-aa60-4052-a18a-b33da5745ff4,47.3595055,-121.5711045
2018-08-27 06:00:00,5.155982715248042,360f1bcc-aa60-4052-a18a-b33da5745ff4,47.3595055,-121.5711045
2018-08-28 06:00:00,1.891196555255825,360f1bcc-aa60-4052-a18a-b33da5745ff4,47.3595055,-121.5711045
2018-08-29 06:00:00,3.5823930838169193,360f1bcc-aa60-4052-a18a-b33da5745ff4,47.3595055,-121.5711045
2018-08-30 06:00:00,4.373589822165987,360f1bcc-aa60-4052-a18a-b33da5745ff4,47.3595055,-121.5711045
2018-08-31 06:00:00,4.955982905982906,360f1bcc-aa60-4052-a18a-b33da5745ff4,47.3595055,-121.5711045
2018-09-01 06:00:00,4.464786316390731,360f1bcc-aa60-4052-a18a-b33da5745ff4,47.3595055,-121.5711045
2018-09-02 06:00:00,4.073589652420109,360f1bcc-aa60-4052-a18a-b33da5745ff4,47.3595055,-121.5711045
2018-09-03 06:00:00,4.273589917533418,360f1bcc-aa60-4052-a18a-b33da5745ff4,47.3595055,-121.5711045
2018-09-04 06:00:00,3.6735897954712575,360f1bcc-aa60-4052-a18a-b33da5745ff4,47.3595055,-121.5711045
2018-09-05 06:00:00,3.5647862420122847,360f1bcc-aa60-4052-a18a-b33da5745ff4,47.3595055,-121.5711045
2018-09-06 06:00:00,2.982393158195365,360f1bcc-aa60-4052-a18a-b33da5745ff4,47.3595055,-121.5711045
2018-09-07 06:00:00,3.073589652420109,360f1bcc-aa60-4052-a18a-b33da5745ff4,47.3595055,-121.5711045
2018-09-08 06:00:00,3.373589822165987,360f1bcc-aa60-4052-a18a-b33da5745ff4,47.3595055,-121.5711045
2018-09-09 06:00:00,3.299999952316284,360f1bcc-aa60-4052-a18a-b33da5745ff4,47.3595055,-121.5711045
2018-09-10 06:00:00,3.873589822165987,360f1bcc-aa60-4052-a18a-b33da5745ff4,47.3595055,-121.5711045
2018-09-11 06:00:00,3.1823932058790816,360f1bcc-aa60-4052-a18a-b33da5745ff4,47.3595055,-121.5711045
2018-09-12 06:00:00,2.882393253562797,360f1bcc-aa60-4052-a18a-b33da5745ff4,47.3595055,-121.5711045
2018-09-13 06:00:00,2.691196616286905,360f1bcc-aa60-4052-a18a-b33da5745ff4,47.3595055,-121.5711045
2018-09-14 06:00:00,2.5,360f1bcc-aa60-4052-a18a-b33da5745ff4,47.3595055,-121.5711045
2018-09-15 06:00:00,2.0,360f1bcc-aa60-4052-a18a-b33da5745ff4,47.3595055,-121.5711045
2018-09-16 06:00:00,3.8088033837130952,360f1bcc-aa60-4052-a18a-b33da5745ff4,47.3595055,-121.5711045
2018-09-17 06:00:00,2.2911965419084597,360f1bcc-aa60-4052-a18a-b33da5745ff4,47.3595055,-121.5711045
2018-09-18 06:00:00,3.482393158195365,360f1bcc-aa60-4052-a18a-b33da5745ff4,47.3595055,-121.5711045
2018-09-19 06:00:00,3.1735897954712575,360f1bcc-aa60-4052-a18a-b33da5745ff4,47.3595055,-121.5711045
2018-09-20 06:00:00,3.1823932058790816,360f1bcc-aa60-4052-a18a-b33da5745ff4,47.3595055,-121.5711045
2018-09-21 06:00:00,2.808803383713095,360f1bcc-aa60-4052-a18a-b33da5745ff4,47.3595055,-121.5711045
2018-09-22 06:00:00,4.5088034104078245,360f1bcc-aa60-4052-a18a-b33da5745ff4,47.3595055,-121.5711045
2018-09-23 06:00:00,4.964786316390731,360f1bcc-aa60-4052-a18a-b33da5745ff4,47.3595055,-121.5711045
2018-09-24 06:00:00,3.491196589592176,360f1bcc-aa60-4052-a18a-b33da5745ff4,47.3595055,-121.5711045
2018-09-25 06:00:00,2.782393110511649,360f1bcc-aa60-4052-a18a-b33da5745ff4,47.3595055,-121.5711045
2018-09-26 06:00:00,2.491196589592176,360f1bcc-aa60-4052-a18a-b33da5745ff4,47.3595055,-121.5711045
2018-09-27 06:00:00,2.491196589592176,360f1bcc-aa60-4052-a18a-b33da5745ff4,47.3595055,-121.5711045
2018-09-28 06:00:00,5.54717940020765,360f1bcc-aa60-4052-a18a-b33da5745ff4,47.3595055,-121.5711045
2018-09-29 06:00:00,5.347179590942513,360f1bcc-aa60-4052-a18a-b33da5745ff4,47.3595055,-121.5711045
2018-09-30 06:00:00,3.391196663970622,360f1bcc-aa60-4052-a18a-b33da5745ff4,47.3595055,-121.5711045
2018-10-01 06:00:00,2.799999952316284,360f1bcc-aa60-4052-a18a-b33da5745ff4,47.3595055,-121.5711045
2018-10-02 06:00:00,6.082393083816921,360f1bcc-aa60-4052-a18a-b33da5745ff4,47.3595055,-121.5711045
2018-10-03 06:00:00,2.873589822165987,360f1bcc-aa60-4052-a18a-b33da5745ff4,47.3595055,-121.5711045
2018-10-04 06:00:00,3.873589822165987,360f1bcc-aa60-4052-a18a-b33da5745ff4,47.3595055,-121.5711045
2018-10-05 06:00:00,2.0999999046325684,360f1bcc-aa60-4052-a18a-b33da5745ff4,47.3595055,-121.5711045
2018-10-06 06:00:00,3.6823932058790807,360f1bcc-aa60-4052-a18a-b33da5745ff4,47.3595055,-121.5711045
2018-10-07 06:00:00,1.6911966267813985,360f1bcc-aa60-4052-a18a-b33da5745ff4,47.3595055,-121.5711045
2018-10-08 06:00:00,1.6823932058790814,360f1bcc-aa60-4052-a18a-b33da5745ff4,47.3595055,-121.5711045
2018-10-09 06:00:00,4.855983001350338,360f1bcc-aa60-4052-a18a-b33da5745ff4,47.3595055,-121.5711045
2018-10-10 06:00:00,2.2911965419084597,360f1bcc-aa60-4052-a18a-b33da5745ff4,47.3595055,-121.5711045
2018-10-11 06:00:00,2.773589700103825,360f1bcc-aa60-4052-a18a-b33da5745ff4,47.3595055,-121.5711045
2018-10-12 06:00:00,4.764786507125595,360f1bcc-aa60-4052-a18a-b33da5745ff4,47.3595055,-121.5711045
2018-10-13 06:00:00,3.0999999046325684,360f1bcc-aa60-4052-a18a-b33da5745ff4,47.3595055,-121.5711045
2018-10-14 06:00:00,5.0559828106154745,360f1bcc-aa60-4052-a18a-b33da5745ff4,47.3595055,-121.5711045
2018-10-15 06:00:00,2.6823932058790807,360f1bcc-aa60-4052-a18a-b33da5745ff4,47.3595055,-121.5711045
2018-10-16 06:00:00,4.555982810615474,360f1bcc-aa60-4052-a18a-b33da5745ff4,47.3595055,-121.5711045
2018-10-17 06:00:00,3.8647864117581623,360f1bcc-aa60-4052-a18a-b33da5745ff4,47.3595055,-121.5711045
2018-10-18 06:00:00,3.2735897001038254,360f1bcc-aa60-4052-a18a-b33da5745ff4,47.3595055,-121.5711045
2018-10-19 06:00:00,2.6735897954712566,360f1bcc-aa60-4052-a18a-b33da5745ff4,47.3595055,-121.5711045
2018-10-20 06:00:00,2.3823932535627974,360f1bcc-aa60-4052-a18a-b33da5745ff4,47.3595055,-121.5711045
2018-10-21 06:00:00,3.073589652420109,360f1bcc-aa60-4052-a18a-b33da5745ff4,47.3595055,-121.5711045
2018-10-22 06:00:00,3.764786289696002,360f1bcc-aa60-4052-a18a-b33da5745ff4,47.3595055,-121.5711045
2018-10-23 06:00:00,3.1911966162869057,360f1bcc-aa60-4052-a18a-b33da5745ff4,47.3595055,-121.5711045
2018-10-24 06:00:00,2.882393253562797,360f1bcc-aa60-4052-a18a-b33da5745ff4,47.3595055,-121.5711045
2018-10-25 06:00:00,2.4088035057752566,360f1bcc-aa60-4052-a18a-b33da5745ff4,47.3595055,-121.5711045
2018-10-26 06:00:00,4.099999904632568,360f1bcc-aa60-4052-a18a-b33da5745ff4,47.3595055,-121.5711045
2018-10-27 06:00:00,5.755983096717769,360f1bcc-aa60-4052-a18a-b33da5745ff4,47.3595055,-121.5711045
2018-10-28 06:00:00,3.526410252212459,360f1bcc-aa60-4052-a18a-b33da5745ff4,47.3595055,-121.5711045
2018-10-29 06:00:00,3.0911964942247443,360f1bcc-aa60-4052-a18a-b33da5745ff4,47.3595055,-121.5711045
2018-10-30 06:00:00,2.3911966639706215,360f1bcc-aa60-4052-a18a-b33da5745ff4,47.3595055,-121.5711045
2018-10-31 06:00:00,4.982393179184352,360f1bcc-aa60-4052-a18a-b33da5745ff4,47.3595055,-121.5711045
2018-11-01 06:00:00,5.891196684959608,360f1bcc-aa60-4052-a18a-b33da5745ff4,47.3595055,-121.5711045
2018-11-02 06:00:00,7.582393083816921,360f1bcc-aa60-4052-a18a-b33da5745ff4,47.3595055,-121.5711045
2018-11-03 06:00:00,4.0,360f1bcc-aa60-4052-a18a-b33da5745ff4,47.3595055,-121.5711045
2018-11-04 06:00:00,7.673589578041664,360f1bcc-aa60-4052-a18a-b33da5745ff4,47.3595055,-121.5711045
2018-11-05 06:00:00,5.482393179184353,360f1bcc-aa60-4052-a18a-b33da5745ff4,47.3595055,-121.5711045
2018-11-06 06:00:00,4.573589673409095,360f1bcc-aa60-4052-a18a-b33da5745ff4,47.3595055,-121.5711045
2018-11-07 06:00:00,3.2735897001038254,360f1bcc-aa60-4052-a18a-b33da5745ff4,47.3595055,-121.5711045
2018-11-08 06:00:00,2.2823931105116495,360f1bcc-aa60-4052-a18a-b33da5745ff4,47.3595055,-121.5711045
2018-11-09 06:00:00,3.9647863163907306,360f1bcc-aa60-4052-a18a-b33da5745ff4,47.3595055,-121.5711045
2018-11-10 06:00:00,2.591196494224744,360f1bcc-aa60-4052-a18a-b33da5745ff4,47.3595055,-121.5711045
2018-11-11 06:00:00,5.647179304840218,360f1bcc-aa60-4052-a18a-b33da5745ff4,47.3595055,-121.5711045
2018-11-12 06:00:00,8.911965811965812,360f1bcc-aa60-4052-a18a-b33da5745ff4,47.3595055,-121.5711045
2018-11-13 06:00:00,3.491196589592176,360f1bcc-aa60-4052-a18a-b33da5745ff4,47.3595055,-121.5711045
2018-11-14 06:00:00,4.0,360f1bcc-aa60-4052-a18a-b33da5745ff4,47.3595055,-121.5711045
2018-11-15 06:00:00,3.1823932058790816,360f1bcc-aa60-4052-a18a-b33da5745ff4,47.3595055,-121.5711045
2018-11-16 06:00:00,2.691196616286905,360f1bcc-aa60-4052-a18a-b33da5745ff4,47.3595055,-121.5711045
2018-11-17 06:00:00,7.138375894432395,360f1bcc-aa60-4052-a18a-b33da5745ff4,47.3595055,-121.5711045
2018-11-18 06:00:00,5.247179644331973,360f1bcc-aa60-4052-a18a-b33da5745ff4,47.3595055,-121.5711045
2018-11-19 06:00:00,5.247179644331973,360f1bcc-aa60-4052-a18a-b33da5745ff4,47.3595055,-121.5711045
2018-11-20 06:00:00,5.54717940020765,360f1bcc-aa60-4052-a18a-b33da5745ff4,47.3595055,-121.5711045
2018-11-21 06:00:00,3.491196589592176,360f1bcc-aa60-4052-a18a-b33da5745ff4,47.3595055,-121.5711045
2018-11-22 06:00:00,4.208803261650933,360f1bcc-aa60-4052-a18a-b33da5745ff4,47.3595055,-121.5711045
2018-11-23 06:00:00,5.300000190734863,360f1bcc-aa60-4052-a18a-b33da5745ff4,47.3595055,-121.5711045
2018-11-24 06:00:00,3.5735896524201087,360f1bcc-aa60-4052-a18a-b33da5745ff4,47.3595055,-121.5711045
2018-11-25 06:00:00,5.455982905982907,360f1bcc-aa60-4052-a18a-b33da5745ff4,47.3595055,-121.5711045
2018-11-26 06:00:00,5.300000190734863,360f1bcc-aa60-4052-a18a-b33da5745ff4,47.3595055,-121.5711045
2018-11-27 06:00:00,3.8264102045287443,360f1bcc-aa60-4052-a18a-b33da5745ff4,47.3595055,-121.5711045
2018-11-28 06:00:00,1.891196555255825,360f1bcc-aa60-4052-a18a-b33da5745ff4,47.3595055,-121.5711045
2018-11-29 06:00:00,1.600000023841858,360f1bcc-aa60-4052-a18a-b33da5745ff4,47.3595055,-121.5711045
2018-11-30 06:00:00,2.491196589592176,360f1bcc-aa60-4052-a18a-b33da5745ff4,47.3595055,-121.5711045
2018-12-01 06:00:00,1.891196555255825,360f1bcc-aa60-4052-a18a-b33da5745ff4,47.3595055,-121.5711045
2018-12-02 06:00:00,1.9823931581953653,360f1bcc-aa60-4052-a18a-b33da5745ff4,47.3595055,-121.5711045
2018-12-03 06:00:00,2.982393158195365,360f1bcc-aa60-4052-a18a-b33da5745ff4,47.3595055,-121.5711045
2018-12-04 06:00:00,6.738376233924149,360f1bcc-aa60-4052-a18a-b33da5745ff4,47.3595055,-121.5711045
2018-12-05 06:00:00,7.729572823516325,360f1bcc-aa60-4052-a18a-b33da5745ff4,47.3595055,-121.5711045
2018-12-06 06:00:00,8.420769222373636,360f1bcc-aa60-4052-a18a-b33da5745ff4,47.3595055,-121.5711045
2018-12-07 06:00:00,6.355983001350338,360f1bcc-aa60-4052-a18a-b33da5745ff4,47.3595055,-121.5711045
2018-12-08 06:00:00,5.755983096717769,360f1bcc-aa60-4052-a18a-b33da5745ff4,47.3595055,-121.5711045
2018-12-09 06:00:00,7.547179400207652,360f1bcc-aa60-4052-a18a-b33da5745ff4,47.3595055,-121.5711045
2018-12-10 06:00:00,2.9911965895921764,360f1bcc-aa60-4052-a18a-b33da5745ff4,47.3595055,-121.5711045
2018-12-11 06:00:00,5.608803315040393,360f1bcc-aa60-4052-a18a-b33da5745ff4,47.3595055,-121.5711045
2018-12-12 06:00:00,5.391196684959608,360f1bcc-aa60-4052-a18a-b33da5745ff4,47.3595055,-121.5711045
2018-12-13 06:00:00,4.217606672058758,360f1bcc-aa60-4052-a18a-b33da5745ff4,47.3595055,-121.5711045
2018-12-14 06:00:00,4.517606820815649,360f1bcc-aa60-4052-a18a-b33da5745ff4,47.3595055,-121.5711045
2018-12-15 06:00:00,6.073589673409096,360f1bcc-aa60-4052-a18a-b33da5745ff4,47.3595055,-121.5711045
2018-12-16 06:00:00,5.982393179184353,360f1bcc-aa60-4052-a18a-b33da5745ff4,47.3595055,-121.5711045
2018-12-17 06:00:00,4.11760676742619,360f1bcc-aa60-4052-a18a-b33da5745ff4,47.3595055,-121.5711045
2018-12-18 06:00:00,5.708803261650933,360f1bcc-aa60-4052-a18a-b33da5745ff4,47.3595055,-121.5711045
2018-12-19 06:00:00,4.682392988449489,360f1bcc-aa60-4052-a18a-b33da5745ff4,47.3595055,-121.5711045
2018-12-20 06:00:00,7.008803410407824,360f1bcc-aa60-4052-a18a-b33da5745ff4,47.3595055,-121.5711045
2018-12-21 06:00:00,5.455982905982907,360f1bcc-aa60-4052-a18a-b33da5745ff4,47.3595055,-121.5711045
2018-12-22 06:00:00,6.364786411758163,360f1bcc-aa60-4052-a18a-b33da5745ff4,47.3595055,-121.5711045
2018-12-23 06:00:00,3.408803505775256,360f1bcc-aa60-4052-a18a-b33da5745ff4,47.3595055,-121.5711045
2018-12-24 06:00:00,2.4823931581953653,360f1bcc-aa60-4052-a18a-b33da5745ff4,47.3595055,-121.5711045
2018-12-25 06:00:00,1.891196555255825,360f1bcc-aa60-4052-a18a-b33da5745ff4,47.3595055,-121.5711045
2018-12-26 06:00:00,2.4088035057752566,360f1bcc-aa60-4052-a18a-b33da5745ff4,47.3595055,-121.5711045
2018-12-27 06:00:00,4.955982905982906,360f1bcc-aa60-4052-a18a-b33da5745ff4,47.3595055,-121.5711045
2018-12-28 06:00:00,2.4000000953674316,360f1bcc-aa60-4052-a18a-b33da5745ff4,47.3595055,-121.5711045
2018-12-29 06:00:00,8.67358953606369,360f1bcc-aa60-4052-a18a-b33da5745ff4,47.3595055,-121.5711045
2018-12-30 06:00:00,6.155982715248043,360f1bcc-aa60-4052-a18a-b33da5745ff4,47.3595055,-121.5711045
2018-12-31 06:00:00,3.5823930838169193,360f1bcc-aa60-4052-a18a-b33da5745ff4,47.3595055,-121.5711045
2019-01-01 06:00:00,2.6735897954712566,360f1bcc-aa60-4052-a18a-b33da5745ff4,47.3595055,-121.5711045
2019-01-02 06:00:00,2.0,360f1bcc-aa60-4052-a18a-b33da5745ff4,47.3595055,-121.5711045
2019-01-03 06:00:00,4.03521368360927,360f1bcc-aa60-4052-a18a-b33da5745ff4,47.3595055,-121.5711045
2019-01-04 06:00:00,3.8176067941209193,360f1bcc-aa60-4052-a18a-b33da5745ff4,47.3595055,-121.5711045
2019-01-05 06:00:00,8.029573014251188,360f1bcc-aa60-4052-a18a-b33da5745ff4,47.3595055,-121.5711045
2019-01-06 06:00:00,4.308803601142688,360f1bcc-aa60-4052-a18a-b33da5745ff4,47.3595055,-121.5711045
2019-01-07 06:00:00,4.382393232573811,360f1bcc-aa60-4052-a18a-b33da5745ff4,47.3595055,-121.5711045
2019-01-08 06:00:00,12.394358991150163,360f1bcc-aa60-4052-a18a-b33da5745ff4,47.3595055,-121.5711045
2019-01-09 06:00:00,6.564786221023299,360f1bcc-aa60-4052-a18a-b33da5745ff4,47.3595055,-121.5711045
2019-01-10 06:00:00,3.299999952316284,360f1bcc-aa60-4052-a18a-b33da5745ff4,47.3595055,-121.5711045
2019-01-11 06:00:00,7.938376085167257,360f1bcc-aa60-4052-a18a-b33da5745ff4,47.3595055,-121.5711045
2019-01-12 06:00:00,6.8383761385567166,360f1bcc-aa60-4052-a18a-b33da5745ff4,47.3595055,-121.5711045
2019-01-13 06:00:00,6.438376085167259,360f1bcc-aa60-4052-a18a-b33da5745ff4,47.3595055,-121.5711045
2019-01-14 06:00:00,8.511966151457568,360f1bcc-aa60-4052-a18a-b33da5745ff4,47.3595055,-121.5711045
2019-01-15 06:00:00,8.129572484024571,360f1bcc-aa60-4052-a18a-b33da5745ff4,47.3595055,-121.5711045
2019-01-16 06:00:00,9.211966002700676,360f1bcc-aa60-4052-a18a-b33da5745ff4,47.3595055,-121.5711045
2019-01-17 06:00:00,6.4647863163907315,360f1bcc-aa60-4052-a18a-b33da5745ff4,47.3595055,-121.5711045
2019-01-18 06:00:00,5.591196494224745,360f1bcc-aa60-4052-a18a-b33da5745ff4,47.3595055,-121.5711045
2019-01-19 06:00:00,3.3088033837130943,360f1bcc-aa60-4052-a18a-b33da5745ff4,47.3595055,-121.5711045
2019-01-20 06:00:00,1.9911965790976827,360f1bcc-aa60-4052-a18a-b33da5745ff4,47.3595055,-121.5711045
2019-01-21 06:00:00,3.9559829059829066,360f1bcc-aa60-4052-a18a-b33da5745ff4,47.3595055,-121.5711045
2019-01-22 06:00:00,2.626410177834013,360f1bcc-aa60-4052-a18a-b33da5745ff4,47.3595055,-121.5711045
2019-01-23 06:00:00,5.955982905982906,360f1bcc-aa60-4052-a18a-b33da5745ff4,47.3595055,-121.5711045
2019-01-24 06:00:00,3.7559828582991903,360f1bcc-aa60-4052-a18a-b33da5745ff4,47.3595055,-121.5711045
2019-01-25 06:00:00,3.9735897477875413,360f1bcc-aa60-4052-a18a-b33da5745ff4,47.3595055,-121.5711045
2019-01-26 06:00:00,2.9911965895921764,360f1bcc-aa60-4052-a18a-b33da5745ff4,47.3595055,-121.5711045
2019-01-27 06:00:00,3.5823930838169193,360f1bcc-aa60-4052-a18a-b33da5745ff4,47.3595055,-121.5711045
2019-01-28 06:00:00,7.138375894432395,360f1bcc-aa60-4052-a18a-b33da5745ff4,47.3595055,-121.5711045
2019-01-29 06:00:00,6.62957248402457,360f1bcc-aa60-4052-a18a-b33da5745ff4,47.3595055,-121.5711045
2019-01-30 06:00:00,2.2823931105116495,360f1bcc-aa60-4052-a18a-b33da5745ff4,47.3595055,-121.5711045
2019-01-31 06:00:00,2.0911964942247443,360f1bcc-aa60-4052-a18a-b33da5745ff4,47.3595055,-121.5711045
2019-02-01 06:00:00,2.808803383713095,360f1bcc-aa60-4052-a18a-b33da5745ff4,47.3595055,-121.5711045
2019-02-02 06:00:00,2.491196589592176,360f1bcc-aa60-4052-a18a-b33da5745ff4,47.3595055,-121.5711045
2019-02-03 06:00:00,3.5,360f1bcc-aa60-4052-a18a-b33da5745ff4,47.3595055,-121.5711045
2019-02-04 06:00:00,3.891196663970621,360f1bcc-aa60-4052-a18a-b33da5745ff4,47.3595055,-121.5711045
2019-02-05 06:00:00,2.3823932535627974,360f1bcc-aa60-4052-a18a-b33da5745ff4,47.3595055,-121.5711045
2019-02-06 06:00:00,2.491196589592176,360f1bcc-aa60-4052-a18a-b33da5745ff4,47.3595055,-121.5711045
2019-02-07 06:00:00,3.5647862420122847,360f1bcc-aa60-4052-a18a-b33da5745ff4,47.3595055,-121.5711045
2019-02-08 06:00:00,2.4823931581953653,360f1bcc-aa60-4052-a18a-b33da5745ff4,47.3595055,-121.5711045
2019-02-09 06:00:00,9.738376275902123,360f1bcc-aa60-4052-a18a-b33da5745ff4,47.3595055,-121.5711045
2019-02-10 06:00:00,3.200000047683716,360f1bcc-aa60-4052-a18a-b33da5745ff4,47.3595055,-121.5711045
2019-02-11 06:00:00,3.6911966162869057,360f1bcc-aa60-4052-a18a-b33da5745ff4,47.3595055,-121.5711045
2019-02-12 06:00:00,2.2911965419084597,360f1bcc-aa60-4052-a18a-b33da5745ff4,47.3595055,-121.5711045
2019-02-13 06:00:00,2.873589822165987,360f1bcc-aa60-4052-a18a-b33da5745ff4,47.3595055,-121.5711045
2019-02-14 06:00:00,10.211966002700676,360f1bcc-aa60-4052-a18a-b33da5745ff4,47.3595055,-121.5711045
2019-02-15 06:00:00,2.700000047683716,360f1bcc-aa60-4052-a18a-b33da5745ff4,47.3595055,-121.5711045
2019-02-16 06:00:00,1.7911965419084597,360f1bcc-aa60-4052-a18a-b33da5745ff4,47.3595055,-121.5711045
2019-02-17 06:00:00,2.3911966639706215,360f1bcc-aa60-4052-a18a-b33da5745ff4,47.3595055,-121.5711045
2019-02-18 06:00:00,3.46478631639073,360f1bcc-aa60-4052-a18a-b33da5745ff4,47.3595055,-121.5711045
2019-02-19 06:00:00,4.955982905982906,360f1bcc-aa60-4052-a18a-b33da5745ff4,47.3595055,-121.5711045
2019-02-20 06:00:00,4.464786316390731,360f1bcc-aa60-4052-a18a-b33da5745ff4,47.3595055,-121.5711045
2019-02-21 06:00:00,2.0999999046325684,360f1bcc-aa60-4052-a18a-b33da5745ff4,47.3595055,-121.5711045
2019-02-22 06:00:00,4.291196738349067,360f1bcc-aa60-4052-a18a-b33da5745ff4,47.3595055,-121.5711045
2019-02-23 06:00:00,2.591196494224744,360f1bcc-aa60-4052-a18a-b33da5745ff4,47.3595055,-121.5711045
2019-02-24 06:00:00,5.455982905982907,360f1bcc-aa60-4052-a18a-b33da5745ff4,47.3595055,-121.5711045
2019-02-25 06:00:00,4.964786316390731,360f1bcc-aa60-4052-a18a-b33da5745ff4,47.3595055,-121.5711045
2019-02-26 06:00:00,6.747179644331974,360f1bcc-aa60-4052-a18a-b33da5745ff4,47.3595055,-121.5711045
2019-02-27 06:00:00,8.229572823516325,360f1bcc-aa60-4052-a18a-b33da5745ff4,47.3595055,-121.5711045
2019-02-28 06:00:00,1.5911966029395408,360f1bcc-aa60-4052-a18a-b33da5745ff4,47.3595055,-121.5711045
2019-03-01 06:00:00,1.7911965419084597,360f1bcc-aa60-4052-a18a-b33da5745ff4,47.3595055,-121.5711045
2019-03-02 06:00:00,5.655982715248043,360f1bcc-aa60-4052-a18a-b33da5745ff4,47.3595055,-121.5711045
2019-03-03 06:00:00,8.729572823516326,360f1bcc-aa60-4052-a18a-b33da5745ff4,47.3595055,-121.5711045
2019-03-04 06:00:00,8.029573014251188,360f1bcc-aa60-4052-a18a-b33da5745ff4,47.3595055,-121.5711045
2019-03-05 06:00:00,7.229572823516325,360f1bcc-aa60-4052-a18a-b33da5745ff4,47.3595055,-121.5711045
2019-03-06 06:00:00,5.247179644331973,360f1bcc-aa60-4052-a18a-b33da5745ff4,47.3595055,-121.5711045
2019-03-07 06:00:00,3.382393253562797,360f1bcc-aa60-4052-a18a-b33da5745ff4,47.3595055,-121.5711045
2019-03-08 06:00:00,2.6735897954712566,360f1bcc-aa60-4052-a18a-b33da5745ff4,47.3595055,-121.5711045
2019-03-09 06:00:00,1.6911966267813985,360f1bcc-aa60-4052-a18a-b33da5745ff4,47.3595055,-121.5711045
2019-03-10 06:00:00,3.1735897954712575,360f1bcc-aa60-4052-a18a-b33da5745ff4,47.3595055,-121.5711045
2019-03-11 06:00:00,3.2088034580915403,360f1bcc-aa60-4052-a18a-b33da5745ff4,47.3595055,-121.5711045
2019-03-12 06:00:00,5.46478631639073,360f1bcc-aa60-4052-a18a-b33da5745ff4,47.3595055,-121.5711045
2019-03-13 06:00:00,3.8647864117581623,360f1bcc-aa60-4052-a18a-b33da5745ff4,47.3595055,-121.5711045
2019-03-14 06:00:00,1.4911965790976824,360f1bcc-aa60-4052-a18a-b33da5745ff4,47.3595055,-121.5711045
2019-03-15 06:00:00,2.2823931105116495,360f1bcc-aa60-4052-a18a-b33da5745ff4,47.3595055,-121.5711045
2019-03-16 06:00:00,3.1735897954712575,360f1bcc-aa60-4052-a18a-b33da5745ff4,47.3595055,-121.5711045
2019-03-17 06:00:00,4.164786146644854,360f1bcc-aa60-4052-a18a-b33da5745ff4,47.3595055,-121.5711045
2019-03-18 06:00:00,7.438376085167258,360f1bcc-aa60-4052-a18a-b33da5745ff4,47.3595055,-121.5711045
2019-03-19 06:00:00,9.020769561865393,360f1bcc-aa60-4052-a18a-b33da5745ff4,47.3595055,-121.5711045
2019-03-20 06:00:00,8.129572484024571,360f1bcc-aa60-4052-a18a-b33da5745ff4,47.3595055,-121.5711045
2019-03-21 06:00:00,3.1823932058790816,360f1bcc-aa60-4052-a18a-b33da5745ff4,47.3595055,-121.5711045
2019-03-22 06:00:00,2.591196494224744,360f1bcc-aa60-4052-a18a-b33da5745ff4,47.3595055,-121.5711045
2019-03-23 06:00:00,3.9647863163907306,360f1bcc-aa60-4052-a18a-b33da5745ff4,47.3595055,-121.5711045
2019-03-24 06:00:00,4.0647862420122856,360f1bcc-aa60-4052-a18a-b33da5745ff4,47.3595055,-121.5711045
2019-03-25 06:00:00,6.455982905982907,360f1bcc-aa60-4052-a18a-b33da5745ff4,47.3595055,-121.5711045
2019-03-26 06:00:00,2.200000047683716,360f1bcc-aa60-4052-a18a-b33da5745ff4,47.3595055,-121.5711045
2019-03-27 06:00:00,5.864786411758162,360f1bcc-aa60-4052-a18a-b33da5745ff4,47.3595055,-121.5711045
2019-03-28 06:00:00,2.082393073322427,360f1bcc-aa60-4052-a18a-b33da5745ff4,47.3595055,-121.5711045
2019-03-29 06:00:00,2.0911964942247443,360f1bcc-aa60-4052-a18a-b33da5745ff4,47.3595055,-121.5711045
2019-03-30 06:00:00,1.2999999523162842,360f1bcc-aa60-4052-a18a-b33da5745ff4,47.3595055,-121.5711045
2019-03-31 06:00:00,1.891196555255825,360f1bcc-aa60-4052-a18a-b33da5745ff4,47.3595055,-121.5711045
2019-04-01 06:00:00,4.364786411758163,360f1bcc-aa60-4052-a18a-b33da5745ff4,47.3595055,-121.5711045
2019-04-02 06:00:00,4.364786411758163,360f1bcc-aa60-4052-a18a-b33da5745ff4,47.3595055,-121.5711045
2019-04-03 06:00:00,3.9088035057752557,360f1bcc-aa60-4052-a18a-b33da5745ff4,47.3595055,-121.5711045
2019-04-04 06:00:00,3.073589652420109,360f1bcc-aa60-4052-a18a-b33da5745ff4,47.3595055,-121.5711045
2019-04-05 06:00:00,4.099999904632568,360f1bcc-aa60-4052-a18a-b33da5745ff4,47.3595055,-121.5711045
2019-04-06 06:00:00,5.400000095367432,360f1bcc-aa60-4052-a18a-b33da5745ff4,47.3595055,-121.5711045
2019-04-07 06:00:00,3.473589747787541,360f1bcc-aa60-4052-a18a-b33da5745ff4,47.3595055,-121.5711045
2019-04-08 06:00:00,4.464786316390731,360f1bcc-aa60-4052-a18a-b33da5745ff4,47.3595055,-121.5711045
2019-04-09 06:00:00,7.247179644331973,360f1bcc-aa60-4052-a18a-b33da5745ff4,47.3595055,-121.5711045
2019-04-10 06:00:00,6.373589822165988,360f1bcc-aa60-4052-a18a-b33da5745ff4,47.3595055,-121.5711045
2019-04-11 06:00:00,3.200000047683716,360f1bcc-aa60-4052-a18a-b33da5745ff4,47.3595055,-121.5711045
2019-04-12 06:00:00,3.382393253562797,360f1bcc-aa60-4052-a18a-b33da5745ff4,47.3595055,-121.5711045
2019-04-13 06:00:00,4.808803601142688,360f1bcc-aa60-4052-a18a-b33da5745ff4,47.3595055,-121.5711045
2019-04-14 06:00:00,4.391196684959608,360f1bcc-aa60-4052-a18a-b33da5745ff4,47.3595055,-121.5711045
2019-04-15 06:00:00,2.0911964942247443,360f1bcc-aa60-4052-a18a-b33da5745ff4,47.3595055,-121.5711045
2019-04-16 06:00:00,2.799999952316284,360f1bcc-aa60-4052-a18a-b33da5745ff4,47.3595055,-121.5711045
2019-04-17 06:00:00,4.382393232573811,360f1bcc-aa60-4052-a18a-b33da5745ff4,47.3595055,-121.5711045
2019-04-18 06:00:00,2.200000047683716,360f1bcc-aa60-4052-a18a-b33da5745ff4,47.3595055,-121.5711045
2019-04-19 06:00:00,3.2911965419084597,360f1bcc-aa60-4052-a18a-b33da5745ff4,47.3595055,-121.5711045
2019-04-20 06:00:00,5.064786221023299,360f1bcc-aa60-4052-a18a-b33da5745ff4,47.3595055,-121.5711045
2019-04-21 06:00:00,3.6735897954712575,360f1bcc-aa60-4052-a18a-b33da5745ff4,47.3595055,-121.5711045
2019-04-22 06:00:00,2.4000000953674316,360f1bcc-aa60-4052-a18a-b33da5745ff4,47.3595055,-121.5711045
2019-04-23 06:00:00,4.682392988449489,360f1bcc-aa60-4052-a18a-b33da5745ff4,47.3595055,-121.5711045
2019-04-24 06:00:00,3.5735896524201087,360f1bcc-aa60-4052-a18a-b33da5745ff4,47.3595055,-121.5711045
2019-04-25 06:00:00,3.8647864117581623,360f1bcc-aa60-4052-a18a-b33da5745ff4,47.3595055,-121.5711045
2019-04-26 06:00:00,5.173589578041664,360f1bcc-aa60-4052-a18a-b33da5745ff4,47.3595055,-121.5711045
2019-04-27 06:00:00,7.455982905982907,360f1bcc-aa60-4052-a18a-b33da5745ff4,47.3595055,-121.5711045
2019-04-28 06:00:00,2.691196616286905,360f1bcc-aa60-4052-a18a-b33da5745ff4,47.3595055,-121.5711045
2019-04-29 06:00:00,3.1911966162869057,360f1bcc-aa60-4052-a18a-b33da5745ff4,47.3595055,-121.5711045
2019-04-30 06:00:00,2.891196663970621,360f1bcc-aa60-4052-a18a-b33da5745ff4,47.3595055,-121.5711045
2019-05-01 06:00:00,4.491196589592176,360f1bcc-aa60-4052-a18a-b33da5745ff4,47.3595055,-121.5711045
2019-05-02 06:00:00,5.16478616763384,360f1bcc-aa60-4052-a18a-b33da5745ff4,47.3595055,-121.5711045
2019-05-03 06:00:00,4.855983001350338,360f1bcc-aa60-4052-a18a-b33da5745ff4,47.3595055,-121.5711045
2019-05-04 06:00:00,3.873589822165987,360f1bcc-aa60-4052-a18a-b33da5745ff4,47.3595055,-121.5711045
2019-05-05 06:00:00,3.873589822165987,360f1bcc-aa60-4052-a18a-b33da5745ff4,47.3595055,-121.5711045
2019-05-06 06:00:00,2.782393110511649,360f1bcc-aa60-4052-a18a-b33da5745ff4,47.3595055,-121.5711045
2019-05-07 06:00:00,4.273589917533418,360f1bcc-aa60-4052-a18a-b33da5745ff4,47.3595055,-121.5711045
2019-05-08 06:00:00,2.891196663970621,360f1bcc-aa60-4052-a18a-b33da5745ff4,47.3595055,-121.5711045
2019-05-09 06:00:00,2.591196494224744,360f1bcc-aa60-4052-a18a-b33da5745ff4,47.3595055,-121.5711045
2019-05-10 06:00:00,1.0911966029395408,360f1bcc-aa60-4052-a18a-b33da5745ff4,47.3595055,-121.5711045
2019-05-11 06:00:00,3.0999999046325684,360f1bcc-aa60-4052-a18a-b33da5745ff4,47.3595055,-121.5711045
2019-05-12 06:00:00,4.373589822165987,360f1bcc-aa60-4052-a18a-b33da5745ff4,47.3595055,-121.5711045
2019-05-13 06:00:00,3.373589822165987,360f1bcc-aa60-4052-a18a-b33da5745ff4,47.3595055,-121.5711045
2019-05-14 06:00:00,2.5999999046325684,360f1bcc-aa60-4052-a18a-b33da5745ff4,47.3595055,-121.5711045
2019-05-15 06:00:00,4.755983096717769,360f1bcc-aa60-4052-a18a-b33da5745ff4,47.3595055,-121.5711045
2019-05-16 06:00:00,4.173589578041664,360f1bcc-aa60-4052-a18a-b33da5745ff4,47.3595055,-121.5711045
2019-05-17 06:00:00,6.66478616763384,360f1bcc-aa60-4052-a18a-b33da5745ff4,47.3595055,-121.5711045
2019-05-18 06:00:00,3.5647862420122847,360f1bcc-aa60-4052-a18a-b33da5745ff4,47.3595055,-121.5711045
2019-05-19 06:00:00,4.355983001350339,360f1bcc-aa60-4052-a18a-b33da5745ff4,47.3595055,-121.5711045
2019-05-20 06:00:00,2.0911964942247443,360f1bcc-aa60-4052-a18a-b33da5745ff4,47.3595055,-121.5711045
2019-05-21 06:00:00,2.6823932058790807,360f1bcc-aa60-4052-a18a-b33da5745ff4,47.3595055,-121.5711045
2019-05-22 06:00:00,3.0823930838169202,360f1bcc-aa60-4052-a18a-b33da5745ff4,47.3595055,-121.5711045
2019-05-23 06:00:00,3.882393253562797,360f1bcc-aa60-4052-a18a-b33da5745ff4,47.3595055,-121.5711045
2019-05-24 06:00:00,5.673589578041664,360f1bcc-aa60-4052-a18a-b33da5745ff4,47.3595055,-121.5711045
2019-05-25 06:00:00,2.782393110511649,360f1bcc-aa60-4052-a18a-b33da5745ff4,47.3595055,-121.5711045
2019-05-26 06:00:00,2.5999999046325684,360f1bcc-aa60-4052-a18a-b33da5745ff4,47.3595055,-121.5711045
2019-05-27 06:00:00,3.9735897477875413,360f1bcc-aa60-4052-a18a-b33da5745ff4,47.3595055,-121.5711045
2019-05-28 06:00:00,5.355983001350338,360f1bcc-aa60-4052-a18a-b33da5745ff4,47.3595055,-121.5711045
2019-05-29 06:00:00,5.355983001350338,360f1bcc-aa60-4052-a18a-b33da5745ff4,47.3595055,-121.5711045
2019-05-30 06:00:00,3.773589700103826,360f1bcc-aa60-4052-a18a-b33da5745ff4,47.3595055,-121.5711045
2019-05-31 06:00:00,3.473589747787541,360f1bcc-aa60-4052-a18a-b33da5745ff4,47.3595055,-121.5711045
2019-06-01 06:00:00,4.0647862420122856,360f1bcc-aa60-4052-a18a-b33da5745ff4,47.3595055,-121.5711045
2019-06-02 06:00:00,4.273589917533418,360f1bcc-aa60-4052-a18a-b33da5745ff4,47.3595055,-121.5711045
2019-06-03 06:00:00,4.764786507125595,360f1bcc-aa60-4052-a18a-b33da5745ff4,47.3595055,-121.5711045
2019-06-04 06:00:00,3.9735897477875413,360f1bcc-aa60-4052-a18a-b33da5745ff4,47.3595055,-121.5711045
2019-06-05 06:00:00,3.299999952316284,360f1bcc-aa60-4052-a18a-b33da5745ff4,47.3595055,-121.5711045
2019-06-06 06:00:00,5.282393327941242,360f1bcc-aa60-4052-a18a-b33da5745ff4,47.3595055,-121.5711045
2019-06-07 06:00:00,5.191196398857313,360f1bcc-aa60-4052-a18a-b33da5745ff4,47.3595055,-121.5711045
2019-06-08 06:00:00,5.155982715248042,360f1bcc-aa60-4052-a18a-b33da5745ff4,47.3595055,-121.5711045
2019-06-09 06:00:00,1.7999999523162842,360f1bcc-aa60-4052-a18a-b33da5745ff4,47.3595055,-121.5711045
2019-06-10 06:00:00,4.182392988449489,360f1bcc-aa60-4052-a18a-b33da5745ff4,47.3595055,-121.5711045
2019-06-11 06:00:00,3.7911965419084606,360f1bcc-aa60-4052-a18a-b33da5745ff4,47.3595055,-121.5711045
2019-06-12 06:00:00,3.373589822165987,360f1bcc-aa60-4052-a18a-b33da5745ff4,47.3595055,-121.5711045
2019-06-13 06:00:00,4.773589917533418,360f1bcc-aa60-4052-a18a-b33da5745ff4,47.3595055,-121.5711045
2019-06-14 06:00:00,5.455982905982907,360f1bcc-aa60-4052-a18a-b33da5745ff4,47.3595055,-121.5711045
2019-06-15 06:00:00,4.173589578041664,360f1bcc-aa60-4052-a18a-b33da5745ff4,47.3595055,-121.5711045
2019-06-16 06:00:00,5.46478631639073,360f1bcc-aa60-4052-a18a-b33da5745ff4,47.3595055,-121.5711045
2019-06-17 06:00:00,6.155982715248043,360f1bcc-aa60-4052-a18a-b33da5745ff4,47.3595055,-121.5711045
2019-06-18 06:00:00,6.1647861676338405,360f1bcc-aa60-4052-a18a-b33da5745ff4,47.3595055,-121.5711045
2019-06-19 06:00:00,7.055982810615473,360f1bcc-aa60-4052-a18a-b33da5745ff4,47.3595055,-121.5711045
2019-06-20 06:00:00,6.847179590942513,360f1bcc-aa60-4052-a18a-b33da5745ff4,47.3595055,-121.5711045
2019-06-21 06:00:00,5.947179495575082,360f1bcc-aa60-4052-a18a-b33da5745ff4,47.3595055,-121.5711045
2019-06-22 06:00:00,5.264786507125594,360f1bcc-aa60-4052-a18a-b33da5745ff4,47.3595055,-121.5711045
2019-06-23 06:00:00,5.955982905982906,360f1bcc-aa60-4052-a18a-b33da5745ff4,47.3595055,-121.5711045
2019-06-24 06:00:00,4.564786221023299,360f1bcc-aa60-4052-a18a-b33da5745ff4,47.3595055,-121.5711045
2019-06-25 06:00:00,3.482393158195365,360f1bcc-aa60-4052-a18a-b33da5745ff4,47.3595055,-121.5711045
2019-06-26 06:00:00,2.6823932058790807,360f1bcc-aa60-4052-a18a-b33da5745ff4,47.3595055,-121.5711045
2019-06-27 06:00:00,3.200000047683716,360f1bcc-aa60-4052-a18a-b33da5745ff4,47.3595055,-121.5711045
2019-06-28 06:00:00,2.58239308381692,360f1bcc-aa60-4052-a18a-b33da5745ff4,47.3595055,-121.5711045
2019-06-29 06:00:00,1.7911965419084597,360f1bcc-aa60-4052-a18a-b33da5745ff4,47.3595055,-121.5711045
2019-06-30 06:00:00,2.299999952316284,360f1bcc-aa60-4052-a18a-b33da5745ff4,47.3595055,-121.5711045
2019-07-01 06:00:00,3.882393253562797,360f1bcc-aa60-4052-a18a-b33da5745ff4,47.3595055,-121.5711045
2019-07-02 06:00:00,5.96478631639073,360f1bcc-aa60-4052-a18a-b33da5745ff4,47.3595055,-121.5711045
2019-07-03 06:00:00,5.847179590942514,360f1bcc-aa60-4052-a18a-b33da5745ff4,47.3595055,-121.5711045
2019-07-04 06:00:00,4.373589822165987,360f1bcc-aa60-4052-a18a-b33da5745ff4,47.3595055,-121.5711045
2019-07-05 06:00:00,3.9823931581953653,360f1bcc-aa60-4052-a18a-b33da5745ff4,47.3595055,-121.5711045
2019-07-06 06:00:00,4.955982905982906,360f1bcc-aa60-4052-a18a-b33da5745ff4,47.3595055,-121.5711045
2019-07-07 06:00:00,5.264786507125594,360f1bcc-aa60-4052-a18a-b33da5745ff4,47.3595055,-121.5711045
2019-07-08 06:00:00,3.8647864117581623,360f1bcc-aa60-4052-a18a-b33da5745ff4,47.3595055,-121.5711045
2019-07-09 06:00:00,3.2823931105116495,360f1bcc-aa60-4052-a18a-b33da5745ff4,47.3595055,-121.5711045
2019-07-10 06:00:00,3.4000000953674316,360f1bcc-aa60-4052-a18a-b33da5745ff4,47.3595055,-121.5711045
2019-07-11 06:00:00,2.3911966639706215,360f1bcc-aa60-4052-a18a-b33da5745ff4,47.3595055,-121.5711045
2019-07-12 06:00:00,3.6735897954712575,360f1bcc-aa60-4052-a18a-b33da5745ff4,47.3595055,-121.5711045
2019-07-13 06:00:00,4.673589578041665,360f1bcc-aa60-4052-a18a-b33da5745ff4,47.3595055,-121.5711045
2019-07-14 06:00:00,3.6735897954712575,360f1bcc-aa60-4052-a18a-b33da5745ff4,47.3595055,-121.5711045
2019-07-15 06:00:00,2.982393158195365,360f1bcc-aa60-4052-a18a-b33da5745ff4,47.3595055,-121.5711045
2019-07-16 06:00:00,4.0647862420122856,360f1bcc-aa60-4052-a18a-b33da5745ff4,47.3595055,-121.5711045
2019-07-17 06:00:00,4.400000095367432,360f1bcc-aa60-4052-a18a-b33da5745ff4,47.3595055,-121.5711045
2019-07-18 06:00:00,5.66478616763384,360f1bcc-aa60-4052-a18a-b33da5745ff4,47.3595055,-121.5711045
2019-07-19 06:00:00,4.264786507125594,360f1bcc-aa60-4052-a18a-b33da5745ff4,47.3595055,-121.5711045
2019-07-20 06:00:00,2.0911964942247443,360f1bcc-aa60-4052-a18a-b33da5745ff4,47.3595055,-121.5711045
2019-07-21 06:00:00,3.8559830013503373,360f1bcc-aa60-4052-a18a-b33da5745ff4,47.3595055,-121.5711045
2019-07-22 06:00:00,3.2823931105116495,360f1bcc-aa60-4052-a18a-b33da5745ff4,47.3595055,-121.5711045
2019-07-23 06:00:00,4.173589578041664,360f1bcc-aa60-4052-a18a-b33da5745ff4,47.3595055,-121.5711045
2019-07-24 06:00:00,3.773589700103826,360f1bcc-aa60-4052-a18a-b33da5745ff4,47.3595055,-121.5711045
2019-07-25 06:00:00,1.899999976158142,360f1bcc-aa60-4052-a18a-b33da5745ff4,47.3595055,-121.5711045
2019-07-26 06:00:00,2.691196616286905,360f1bcc-aa60-4052-a18a-b33da5745ff4,47.3595055,-121.5711045
2019-07-27 06:00:00,5.264786507125594,360f1bcc-aa60-4052-a18a-b33da5745ff4,47.3595055,-121.5711045
2019-07-28 06:00:00,2.491196589592176,360f1bcc-aa60-4052-a18a-b33da5745ff4,47.3595055,-121.5711045
2019-07-29 06:00:00,3.5823930838169193,360f1bcc-aa60-4052-a18a-b33da5745ff4,47.3595055,-121.5711045
2019-07-30 06:00:00,3.9735897477875413,360f1bcc-aa60-4052-a18a-b33da5745ff4,47.3595055,-121.5711045
2019-07-31 06:00:00,2.9911965895921764,360f1bcc-aa60-4052-a18a-b33da5745ff4,47.3595055,-121.5711045
2019-08-01 06:00:00,2.5088034104078245,360f1bcc-aa60-4052-a18a-b33da5745ff4,47.3595055,-121.5711045
2019-08-02 06:00:00,3.9823931581953653,360f1bcc-aa60-4052-a18a-b33da5745ff4,47.3595055,-121.5711045
2019-08-03 06:00:00,2.4000000953674316,360f1bcc-aa60-4052-a18a-b33da5745ff4,47.3595055,-121.5711045
2019-08-04 06:00:00,2.982393158195365,360f1bcc-aa60-4052-a18a-b33da5745ff4,47.3595055,-121.5711045
2019-08-05 06:00:00,2.58239308381692,360f1bcc-aa60-4052-a18a-b33da5745ff4,47.3595055,-121.5711045
2019-08-06 06:00:00,2.4823931581953653,360f1bcc-aa60-4052-a18a-b33da5745ff4,47.3595055,-121.5711045
2019-08-07 06:00:00,2.982393158195365,360f1bcc-aa60-4052-a18a-b33da5745ff4,47.3595055,-121.5711045
2019-08-08 06:00:00,4.564786221023299,360f1bcc-aa60-4052-a18a-b33da5745ff4,47.3595055,-121.5711045
2019-08-09 06:00:00,4.364786411758163,360f1bcc-aa60-4052-a18a-b33da5745ff4,47.3595055,-121.5711045
2019-08-10 06:00:00,4.355983001350339,360f1bcc-aa60-4052-a18a-b33da5745ff4,47.3595055,-121.5711045
2019-08-11 06:00:00,4.173589578041664,360f1bcc-aa60-4052-a18a-b33da5745ff4,47.3595055,-121.5711045
2019-08-12 06:00:00,2.58239308381692,360f1bcc-aa60-4052-a18a-b33da5745ff4,47.3595055,-121.5711045
2019-08-13 06:00:00,2.1823932058790816,360f1bcc-aa60-4052-a18a-b33da5745ff4,47.3595055,-121.5711045
2019-08-14 06:00:00,3.873589822165987,360f1bcc-aa60-4052-a18a-b33da5745ff4,47.3595055,-121.5711045
2019-08-15 06:00:00,4.864786411758162,360f1bcc-aa60-4052-a18a-b33da5745ff4,47.3595055,-121.5711045
2019-08-16 06:00:00,5.255983096717769,360f1bcc-aa60-4052-a18a-b33da5745ff4,47.3595055,-121.5711045
2019-08-17 06:00:00,3.873589822165987,360f1bcc-aa60-4052-a18a-b33da5745ff4,47.3595055,-121.5711045
2019-08-18 06:00:00,3.1823932058790816,360f1bcc-aa60-4052-a18a-b33da5745ff4,47.3595055,-121.5711045
2019-08-19 06:00:00,3.773589700103826,360f1bcc-aa60-4052-a18a-b33da5745ff4,47.3595055,-121.5711045
2019-08-20 06:00:00,2.891196663970621,360f1bcc-aa60-4052-a18a-b33da5745ff4,47.3595055,-121.5711045
2019-08-21 06:00:00,3.0911964942247443,360f1bcc-aa60-4052-a18a-b33da5745ff4,47.3595055,-121.5711045
2019-08-22 06:00:00,5.264786507125594,360f1bcc-aa60-4052-a18a-b33da5745ff4,47.3595055,-121.5711045
2019-08-23 06:00:00,2.3823932535627974,360f1bcc-aa60-4052-a18a-b33da5745ff4,47.3595055,-121.5711045
2019-08-24 06:00:00,4.764786507125595,360f1bcc-aa60-4052-a18a-b33da5745ff4,47.3595055,-121.5711045
2019-08-25 06:00:00,4.964786316390731,360f1bcc-aa60-4052-a18a-b33da5745ff4,47.3595055,-121.5711045
2019-08-26 06:00:00,2.4000000953674316,360f1bcc-aa60-4052-a18a-b33da5745ff4,47.3595055,-121.5711045
2019-08-27 06:00:00,5.16478616763384,360f1bcc-aa60-4052-a18a-b33da5745ff4,47.3595055,-121.5711045
2019-08-28 06:00:00,2.6735897954712566,360f1bcc-aa60-4052-a18a-b33da5745ff4,47.3595055,-121.5711045
2019-08-29 06:00:00,3.78239311051165,360f1bcc-aa60-4052-a18a-b33da5745ff4,47.3595055,-121.5711045
2019-08-30 06:00:00,3.382393253562797,360f1bcc-aa60-4052-a18a-b33da5745ff4,47.3595055,-121.5711045
2019-08-31 06:00:00,2.982393158195365,360f1bcc-aa60-4052-a18a-b33da5745ff4,47.3595055,-121.5711045
2019-09-01 06:00:00,3.1823932058790816,360f1bcc-aa60-4052-a18a-b33da5745ff4,47.3595055,-121.5711045
2019-09-02 06:00:00,3.1823932058790816,360f1bcc-aa60-4052-a18a-b33da5745ff4,47.3595055,-121.5711045
2019-09-03 06:00:00,3.382393253562797,360f1bcc-aa60-4052-a18a-b33da5745ff4,47.3595055,-121.5711045
2019-09-04 06:00:00,2.2911965419084597,360f1bcc-aa60-4052-a18a-b33da5745ff4,47.3595055,-121.5711045
2019-09-05 06:00:00,3.764786289696002,360f1bcc-aa60-4052-a18a-b33da5745ff4,47.3595055,-121.5711045
2019-09-06 06:00:00,2.299999952316284,360f1bcc-aa60-4052-a18a-b33da5745ff4,47.3595055,-121.5711045
2019-09-07 06:00:00,3.482393158195365,360f1bcc-aa60-4052-a18a-b33da5745ff4,47.3595055,-121.5711045
2019-09-08 06:00:00,4.173589578041664,360f1bcc-aa60-4052-a18a-b33da5745ff4,47.3595055,-121.5711045
2019-09-09 06:00:00,2.299999952316284,360f1bcc-aa60-4052-a18a-b33da5745ff4,47.3595055,-121.5711045
2019-09-10 06:00:00,2.6735897954712566,360f1bcc-aa60-4052-a18a-b33da5745ff4,47.3595055,-121.5711045
2019-09-11 06:00:00,3.382393253562797,360f1bcc-aa60-4052-a18a-b33da5745ff4,47.3595055,-121.5711045
2019-09-12 06:00:00,2.3088033837130943,360f1bcc-aa60-4052-a18a-b33da5745ff4,47.3595055,-121.5711045
2019-09-13 06:00:00,3.5911964942247434,360f1bcc-aa60-4052-a18a-b33da5745ff4,47.3595055,-121.5711045
2019-09-14 06:00:00,3.108803336029379,360f1bcc-aa60-4052-a18a-b33da5745ff4,47.3595055,-121.5711045
2019-09-15 06:00:00,2.317606794120919,360f1bcc-aa60-4052-a18a-b33da5745ff4,47.3595055,-121.5711045
2019-09-16 06:00:00,3.1823932058790816,360f1bcc-aa60-4052-a18a-b33da5745ff4,47.3595055,-121.5711045
2019-09-17 06:00:00,3.7088034580915403,360f1bcc-aa60-4052-a18a-b33da5745ff4,47.3595055,-121.5711045
2019-09-18 06:00:00,2.491196589592176,360f1bcc-aa60-4052-a18a-b33da5745ff4,47.3595055,-121.5711045
2019-09-19 06:00:00,5.255983096717769,360f1bcc-aa60-4052-a18a-b33da5745ff4,47.3595055,-121.5711045
2019-09-20 06:00:00,5.255983096717769,360f1bcc-aa60-4052-a18a-b33da5745ff4,47.3595055,-121.5711045
2019-09-21 06:00:00,3.373589822165987,360f1bcc-aa60-4052-a18a-b33da5745ff4,47.3595055,-121.5711045
2019-09-22 06:00:00,2.0088034104078245,360f1bcc-aa60-4052-a18a-b33da5745ff4,47.3595055,-121.5711045
2019-09-23 06:00:00,4.473589726798554,360f1bcc-aa60-4052-a18a-b33da5745ff4,47.3595055,-121.5711045
2019-09-24 06:00:00,5.96478631639073,360f1bcc-aa60-4052-a18a-b33da5745ff4,47.3595055,-121.5711045
2019-09-25 06:00:00,3.873589822165987,360f1bcc-aa60-4052-a18a-b33da5745ff4,47.3595055,-121.5711045
2019-09-26 06:00:00,5.864786411758162,360f1bcc-aa60-4052-a18a-b33da5745ff4,47.3595055,-121.5711045
2019-09-27 06:00:00,5.173589578041664,360f1bcc-aa60-4052-a18a-b33da5745ff4,47.3595055,-121.5711045
2019-09-28 06:00:00,3.0911964942247443,360f1bcc-aa60-4052-a18a-b33da5745ff4,47.3595055,-121.5711045
2019-09-29 06:00:00,5.373589822165986,360f1bcc-aa60-4052-a18a-b33da5745ff4,47.3595055,-121.5711045
2019-09-30 06:00:00,2.891196663970621,360f1bcc-aa60-4052-a18a-b33da5745ff4,47.3595055,-121.5711045
2019-10-01 06:00:00,1.4911965790976824,360f1bcc-aa60-4052-a18a-b33da5745ff4,47.3595055,-121.5711045
2019-10-02 06:00:00,5.255983096717769,360f1bcc-aa60-4052-a18a-b33da5745ff4,47.3595055,-121.5711045
2019-10-03 06:00:00,3.299999952316284,360f1bcc-aa60-4052-a18a-b33da5745ff4,47.3595055,-121.5711045
2019-10-04 06:00:00,3.5,360f1bcc-aa60-4052-a18a-b33da5745ff4,47.3595055,-121.5711045
2019-10-05 06:00:00,4.155982736237029,360f1bcc-aa60-4052-a18a-b33da5745ff4,47.3595055,-121.5711045
2019-10-06 06:00:00,2.6823932058790807,360f1bcc-aa60-4052-a18a-b33da5745ff4,47.3595055,-121.5711045
2019-10-07 06:00:00,4.7911967383490675,360f1bcc-aa60-4052-a18a-b33da5745ff4,47.3595055,-121.5711045
2019-10-08 06:00:00,7.755983096717769,360f1bcc-aa60-4052-a18a-b33da5745ff4,47.3595055,-121.5711045
2019-10-09 06:00:00,3.1911966162869057,360f1bcc-aa60-4052-a18a-b33da5745ff4,47.3595055,-121.5711045
2019-10-10 06:00:00,5.347179590942513,360f1bcc-aa60-4052-a18a-b33da5745ff4,47.3595055,-121.5711045
2019-10-11 06:00:00,7.529572579392004,360f1bcc-aa60-4052-a18a-b33da5745ff4,47.3595055,-121.5711045
2019-10-12 06:00:00,2.782393110511649,360f1bcc-aa60-4052-a18a-b33da5745ff4,47.3595055,-121.5711045
2019-10-13 06:00:00,3.473589747787541,360f1bcc-aa60-4052-a18a-b33da5745ff4,47.3595055,-121.5711045
2019-10-14 06:00:00,3.073589652420109,360f1bcc-aa60-4052-a18a-b33da5745ff4,47.3595055,-121.5711045
2019-10-15 06:00:00,4.691196398857313,360f1bcc-aa60-4052-a18a-b33da5745ff4,47.3595055,-121.5711045
2019-10-16 06:00:00,3.5176068418046347,360f1bcc-aa60-4052-a18a-b33da5745ff4,47.3595055,-121.5711045
2019-10-17 06:00:00,4.326410421958336,360f1bcc-aa60-4052-a18a-b33da5745ff4,47.3595055,-121.5711045
2019-10-18 06:00:00,5.199999809265137,360f1bcc-aa60-4052-a18a-b33da5745ff4,47.3595055,-121.5711045
2019-10-19 06:00:00,5.673589578041664,360f1bcc-aa60-4052-a18a-b33da5745ff4,47.3595055,-121.5711045
2019-10-20 06:00:00,4.0,360f1bcc-aa60-4052-a18a-b33da5745ff4,47.3595055,-121.5711045
2019-10-21 06:00:00,4.017606820815649,360f1bcc-aa60-4052-a18a-b33da5745ff4,47.3595055,-121.5711045
2019-10-22 06:00:00,6.655982715248044,360f1bcc-aa60-4052-a18a-b33da5745ff4,47.3595055,-121.5711045
2019-10-23 06:00:00,2.491196589592176,360f1bcc-aa60-4052-a18a-b33da5745ff4,47.3595055,-121.5711045
2019-10-24 06:00:00,2.2735897001038254,360f1bcc-aa60-4052-a18a-b33da5745ff4,47.3595055,-121.5711045
2019-10-25 06:00:00,5.864786411758162,360f1bcc-aa60-4052-a18a-b33da5745ff4,47.3595055,-121.5711045
2019-10-26 06:00:00,4.973589726798554,360f1bcc-aa60-4052-a18a-b33da5745ff4,47.3595055,-121.5711045
2019-10-27 06:00:00,2.691196616286905,360f1bcc-aa60-4052-a18a-b33da5745ff4,47.3595055,-121.5711045
2019-10-28 06:00:00,4.173589578041664,360f1bcc-aa60-4052-a18a-b33da5745ff4,47.3595055,-121.5711045
2019-10-29 06:00:00,8.138375894432395,360f1bcc-aa60-4052-a18a-b33da5745ff4,47.3595055,-121.5711045
2019-10-30 06:00:00,4.855983001350338,360f1bcc-aa60-4052-a18a-b33da5745ff4,47.3595055,-121.5711045
2019-10-31 06:00:00,2.982393158195365,360f1bcc-aa60-4052-a18a-b33da5745ff4,47.3595055,-121.5711045
2019-11-01 06:00:00,4.955982905982906,360f1bcc-aa60-4052-a18a-b33da5745ff4,47.3595055,-121.5711045
2019-11-02 06:00:00,2.882393253562797,360f1bcc-aa60-4052-a18a-b33da5745ff4,47.3595055,-121.5711045
2019-11-03 06:00:00,3.382393253562797,360f1bcc-aa60-4052-a18a-b33da5745ff4,47.3595055,-121.5711045
2019-11-04 06:00:00,2.982393158195365,360f1bcc-aa60-4052-a18a-b33da5745ff4,47.3595055,-121.5711045
2019-11-05 06:00:00,3.1823932058790816,360f1bcc-aa60-4052-a18a-b33da5745ff4,47.3595055,-121.5711045
2019-11-06 06:00:00,5.247179644331973,360f1bcc-aa60-4052-a18a-b33da5745ff4,47.3595055,-121.5711045
2019-11-07 06:00:00,4.555982810615474,360f1bcc-aa60-4052-a18a-b33da5745ff4,47.3595055,-121.5711045
2019-11-08 06:00:00,2.882393253562797,360f1bcc-aa60-4052-a18a-b33da5745ff4,47.3595055,-121.5711045
2019-11-09 06:00:00,2.573589652420109,360f1bcc-aa60-4052-a18a-b33da5745ff4,47.3595055,-121.5711045
2019-11-10 06:00:00,3.8647864117581623,360f1bcc-aa60-4052-a18a-b33da5745ff4,47.3595055,-121.5711045
2019-11-11 06:00:00,6.438376085167259,360f1bcc-aa60-4052-a18a-b33da5745ff4,47.3595055,-121.5711045
2019-11-12 06:00:00,3.064786242012285,360f1bcc-aa60-4052-a18a-b33da5745ff4,47.3595055,-121.5711045
2019-11-13 06:00:00,3.373589822165987,360f1bcc-aa60-4052-a18a-b33da5745ff4,47.3595055,-121.5711045
2019-11-14 06:00:00,3.2823931105116495,360f1bcc-aa60-4052-a18a-b33da5745ff4,47.3595055,-121.5711045
2019-11-15 06:00:00,3.9088035057752557,360f1bcc-aa60-4052-a18a-b33da5745ff4,47.3595055,-121.5711045
2019-11-16 06:00:00,2.2088034580915403,360f1bcc-aa60-4052-a18a-b33da5745ff4,47.3595055,-121.5711045
2019-11-17 06:00:00,4.691196398857313,360f1bcc-aa60-4052-a18a-b33da5745ff4,47.3595055,-121.5711045
2019-11-18 06:00:00,2.782393110511649,360f1bcc-aa60-4052-a18a-b33da5745ff4,47.3595055,-121.5711045
2019-11-19 06:00:00,4.66478616763384,360f1bcc-aa60-4052-a18a-b33da5745ff4,47.3595055,-121.5711045
2019-11-20 06:00:00,4.573589673409095,360f1bcc-aa60-4052-a18a-b33da5745ff4,47.3595055,-121.5711045
2019-11-21 06:00:00,4.847179590942513,360f1bcc-aa60-4052-a18a-b33da5745ff4,47.3595055,-121.5711045
2019-11-22 06:00:00,2.973589747787541,360f1bcc-aa60-4052-a18a-b33da5745ff4,47.3595055,-121.5711045
2019-11-23 06:00:00,3.2823931105116495,360f1bcc-aa60-4052-a18a-b33da5745ff4,47.3595055,-121.5711045
2019-11-24 06:00:00,5.564786221023298,360f1bcc-aa60-4052-a18a-b33da5745ff4,47.3595055,-121.5711045
2019-11-25 06:00:00,4.673589578041665,360f1bcc-aa60-4052-a18a-b33da5745ff4,47.3595055,-121.5711045
2019-11-26 06:00:00,4.973589726798554,360f1bcc-aa60-4052-a18a-b33da5745ff4,47.3595055,-121.5711045
2019-11-27 06:00:00,8.16478616763384,360f1bcc-aa60-4052-a18a-b33da5745ff4,47.3595055,-121.5711045
2019-11-28 06:00:00,6.255983096717769,360f1bcc-aa60-4052-a18a-b33da5745ff4,47.3595055,-121.5711045
2019-11-29 06:00:00,3.073589652420109,360f1bcc-aa60-4052-a18a-b33da5745ff4,47.3595055,-121.5711045
2019-11-30 06:00:00,6.938376085167258,360f1bcc-aa60-4052-a18a-b33da5745ff4,47.3595055,-121.5711045
2019-12-01 06:00:00,8.82076888288188,360f1bcc-aa60-4052-a18a-b33da5745ff4,47.3595055,-121.5711045
2019-12-02 06:00:00,1.9735897477875413,360f1bcc-aa60-4052-a18a-b33da5745ff4,47.3595055,-121.5711045
2019-12-03 06:00:00,2.5,360f1bcc-aa60-4052-a18a-b33da5745ff4,47.3595055,-121.5711045
2019-12-04 06:00:00,1.7000000476837158,360f1bcc-aa60-4052-a18a-b33da5745ff4,47.3595055,-121.5711045
2019-12-05 06:00:00,2.973589747787541,360f1bcc-aa60-4052-a18a-b33da5745ff4,47.3595055,-121.5711045
2019-12-06 06:00:00,4.955982905982906,360f1bcc-aa60-4052-a18a-b33da5745ff4,47.3595055,-121.5711045
2019-12-07 06:00:00,2.082393073322427,360f1bcc-aa60-4052-a18a-b33da5745ff4,47.3595055,-121.5711045
2019-12-08 06:00:00,3.373589822165987,360f1bcc-aa60-4052-a18a-b33da5745ff4,47.3595055,-121.5711045
2019-12-09 06:00:00,3.073589652420109,360f1bcc-aa60-4052-a18a-b33da5745ff4,47.3595055,-121.5711045
2019-12-10 06:00:00,3.5823930838169193,360f1bcc-aa60-4052-a18a-b33da5745ff4,47.3595055,-121.5711045
2019-12-11 06:00:00,2.891196663970621,360f1bcc-aa60-4052-a18a-b33da5745ff4,47.3595055,-121.5711045
2019-12-12 06:00:00,4.5088034104078245,360f1bcc-aa60-4052-a18a-b33da5745ff4,47.3595055,-121.5711045
2019-12-13 06:00:00,3.382393253562797,360f1bcc-aa60-4052-a18a-b33da5745ff4,47.3595055,-121.5711045
2019-12-14 06:00:00,1.882393144848001,360f1bcc-aa60-4052-a18a-b33da5745ff4,47.3595055,-121.5711045
2019-12-15 06:00:00,3.764786289696002,360f1bcc-aa60-4052-a18a-b33da5745ff4,47.3595055,-121.5711045
2019-12-16 06:00:00,2.5999999046325684,360f1bcc-aa60-4052-a18a-b33da5745ff4,47.3595055,-121.5711045
2019-12-17 06:00:00,3.882393253562797,360f1bcc-aa60-4052-a18a-b33da5745ff4,47.3595055,-121.5711045
2019-12-18 06:00:00,3.891196663970621,360f1bcc-aa60-4052-a18a-b33da5745ff4,47.3595055,-121.5711045
2019-12-19 06:00:00,3.226410299896176,360f1bcc-aa60-4052-a18a-b33da5745ff4,47.3595055,-121.5711045
2019-12-20 06:00:00,4.108803315040393,360f1bcc-aa60-4052-a18a-b33da5745ff4,47.3595055,-121.5711045
2019-12-21 06:00:00,1.4911965790976824,360f1bcc-aa60-4052-a18a-b33da5745ff4,47.3595055,-121.5711045
2019-12-22 06:00:00,2.491196589592176,360f1bcc-aa60-4052-a18a-b33da5745ff4,47.3595055,-121.5711045
2019-12-23 06:00:00,2.873589822165987,360f1bcc-aa60-4052-a18a-b33da5745ff4,47.3595055,-121.5711045
2019-12-24 06:00:00,1.3911965552558245,360f1bcc-aa60-4052-a18a-b33da5745ff4,47.3595055,-121.5711045
2019-12-25 06:00:00,3.5735896524201087,360f1bcc-aa60-4052-a18a-b33da5745ff4,47.3595055,-121.5711045
2019-12-26 06:00:00,3.0823930838169202,360f1bcc-aa60-4052-a18a-b33da5745ff4,47.3595055,-121.5711045
2019-12-27 06:00:00,3.0823930838169202,360f1bcc-aa60-4052-a18a-b33da5745ff4,47.3595055,-121.5711045
2019-12-28 06:00:00,2.0911964942247443,360f1bcc-aa60-4052-a18a-b33da5745ff4,47.3595055,-121.5711045
2019-12-29 06:00:00,3.5735896524201087,360f1bcc-aa60-4052-a18a-b33da5745ff4,47.3595055,-121.5711045
2019-12-30 06:00:00,1.899999976158142,360f1bcc-aa60-4052-a18a-b33da5745ff4,47.3595055,-121.5711045
2019-12-31 06:00:00,2.799999952316284,360f1bcc-aa60-4052-a18a-b33da5745ff4,47.3595055,-121.5711045
2020-01-01 06:00:00,7.973589726798556,360f1bcc-aa60-4052-a18a-b33da5745ff4,47.3595055,-121.5711045
2020-01-02 06:00:00,4.291196738349067,360f1bcc-aa60-4052-a18a-b33da5745ff4,47.3595055,-121.5711045
2020-01-03 06:00:00,4.7264100824665825,360f1bcc-aa60-4052-a18a-b33da5745ff4,47.3595055,-121.5711045
2020-01-04 06:00:00,5.708803261650933,360f1bcc-aa60-4052-a18a-b33da5745ff4,47.3595055,-121.5711045
2020-01-05 06:00:00,5.308803601142688,360f1bcc-aa60-4052-a18a-b33da5745ff4,47.3595055,-121.5711045
2020-01-06 06:00:00,6.9911965895921755,360f1bcc-aa60-4052-a18a-b33da5745ff4,47.3595055,-121.5711045
2020-01-07 06:00:00,5.217606672058757,360f1bcc-aa60-4052-a18a-b33da5745ff4,47.3595055,-121.5711045
2020-01-08 06:00:00,6.173589578041664,360f1bcc-aa60-4052-a18a-b33da5745ff4,47.3595055,-121.5711045
2020-01-09 06:00:00,3.8647864117581623,360f1bcc-aa60-4052-a18a-b33da5745ff4,47.3595055,-121.5711045
2020-01-10 06:00:00,4.417606916183081,360f1bcc-aa60-4052-a18a-b33da5745ff4,47.3595055,-121.5711045
2020-01-11 06:00:00,7.091196494224744,360f1bcc-aa60-4052-a18a-b33da5745ff4,47.3595055,-121.5711045
2020-01-12 06:00:00,6.108803315040393,360f1bcc-aa60-4052-a18a-b33da5745ff4,47.3595055,-121.5711045
2020-01-13 06:00:00,5.073589673409096,360f1bcc-aa60-4052-a18a-b33da5745ff4,47.3595055,-121.5711045
2020-01-14 06:00:00,4.482393179184352,360f1bcc-aa60-4052-a18a-b33da5745ff4,47.3595055,-121.5711045
2020-01-15 06:00:00,7.964786316390731,360f1bcc-aa60-4052-a18a-b33da5745ff4,47.3595055,-121.5711045
2020-01-16 06:00:00,3.5911964942247434,360f1bcc-aa60-4052-a18a-b33da5745ff4,47.3595055,-121.5711045
2020-01-17 06:00:00,3.2823931105116495,360f1bcc-aa60-4052-a18a-b33da5745ff4,47.3595055,-121.5711045
2020-01-18 06:00:00,4.208803261650933,360f1bcc-aa60-4052-a18a-b33da5745ff4,47.3595055,-121.5711045
2020-01-19 06:00:00,5.864786411758162,360f1bcc-aa60-4052-a18a-b33da5745ff4,47.3595055,-121.5711045
2020-01-20 06:00:00,5.073589673409096,360f1bcc-aa60-4052-a18a-b33da5745ff4,47.3595055,-121.5711045
2020-01-21 06:00:00,4.708803261650934,360f1bcc-aa60-4052-a18a-b33da5745ff4,47.3595055,-121.5711045
2020-01-22 06:00:00,3.0,360f1bcc-aa60-4052-a18a-b33da5745ff4,47.3595055,-121.5711045
2020-01-23 06:00:00,3.1264101778340136,360f1bcc-aa60-4052-a18a-b33da5745ff4,47.3595055,-121.5711045
2020-01-24 06:00:00,3.41760691618308,360f1bcc-aa60-4052-a18a-b33da5745ff4,47.3595055,-121.5711045
2020-01-25 06:00:00,3.491196589592176,360f1bcc-aa60-4052-a18a-b33da5745ff4,47.3595055,-121.5711045
2020-01-26 06:00:00,5.099999904632568,360f1bcc-aa60-4052-a18a-b33da5745ff4,47.3595055,-121.5711045
2020-01-27 06:00:00,3.7911965419084606,360f1bcc-aa60-4052-a18a-b33da5745ff4,47.3595055,-121.5711045
2020-01-28 06:00:00,2.700000047683716,360f1bcc-aa60-4052-a18a-b33da5745ff4,47.3595055,-121.5711045
2020-01-29 06:00:00,3.2088034580915403,360f1bcc-aa60-4052-a18a-b33da5745ff4,47.3595055,-121.5711045
2020-01-30 06:00:00,3.200000047683716,360f1bcc-aa60-4052-a18a-b33da5745ff4,47.3595055,-121.5711045
2020-01-31 06:00:00,7.017606820815649,360f1bcc-aa60-4052-a18a-b33da5745ff4,47.3595055,-121.5711045
2020-02-01 06:00:00,9.18239298844949,360f1bcc-aa60-4052-a18a-b33da5745ff4,47.3595055,-121.5711045
2020-02-02 06:00:00,3.2735897001038254,360f1bcc-aa60-4052-a18a-b33da5745ff4,47.3595055,-121.5711045
2020-02-03 06:00:00,3.9647863163907306,360f1bcc-aa60-4052-a18a-b33da5745ff4,47.3595055,-121.5711045
2020-02-04 06:00:00,3.1911966162869057,360f1bcc-aa60-4052-a18a-b33da5745ff4,47.3595055,-121.5711045
2020-02-05 06:00:00,5.973589726798555,360f1bcc-aa60-4052-a18a-b33da5745ff4,47.3595055,-121.5711045
2020-02-06 06:00:00,8.047179835066835,360f1bcc-aa60-4052-a18a-b33da5745ff4,47.3595055,-121.5711045
2020-02-07 06:00:00,7.0823930838169185,360f1bcc-aa60-4052-a18a-b33da5745ff4,47.3595055,-121.5711045
2020-02-08 06:00:00,7.164786167633839,360f1bcc-aa60-4052-a18a-b33da5745ff4,47.3595055,-121.5711045
2020-02-09 06:00:00,4.66478616763384,360f1bcc-aa60-4052-a18a-b33da5745ff4,47.3595055,-121.5711045
2020-02-10 06:00:00,1.7000000476837158,360f1bcc-aa60-4052-a18a-b33da5745ff4,47.3595055,-121.5711045
2020-02-11 06:00:00,5.647179304840218,360f1bcc-aa60-4052-a18a-b33da5745ff4,47.3595055,-121.5711045
2020-02-12 06:00:00,2.2823931105116495,360f1bcc-aa60-4052-a18a-b33da5745ff4,47.3595055,-121.5711045
2020-02-13 06:00:00,4.391196684959608,360f1bcc-aa60-4052-a18a-b33da5745ff4,47.3595055,-121.5711045
2020-02-14 06:00:00,5.973589726798555,360f1bcc-aa60-4052-a18a-b33da5745ff4,47.3595055,-121.5711045
2020-02-15 06:00:00,3.7088034580915403,360f1bcc-aa60-4052-a18a-b33da5745ff4,47.3595055,-121.5711045
2020-02-16 06:00:00,5.973589726798555,360f1bcc-aa60-4052-a18a-b33da5745ff4,47.3595055,-121.5711045
2020-02-17 06:00:00,4.364786411758163,360f1bcc-aa60-4052-a18a-b33da5745ff4,47.3595055,-121.5711045
2020-02-18 06:00:00,3.382393253562797,360f1bcc-aa60-4052-a18a-b33da5745ff4,47.3595055,-121.5711045
2020-02-19 06:00:00,8.920769264351609,360f1bcc-aa60-4052-a18a-b33da5745ff4,47.3595055,-121.5711045
2020-02-20 06:00:00,6.247179644331973,360f1bcc-aa60-4052-a18a-b33da5745ff4,47.3595055,-121.5711045
2020-02-21 06:00:00,2.491196589592176,360f1bcc-aa60-4052-a18a-b33da5745ff4,47.3595055,-121.5711045
2020-02-22 06:00:00,2.891196663970621,360f1bcc-aa60-4052-a18a-b33da5745ff4,47.3595055,-121.5711045
2020-02-23 06:00:00,6.908803505775256,360f1bcc-aa60-4052-a18a-b33da5745ff4,47.3595055,-121.5711045
2020-02-24 06:00:00,7.055982810615473,360f1bcc-aa60-4052-a18a-b33da5745ff4,47.3595055,-121.5711045
2020-02-25 06:00:00,2.6823932058790807,360f1bcc-aa60-4052-a18a-b33da5745ff4,47.3595055,-121.5711045
2020-02-26 06:00:00,3.2647862896960005,360f1bcc-aa60-4052-a18a-b33da5745ff4,47.3595055,-121.5711045
2020-02-27 06:00:00,1.6911966267813985,360f1bcc-aa60-4052-a18a-b33da5745ff4,47.3595055,-121.5711045
2020-02-28 06:00:00,3.8088033837130952,360f1bcc-aa60-4052-a18a-b33da5745ff4,47.3595055,-121.5711045
2020-02-29 06:00:00,5.58239308381692,360f1bcc-aa60-4052-a18a-b33da5745ff4,47.3595055,-121.5711045
2020-03-01 06:00:00,4.755983096717769,360f1bcc-aa60-4052-a18a-b33da5745ff4,47.3595055,-121.5711045
2020-03-02 06:00:00,6.364786411758163,360f1bcc-aa60-4052-a18a-b33da5745ff4,47.3595055,-121.5711045
2020-03-03 06:00:00,6.482393179184353,360f1bcc-aa60-4052-a18a-b33da5745ff4,47.3595055,-121.5711045
2020-03-04 06:00:00,4.682392988449489,360f1bcc-aa60-4052-a18a-b33da5745ff4,47.3595055,-121.5711045
2020-03-05 06:00:00,4.0,360f1bcc-aa60-4052-a18a-b33da5745ff4,47.3595055,-121.5711045
2020-03-06 06:00:00,1.5911966029395408,360f1bcc-aa60-4052-a18a-b33da5745ff4,47.3595055,-121.5711045
2020-03-07 06:00:00,2.691196616286905,360f1bcc-aa60-4052-a18a-b33da5745ff4,47.3595055,-121.5711045
2020-03-08 06:00:00,2.973589747787541,360f1bcc-aa60-4052-a18a-b33da5745ff4,47.3595055,-121.5711045
2020-03-09 06:00:00,2.1911966162869057,360f1bcc-aa60-4052-a18a-b33da5745ff4,47.3595055,-121.5711045
2020-03-10 06:00:00,3.0,360f1bcc-aa60-4052-a18a-b33da5745ff4,47.3595055,-121.5711045
2020-03-11 06:00:00,5.855983001350339,360f1bcc-aa60-4052-a18a-b33da5745ff4,47.3595055,-121.5711045
2020-03-12 06:00:00,3.1735897954712575,360f1bcc-aa60-4052-a18a-b33da5745ff4,47.3595055,-121.5711045
2020-03-13 06:00:00,3.0823930838169202,360f1bcc-aa60-4052-a18a-b33da5745ff4,47.3595055,-121.5711045
2020-03-14 06:00:00,7.655982715248045,360f1bcc-aa60-4052-a18a-b33da5745ff4,47.3595055,-121.5711045
2020-03-15 06:00:00,7.155982715248043,360f1bcc-aa60-4052-a18a-b33da5745ff4,47.3595055,-121.5711045
2020-03-16 06:00:00,4.273589917533418,360f1bcc-aa60-4052-a18a-b33da5745ff4,47.3595055,-121.5711045
2020-03-17 06:00:00,1.882393144848001,360f1bcc-aa60-4052-a18a-b33da5745ff4,47.3595055,-121.5711045
2020-03-18 06:00:00,1.891196555255825,360f1bcc-aa60-4052-a18a-b33da5745ff4,47.3595055,-121.5711045
2020-03-19 06:00:00,3.2735897001038254,360f1bcc-aa60-4052-a18a-b33da5745ff4,47.3595055,-121.5711045
2020-03-20 06:00:00,3.0823930838169202,360f1bcc-aa60-4052-a18a-b33da5745ff4,47.3595055,-121.5711045
2020-03-21 06:00:00,3.773589700103826,360f1bcc-aa60-4052-a18a-b33da5745ff4,47.3595055,-121.5711045
2020-03-22 06:00:00,2.2088034580915403,360f1bcc-aa60-4052-a18a-b33da5745ff4,47.3595055,-121.5711045
2020-03-23 06:00:00,3.617606746437203,360f1bcc-aa60-4052-a18a-b33da5745ff4,47.3595055,-121.5711045
2020-03-24 06:00:00,1.8088033732186015,360f1bcc-aa60-4052-a18a-b33da5745ff4,47.3595055,-121.5711045
2020-03-25 06:00:00,4.164786146644854,360f1bcc-aa60-4052-a18a-b33da5745ff4,47.3595055,-121.5711045
2020-03-26 06:00:00,5.073589673409096,360f1bcc-aa60-4052-a18a-b33da5745ff4,47.3595055,-121.5711045
2020-03-27 06:00:00,3.1911966162869057,360f1bcc-aa60-4052-a18a-b33da5745ff4,47.3595055,-121.5711045
2020-03-28 06:00:00,3.1264101778340136,360f1bcc-aa60-4052-a18a-b33da5745ff4,47.3595055,-121.5711045
2020-03-29 06:00:00,3.717606889488351,360f1bcc-aa60-4052-a18a-b33da5745ff4,47.3595055,-121.5711045
2020-03-30 06:00:00,4.917606916183081,360f1bcc-aa60-4052-a18a-b33da5745ff4,47.3595055,-121.5711045
2020-03-31 06:00:00,3.299999952316284,360f1bcc-aa60-4052-a18a-b33da5745ff4,47.3595055,-121.5711045
2020-04-01 06:00:00,2.982393158195365,360f1bcc-aa60-4052-a18a-b33da5745ff4,47.3595055,-121.5711045
2020-04-02 06:00:00,2.691196616286905,360f1bcc-aa60-4052-a18a-b33da5745ff4,47.3595055,-121.5711045
2020-04-03 06:00:00,4.9911965895921755,360f1bcc-aa60-4052-a18a-b33da5745ff4,47.3595055,-121.5711045
2020-04-04 06:00:00,4.573589673409095,360f1bcc-aa60-4052-a18a-b33da5745ff4,47.3595055,-121.5711045
2020-04-05 06:00:00,3.773589700103826,360f1bcc-aa60-4052-a18a-b33da5745ff4,47.3595055,-121.5711045
2020-04-06 06:00:00,3.473589747787541,360f1bcc-aa60-4052-a18a-b33da5745ff4,47.3595055,-121.5711045
2020-04-07 06:00:00,4.555982810615474,360f1bcc-aa60-4052-a18a-b33da5745ff4,47.3595055,-121.5711045
2020-04-08 06:00:00,3.773589700103826,360f1bcc-aa60-4052-a18a-b33da5745ff4,47.3595055,-121.5711045
2020-04-09 06:00:00,3.073589652420109,360f1bcc-aa60-4052-a18a-b33da5745ff4,47.3595055,-121.5711045
2020-04-10 06:00:00,4.864786411758162,360f1bcc-aa60-4052-a18a-b33da5745ff4,47.3595055,-121.5711045
2020-04-11 06:00:00,5.364786411758161,360f1bcc-aa60-4052-a18a-b33da5745ff4,47.3595055,-121.5711045
2020-04-12 06:00:00,3.2823931105116495,360f1bcc-aa60-4052-a18a-b33da5745ff4,47.3595055,-121.5711045
2020-04-13 06:00:00,3.0911964942247443,360f1bcc-aa60-4052-a18a-b33da5745ff4,47.3595055,-121.5711045
2020-04-14 06:00:00,5.155982715248042,360f1bcc-aa60-4052-a18a-b33da5745ff4,47.3595055,-121.5711045
2020-04-15 06:00:00,4.464786316390731,360f1bcc-aa60-4052-a18a-b33da5745ff4,47.3595055,-121.5711045
2020-04-16 06:00:00,2.882393253562797,360f1bcc-aa60-4052-a18a-b33da5745ff4,47.3595055,-121.5711045
2020-04-17 06:00:00,2.782393110511649,360f1bcc-aa60-4052-a18a-b33da5745ff4,47.3595055,-121.5711045
2020-04-18 06:00:00,3.6735897954712575,360f1bcc-aa60-4052-a18a-b33da5745ff4,47.3595055,-121.5711045
2020-04-19 06:00:00,3.1735897954712575,360f1bcc-aa60-4052-a18a-b33da5745ff4,47.3595055,-121.5711045
2020-04-20 06:00:00,2.2911965419084597,360f1bcc-aa60-4052-a18a-b33da5745ff4,47.3595055,-121.5711045
2020-04-21 06:00:00,4.573589673409095,360f1bcc-aa60-4052-a18a-b33da5745ff4,47.3595055,-121.5711045
2020-04-22 06:00:00,3.78239311051165,360f1bcc-aa60-4052-a18a-b33da5745ff4,47.3595055,-121.5711045
2020-04-23 06:00:00,5.373589822165986,360f1bcc-aa60-4052-a18a-b33da5745ff4,47.3595055,-121.5711045
2020-04-24 06:00:00,1.9911965790976827,360f1bcc-aa60-4052-a18a-b33da5745ff4,47.3595055,-121.5711045
2020-04-25 06:00:00,4.300000190734863,360f1bcc-aa60-4052-a18a-b33da5745ff4,47.3595055,-121.5711045
2020-04-26 06:00:00,2.5,360f1bcc-aa60-4052-a18a-b33da5745ff4,47.3595055,-121.5711045
2020-04-27 06:00:00,5.800000190734863,360f1bcc-aa60-4052-a18a-b33da5745ff4,47.3595055,-121.5711045
2020-04-28 06:00:00,1.7000000476837158,360f1bcc-aa60-4052-a18a-b33da5745ff4,47.3595055,-121.5711045
2020-04-29 06:00:00,3.391196663970622,360f1bcc-aa60-4052-a18a-b33da5745ff4,47.3595055,-121.5711045
2020-04-30 06:00:00,4.591196494224745,360f1bcc-aa60-4052-a18a-b33da5745ff4,47.3595055,-121.5711045
2020-05-01 06:00:00,2.591196494224744,360f1bcc-aa60-4052-a18a-b33da5745ff4,47.3595055,-121.5711045
2020-05-02 06:00:00,5.291196738349066,360f1bcc-aa60-4052-a18a-b33da5745ff4,47.3595055,-121.5711045
2020-05-03 06:00:00,3.991196589592176,360f1bcc-aa60-4052-a18a-b33da5745ff4,47.3595055,-121.5711045
2020-05-04 06:00:00,3.482393158195365,360f1bcc-aa60-4052-a18a-b33da5745ff4,47.3595055,-121.5711045
2020-05-05 06:00:00,2.4823931581953653,360f1bcc-aa60-4052-a18a-b33da5745ff4,47.3595055,-121.5711045
2020-05-06 06:00:00,6.873589822165986,360f1bcc-aa60-4052-a18a-b33da5745ff4,47.3595055,-121.5711045
2020-05-07 06:00:00,3.882393253562797,360f1bcc-aa60-4052-a18a-b33da5745ff4,47.3595055,-121.5711045
2020-05-08 06:00:00,8.429572632781461,360f1bcc-aa60-4052-a18a-b33da5745ff4,47.3595055,-121.5711045
2020-05-09 06:00:00,8.229572823516325,360f1bcc-aa60-4052-a18a-b33da5745ff4,47.3595055,-121.5711045
2020-05-10 06:00:00,6.147179304840218,360f1bcc-aa60-4052-a18a-b33da5745ff4,47.3595055,-121.5711045
2020-05-11 06:00:00,3.5735896524201087,360f1bcc-aa60-4052-a18a-b33da5745ff4,47.3595055,-121.5711045
2020-05-12 06:00:00,2.9000000953674316,360f1bcc-aa60-4052-a18a-b33da5745ff4,47.3595055,-121.5711045
2020-05-13 06:00:00,3.382393253562797,360f1bcc-aa60-4052-a18a-b33da5745ff4,47.3595055,-121.5711045
2020-05-14 06:00:00,2.882393253562797,360f1bcc-aa60-4052-a18a-b33da5745ff4,47.3595055,-121.5711045
2020-05-15 06:00:00,3.1735897954712575,360f1bcc-aa60-4052-a18a-b33da5745ff4,47.3595055,-121.5711045
2020-05-16 06:00:00,6.247179644331973,360f1bcc-aa60-4052-a18a-b33da5745ff4,47.3595055,-121.5711045
2020-05-17 06:00:00,2.200000047683716,360f1bcc-aa60-4052-a18a-b33da5745ff4,47.3595055,-121.5711045
2020-05-18 06:00:00,3.9823931581953653,360f1bcc-aa60-4052-a18a-b33da5745ff4,47.3595055,-121.5711045
2020-05-19 06:00:00,5.755983096717769,360f1bcc-aa60-4052-a18a-b33da5745ff4,47.3595055,-121.5711045
2020-05-20 06:00:00,7.9471794955750825,360f1bcc-aa60-4052-a18a-b33da5745ff4,47.3595055,-121.5711045
2020-05-21 06:00:00,5.973589726798555,360f1bcc-aa60-4052-a18a-b33da5745ff4,47.3595055,-121.5711045
2020-05-22 06:00:00,6.4647863163907315,360f1bcc-aa60-4052-a18a-b33da5745ff4,47.3595055,-121.5711045
2020-05-23 06:00:00,4.855983001350338,360f1bcc-aa60-4052-a18a-b33da5745ff4,47.3595055,-121.5711045
2020-05-24 06:00:00,2.2823931105116495,360f1bcc-aa60-4052-a18a-b33da5745ff4,47.3595055,-121.5711045
2020-05-25 06:00:00,2.882393253562797,360f1bcc-aa60-4052-a18a-b33da5745ff4,47.3595055,-121.5711045
2020-05-26 06:00:00,4.755983096717769,360f1bcc-aa60-4052-a18a-b33da5745ff4,47.3595055,-121.5711045
2020-05-27 06:00:00,1.9088033970604597,360f1bcc-aa60-4052-a18a-b33da5745ff4,47.3595055,-121.5711045
2020-05-28 06:00:00,4.255983075728784,360f1bcc-aa60-4052-a18a-b33da5745ff4,47.3595055,-121.5711045
2020-05-29 06:00:00,2.0735896524201096,360f1bcc-aa60-4052-a18a-b33da5745ff4,47.3595055,-121.5711045
2020-05-30 06:00:00,5.155982715248042,360f1bcc-aa60-4052-a18a-b33da5745ff4,47.3595055,-121.5711045
2020-05-31 06:00:00,5.955982905982906,360f1bcc-aa60-4052-a18a-b33da5745ff4,47.3595055,-121.5711045
2020-06-01 06:00:00,3.9735897477875413,360f1bcc-aa60-4052-a18a-b33da5745ff4,47.3595055,-121.5711045
2020-06-02 06:00:00,3.382393253562797,360f1bcc-aa60-4052-a18a-b33da5745ff4,47.3595055,-121.5711045
2020-06-03 06:00:00,3.382393253562797,360f1bcc-aa60-4052-a18a-b33da5745ff4,47.3595055,-121.5711045
2020-06-04 06:00:00,3.6823932058790807,360f1bcc-aa60-4052-a18a-b33da5745ff4,47.3595055,-121.5711045
2020-06-05 06:00:00,3.2823931105116495,360f1bcc-aa60-4052-a18a-b33da5745ff4,47.3595055,-121.5711045
2020-06-06 06:00:00,3.491196589592176,360f1bcc-aa60-4052-a18a-b33da5745ff4,47.3595055,-121.5711045
2020-06-07 06:00:00,5.955982905982906,360f1bcc-aa60-4052-a18a-b33da5745ff4,47.3595055,-121.5711045
2020-06-08 06:00:00,5.373589822165986,360f1bcc-aa60-4052-a18a-b33da5745ff4,47.3595055,-121.5711045
2020-06-09 06:00:00,3.41760691618308,360f1bcc-aa60-4052-a18a-b33da5745ff4,47.3595055,-121.5711045
2020-06-10 06:00:00,2.0,360f1bcc-aa60-4052-a18a-b33da5745ff4,47.3595055,-121.5711045
2020-06-11 06:00:00,2.882393253562797,360f1bcc-aa60-4052-a18a-b33da5745ff4,47.3595055,-121.5711045
2020-06-12 06:00:00,3.1823932058790816,360f1bcc-aa60-4052-a18a-b33da5745ff4,47.3595055,-121.5711045
2020-06-13 06:00:00,5.473589726798555,360f1bcc-aa60-4052-a18a-b33da5745ff4,47.3595055,-121.5711045
2020-06-14 06:00:00,4.773589917533418,360f1bcc-aa60-4052-a18a-b33da5745ff4,47.3595055,-121.5711045
2020-06-15 06:00:00,3.6911966162869057,360f1bcc-aa60-4052-a18a-b33da5745ff4,47.3595055,-121.5711045
2020-06-16 06:00:00,5.04717940020765,360f1bcc-aa60-4052-a18a-b33da5745ff4,47.3595055,-121.5711045
2020-06-17 06:00:00,6.238376233924149,360f1bcc-aa60-4052-a18a-b33da5745ff4,47.3595055,-121.5711045
2020-06-18 06:00:00,2.1911966162869057,360f1bcc-aa60-4052-a18a-b33da5745ff4,47.3595055,-121.5711045
2020-06-19 06:00:00,1.882393144848001,360f1bcc-aa60-4052-a18a-b33da5745ff4,47.3595055,-121.5711045
2020-06-20 06:00:00,2.6088033360293785,360f1bcc-aa60-4052-a18a-b33da5745ff4,47.3595055,-121.5711045
2020-06-21 06:00:00,4.764786507125595,360f1bcc-aa60-4052-a18a-b33da5745ff4,47.3595055,-121.5711045
2020-06-22 06:00:00,2.2911965419084597,360f1bcc-aa60-4052-a18a-b33da5745ff4,47.3595055,-121.5711045
2020-06-23 06:00:00,2.0,360f1bcc-aa60-4052-a18a-b33da5745ff4,47.3595055,-121.5711045
2020-06-24 06:00:00,4.873589822165986,360f1bcc-aa60-4052-a18a-b33da5745ff4,47.3595055,-121.5711045
2020-06-25 06:00:00,3.2823931105116495,360f1bcc-aa60-4052-a18a-b33da5745ff4,47.3595055,-121.5711045
2020-06-26 06:00:00,4.864786411758162,360f1bcc-aa60-4052-a18a-b33da5745ff4,47.3595055,-121.5711045
2020-06-27 06:00:00,6.264786507125595,360f1bcc-aa60-4052-a18a-b33da5745ff4,47.3595055,-121.5711045
2020-06-28 06:00:00,7.129572484024569,360f1bcc-aa60-4052-a18a-b33da5745ff4,47.3595055,-121.5711045
2020-06-29 06:00:00,6.547179400207651,360f1bcc-aa60-4052-a18a-b33da5745ff4,47.3595055,-121.5711045
2020-06-30 06:00:00,6.073589673409096,360f1bcc-aa60-4052-a18a-b33da5745ff4,47.3595055,-121.5711045
2020-07-01 06:00:00,5.873589822165987,360f1bcc-aa60-4052-a18a-b33da5745ff4,47.3595055,-121.5711045
2020-07-02 06:00:00,4.682392988449489,360f1bcc-aa60-4052-a18a-b33da5745ff4,47.3595055,-121.5711045
2020-07-03 06:00:00,2.891196663970621,360f1bcc-aa60-4052-a18a-b33da5745ff4,47.3595055,-121.5711045
2020-07-04 06:00:00,3.5735896524201087,360f1bcc-aa60-4052-a18a-b33da5745ff4,47.3595055,-121.5711045
2020-07-05 06:00:00,3.382393253562797,360f1bcc-aa60-4052-a18a-b33da5745ff4,47.3595055,-121.5711045
2020-07-06 06:00:00,4.564786221023299,360f1bcc-aa60-4052-a18a-b33da5745ff4,47.3595055,-121.5711045
2020-07-07 06:00:00,5.16478616763384,360f1bcc-aa60-4052-a18a-b33da5745ff4,47.3595055,-121.5711045
2020-07-08 06:00:00,3.373589822165987,360f1bcc-aa60-4052-a18a-b33da5745ff4,47.3595055,-121.5711045
2020-07-09 06:00:00,3.1735897954712575,360f1bcc-aa60-4052-a18a-b33da5745ff4,47.3595055,-121.5711045
2020-07-10 06:00:00,1.7999999523162842,360f1bcc-aa60-4052-a18a-b33da5745ff4,47.3595055,-121.5711045
2020-07-11 06:00:00,3.382393253562797,360f1bcc-aa60-4052-a18a-b33da5745ff4,47.3595055,-121.5711045
2020-07-12 06:00:00,5.173589578041664,360f1bcc-aa60-4052-a18a-b33da5745ff4,47.3595055,-121.5711045
2020-07-13 06:00:00,2.982393158195365,360f1bcc-aa60-4052-a18a-b33da5745ff4,47.3595055,-121.5711045
2020-07-14 06:00:00,2.9911965895921764,360f1bcc-aa60-4052-a18a-b33da5745ff4,47.3595055,-121.5711045
2020-07-15 06:00:00,4.66478616763384,360f1bcc-aa60-4052-a18a-b33da5745ff4,47.3595055,-121.5711045
2020-07-16 06:00:00,4.473589726798554,360f1bcc-aa60-4052-a18a-b33da5745ff4,47.3595055,-121.5711045
2020-07-17 06:00:00,5.655982715248043,360f1bcc-aa60-4052-a18a-b33da5745ff4,47.3595055,-121.5711045
2020-07-18 06:00:00,3.6823932058790807,360f1bcc-aa60-4052-a18a-b33da5745ff4,47.3595055,-121.5711045
2020-07-19 06:00:00,2.891196663970621,360f1bcc-aa60-4052-a18a-b33da5745ff4,47.3595055,-121.5711045
2020-07-20 06:00:00,2.1911966162869057,360f1bcc-aa60-4052-a18a-b33da5745ff4,47.3595055,-121.5711045
2020-07-21 06:00:00,3.9647863163907306,360f1bcc-aa60-4052-a18a-b33da5745ff4,47.3595055,-121.5711045
2020-07-22 06:00:00,4.373589822165987,360f1bcc-aa60-4052-a18a-b33da5745ff4,47.3595055,-121.5711045
2020-07-23 06:00:00,4.955982905982906,360f1bcc-aa60-4052-a18a-b33da5745ff4,47.3595055,-121.5711045
2020-07-24 06:00:00,5.455982905982907,360f1bcc-aa60-4052-a18a-b33da5745ff4,47.3595055,-121.5711045
2020-07-25 06:00:00,2.200000047683716,360f1bcc-aa60-4052-a18a-b33da5745ff4,47.3595055,-121.5711045
2020-07-26 06:00:00,4.364786411758163,360f1bcc-aa60-4052-a18a-b33da5745ff4,47.3595055,-121.5711045
2020-07-27 06:00:00,3.373589822165987,360f1bcc-aa60-4052-a18a-b33da5745ff4,47.3595055,-121.5711045
2020-07-28 06:00:00,3.2735897001038254,360f1bcc-aa60-4052-a18a-b33da5745ff4,47.3595055,-121.5711045
2020-07-29 06:00:00,1.9911965790976827,360f1bcc-aa60-4052-a18a-b33da5745ff4,47.3595055,-121.5711045
2020-07-30 06:00:00,3.46478631639073,360f1bcc-aa60-4052-a18a-b33da5745ff4,47.3595055,-121.5711045
2020-07-31 06:00:00,3.78239311051165,360f1bcc-aa60-4052-a18a-b33da5745ff4,47.3595055,-121.5711045
2020-08-01 06:00:00,3.873589822165987,360f1bcc-aa60-4052-a18a-b33da5745ff4,47.3595055,-121.5711045
2020-08-02 06:00:00,4.073589652420109,360f1bcc-aa60-4052-a18a-b33da5745ff4,47.3595055,-121.5711045
2020-08-03 06:00:00,4.173589578041664,360f1bcc-aa60-4052-a18a-b33da5745ff4,47.3595055,-121.5711045
2020-08-04 06:00:00,2.1911966162869057,360f1bcc-aa60-4052-a18a-b33da5745ff4,47.3595055,-121.5711045
2020-08-05 06:00:00,3.5823930838169193,360f1bcc-aa60-4052-a18a-b33da5745ff4,47.3595055,-121.5711045
2020-08-06 06:00:00,4.482393179184352,360f1bcc-aa60-4052-a18a-b33da5745ff4,47.3595055,-121.5711045
2020-08-07 06:00:00,3.373589822165987,360f1bcc-aa60-4052-a18a-b33da5745ff4,47.3595055,-121.5711045
2020-08-08 06:00:00,5.255983096717769,360f1bcc-aa60-4052-a18a-b33da5745ff4,47.3595055,-121.5711045
2020-08-09 06:00:00,3.6823932058790807,360f1bcc-aa60-4052-a18a-b33da5745ff4,47.3595055,-121.5711045
2020-08-10 06:00:00,4.08239308381692,360f1bcc-aa60-4052-a18a-b33da5745ff4,47.3595055,-121.5711045
2020-08-11 06:00:00,4.364786411758163,360f1bcc-aa60-4052-a18a-b33da5745ff4,47.3595055,-121.5711045
2020-08-12 06:00:00,4.164786146644854,360f1bcc-aa60-4052-a18a-b33da5745ff4,47.3595055,-121.5711045
2020-08-13 06:00:00,4.173589578041664,360f1bcc-aa60-4052-a18a-b33da5745ff4,47.3595055,-121.5711045
2020-08-14 06:00:00,2.9911965895921764,360f1bcc-aa60-4052-a18a-b33da5745ff4,47.3595055,-121.5711045
2020-08-15 06:00:00,3.773589700103826,360f1bcc-aa60-4052-a18a-b33da5745ff4,47.3595055,-121.5711045
2020-08-16 06:00:00,4.164786146644854,360f1bcc-aa60-4052-a18a-b33da5745ff4,47.3595055,-121.5711045
2020-08-17 06:00:00,2.200000047683716,360f1bcc-aa60-4052-a18a-b33da5745ff4,47.3595055,-121.5711045
2020-08-18 06:00:00,2.591196494224744,360f1bcc-aa60-4052-a18a-b33da5745ff4,47.3595055,-121.5711045
2020-08-19 06:00:00,3.2735897001038254,360f1bcc-aa60-4052-a18a-b33da5745ff4,47.3595055,-121.5711045
2020-08-20 06:00:00,2.108803336029379,360f1bcc-aa60-4052-a18a-b33da5745ff4,47.3595055,-121.5711045
2020-08-21 06:00:00,3.5088034104078245,360f1bcc-aa60-4052-a18a-b33da5745ff4,47.3595055,-121.5711045
2020-08-22 06:00:00,3.2823931105116495,360f1bcc-aa60-4052-a18a-b33da5745ff4,47.3595055,-121.5711045
2020-08-23 06:00:00,2.591196494224744,360f1bcc-aa60-4052-a18a-b33da5745ff4,47.3595055,-121.5711045
2020-08-24 06:00:00,3.873589822165987,360f1bcc-aa60-4052-a18a-b33da5745ff4,47.3595055,-121.5711045
2020-08-25 06:00:00,4.264786507125594,360f1bcc-aa60-4052-a18a-b33da5745ff4,47.3595055,-121.5711045
2020-08-26 06:00:00,3.78239311051165,360f1bcc-aa60-4052-a18a-b33da5745ff4,47.3595055,-121.5711045
2020-08-27 06:00:00,4.273589917533418,360f1bcc-aa60-4052-a18a-b33da5745ff4,47.3595055,-121.5711045
2020-08-28 06:00:00,3.2735897001038254,360f1bcc-aa60-4052-a18a-b33da5745ff4,47.3595055,-121.5711045
2020-08-29 06:00:00,5.455982905982907,360f1bcc-aa60-4052-a18a-b33da5745ff4,47.3595055,-121.5711045
2020-08-30 06:00:00,3.5735896524201087,360f1bcc-aa60-4052-a18a-b33da5745ff4,47.3595055,-121.5711045
2020-08-31 06:00:00,5.847179590942514,360f1bcc-aa60-4052-a18a-b33da5745ff4,47.3595055,-121.5711045
2020-09-01 06:00:00,4.955982905982906,360f1bcc-aa60-4052-a18a-b33da5745ff4,47.3595055,-121.5711045
2020-09-02 06:00:00,4.364786411758163,360f1bcc-aa60-4052-a18a-b33da5745ff4,47.3595055,-121.5711045
2020-09-03 06:00:00,1.8088033732186015,360f1bcc-aa60-4052-a18a-b33da5745ff4,47.3595055,-121.5711045
2020-09-04 06:00:00,3.2647862896960005,360f1bcc-aa60-4052-a18a-b33da5745ff4,47.3595055,-121.5711045
2020-09-05 06:00:00,4.264786507125594,360f1bcc-aa60-4052-a18a-b33da5745ff4,47.3595055,-121.5711045
2020-09-06 06:00:00,3.9735897477875413,360f1bcc-aa60-4052-a18a-b33da5745ff4,47.3595055,-121.5711045
2020-09-07 06:00:00,5.982393179184353,360f1bcc-aa60-4052-a18a-b33da5745ff4,47.3595055,-121.5711045
2020-09-08 06:00:00,9.129572442046598,360f1bcc-aa60-4052-a18a-b33da5745ff4,47.3595055,-121.5711045
2020-09-09 06:00:00,7.438376085167258,360f1bcc-aa60-4052-a18a-b33da5745ff4,47.3595055,-121.5711045
2020-09-10 06:00:00,4.0647862420122856,360f1bcc-aa60-4052-a18a-b33da5745ff4,47.3595055,-121.5711045
2020-09-11 06:00:00,3.764786289696002,360f1bcc-aa60-4052-a18a-b33da5745ff4,47.3595055,-121.5711045
2020-09-12 06:00:00,2.6823932058790807,360f1bcc-aa60-4052-a18a-b33da5745ff4,47.3595055,-121.5711045
2020-09-13 06:00:00,2.58239308381692,360f1bcc-aa60-4052-a18a-b33da5745ff4,47.3595055,-121.5711045
2020-09-14 06:00:00,1.6823932058790814,360f1bcc-aa60-4052-a18a-b33da5745ff4,47.3595055,-121.5711045
2020-09-15 06:00:00,1.7911965419084597,360f1bcc-aa60-4052-a18a-b33da5745ff4,47.3595055,-121.5711045
2020-09-16 06:00:00,4.0559828106154745,360f1bcc-aa60-4052-a18a-b33da5745ff4,47.3595055,-121.5711045
2020-09-17 06:00:00,2.782393110511649,360f1bcc-aa60-4052-a18a-b33da5745ff4,47.3595055,-121.5711045
2020-09-18 06:00:00,4.955982905982906,360f1bcc-aa60-4052-a18a-b33da5745ff4,47.3595055,-121.5711045
2020-09-19 06:00:00,4.073589652420109,360f1bcc-aa60-4052-a18a-b33da5745ff4,47.3595055,-121.5711045
2020-09-20 06:00:00,2.6823932058790807,360f1bcc-aa60-4052-a18a-b33da5745ff4,47.3595055,-121.5711045
2020-09-21 06:00:00,3.073589652420109,360f1bcc-aa60-4052-a18a-b33da5745ff4,47.3595055,-121.5711045
2020-09-22 06:00:00,2.591196494224744,360f1bcc-aa60-4052-a18a-b33da5745ff4,47.3595055,-121.5711045
2020-09-23 06:00:00,3.8264102045287443,360f1bcc-aa60-4052-a18a-b33da5745ff4,47.3595055,-121.5711045
2020-09-24 06:00:00,4.417606916183081,360f1bcc-aa60-4052-a18a-b33da5745ff4,47.3595055,-121.5711045
2020-09-25 06:00:00,4.917606916183081,360f1bcc-aa60-4052-a18a-b33da5745ff4,47.3595055,-121.5711045
2020-09-26 06:00:00,3.799999952316284,360f1bcc-aa60-4052-a18a-b33da5745ff4,47.3595055,-121.5711045
2020-09-27 06:00:00,1.600000023841858,360f1bcc-aa60-4052-a18a-b33da5745ff4,47.3595055,-121.5711045
2020-09-28 06:00:00,2.691196616286905,360f1bcc-aa60-4052-a18a-b33da5745ff4,47.3595055,-121.5711045
2020-09-29 06:00:00,4.0647862420122856,360f1bcc-aa60-4052-a18a-b33da5745ff4,47.3595055,-121.5711045
2020-09-30 06:00:00,2.2735897001038254,360f1bcc-aa60-4052-a18a-b33da5745ff4,47.3595055,-121.5711045
2020-10-01 06:00:00,2.773589700103825,360f1bcc-aa60-4052-a18a-b33da5745ff4,47.3595055,-121.5711045
2020-10-02 06:00:00,1.882393144848001,360f1bcc-aa60-4052-a18a-b33da5745ff4,47.3595055,-121.5711045
2020-10-03 06:00:00,2.1823932058790816,360f1bcc-aa60-4052-a18a-b33da5745ff4,47.3595055,-121.5711045
2020-10-04 06:00:00,4.66478616763384,360f1bcc-aa60-4052-a18a-b33da5745ff4,47.3595055,-121.5711045
2020-10-05 06:00:00,2.891196663970621,360f1bcc-aa60-4052-a18a-b33da5745ff4,47.3595055,-121.5711045
2020-10-06 06:00:00,3.1911966162869057,360f1bcc-aa60-4052-a18a-b33da5745ff4,47.3595055,-121.5711045
2020-10-07 06:00:00,1.6911966267813985,360f1bcc-aa60-4052-a18a-b33da5745ff4,47.3595055,-121.5711045
2020-10-08 06:00:00,3.773589700103826,360f1bcc-aa60-4052-a18a-b33da5745ff4,47.3595055,-121.5711045
2020-10-09 06:00:00,3.3088033837130943,360f1bcc-aa60-4052-a18a-b33da5745ff4,47.3595055,-121.5711045
2020-10-10 06:00:00,6.0,360f1bcc-aa60-4052-a18a-b33da5745ff4,47.3595055,-121.5711045
2020-10-11 06:00:00,4.900000095367432,360f1bcc-aa60-4052-a18a-b33da5745ff4,47.3595055,-121.5711045
2020-10-12 06:00:00,6.273589917533418,360f1bcc-aa60-4052-a18a-b33da5745ff4,47.3595055,-121.5711045
2020-10-13 06:00:00,8.691196440835284,360f1bcc-aa60-4052-a18a-b33da5745ff4,47.3595055,-121.5711045
2020-10-14 06:00:00,5.373589822165986,360f1bcc-aa60-4052-a18a-b33da5745ff4,47.3595055,-121.5711045
2020-10-15 06:00:00,1.9823931581953653,360f1bcc-aa60-4052-a18a-b33da5745ff4,47.3595055,-121.5711045
2020-10-16 06:00:00,6.273589917533418,360f1bcc-aa60-4052-a18a-b33da5745ff4,47.3595055,-121.5711045
2020-10-17 06:00:00,5.16478616763384,360f1bcc-aa60-4052-a18a-b33da5745ff4,47.3595055,-121.5711045
2020-10-18 06:00:00,5.073589673409096,360f1bcc-aa60-4052-a18a-b33da5745ff4,47.3595055,-121.5711045
2020-10-19 06:00:00,6.66478616763384,360f1bcc-aa60-4052-a18a-b33da5745ff4,47.3595055,-121.5711045
2020-10-20 06:00:00,3.764786289696002,360f1bcc-aa60-4052-a18a-b33da5745ff4,47.3595055,-121.5711045
2020-10-21 06:00:00,5.764786507125594,360f1bcc-aa60-4052-a18a-b33da5745ff4,47.3595055,-121.5711045
2020-10-22 06:00:00,1.882393144848001,360f1bcc-aa60-4052-a18a-b33da5745ff4,47.3595055,-121.5711045
2020-10-23 06:00:00,4.873589822165986,360f1bcc-aa60-4052-a18a-b33da5745ff4,47.3595055,-121.5711045
2020-10-24 06:00:00,5.38239323257381,360f1bcc-aa60-4052-a18a-b33da5745ff4,47.3595055,-121.5711045
2020-10-25 06:00:00,6.4471794955750825,360f1bcc-aa60-4052-a18a-b33da5745ff4,47.3595055,-121.5711045
2020-10-26 06:00:00,3.2735897001038254,360f1bcc-aa60-4052-a18a-b33da5745ff4,47.3595055,-121.5711045
2020-10-27 06:00:00,3.764786289696002,360f1bcc-aa60-4052-a18a-b33da5745ff4,47.3595055,-121.5711045
2020-10-28 06:00:00,2.6735897954712566,360f1bcc-aa60-4052-a18a-b33da5745ff4,47.3595055,-121.5711045
2020-10-29 06:00:00,2.591196494224744,360f1bcc-aa60-4052-a18a-b33da5745ff4,47.3595055,-121.5711045
2020-10-30 06:00:00,5.782393327941242,360f1bcc-aa60-4052-a18a-b33da5745ff4,47.3595055,-121.5711045
2020-10-31 06:00:00,3.5735896524201087,360f1bcc-aa60-4052-a18a-b33da5745ff4,47.3595055,-121.5711045
2020-11-01 06:00:00,6.238376233924149,360f1bcc-aa60-4052-a18a-b33da5745ff4,47.3595055,-121.5711045
2020-11-02 06:00:00,3.0911964942247443,360f1bcc-aa60-4052-a18a-b33da5745ff4,47.3595055,-121.5711045
2020-11-03 06:00:00,3.226410299896176,360f1bcc-aa60-4052-a18a-b33da5745ff4,47.3595055,-121.5711045
2020-11-04 06:00:00,4.917606916183081,360f1bcc-aa60-4052-a18a-b33da5745ff4,47.3595055,-121.5711045
2020-11-05 06:00:00,4.9911965895921755,360f1bcc-aa60-4052-a18a-b33da5745ff4,47.3595055,-121.5711045
2020-11-06 06:00:00,3.5999999046325684,360f1bcc-aa60-4052-a18a-b33da5745ff4,47.3595055,-121.5711045
2020-11-07 06:00:00,6.155982715248043,360f1bcc-aa60-4052-a18a-b33da5745ff4,47.3595055,-121.5711045
2020-11-08 06:00:00,3.799999952316284,360f1bcc-aa60-4052-a18a-b33da5745ff4,47.3595055,-121.5711045
2020-11-09 06:00:00,2.882393253562797,360f1bcc-aa60-4052-a18a-b33da5745ff4,47.3595055,-121.5711045
2020-11-10 06:00:00,5.58239308381692,360f1bcc-aa60-4052-a18a-b33da5745ff4,47.3595055,-121.5711045
2020-11-11 06:00:00,2.873589822165987,360f1bcc-aa60-4052-a18a-b33da5745ff4,47.3595055,-121.5711045
2020-11-12 06:00:00,3.408803505775256,360f1bcc-aa60-4052-a18a-b33da5745ff4,47.3595055,-121.5711045
2020-11-13 06:00:00,7.908803505775257,360f1bcc-aa60-4052-a18a-b33da5745ff4,47.3595055,-121.5711045
2020-11-14 06:00:00,6.082393083816921,360f1bcc-aa60-4052-a18a-b33da5745ff4,47.3595055,-121.5711045
2020-11-15 06:00:00,4.908803505775256,360f1bcc-aa60-4052-a18a-b33da5745ff4,47.3595055,-121.5711045
2020-11-16 06:00:00,4.873589822165986,360f1bcc-aa60-4052-a18a-b33da5745ff4,47.3595055,-121.5711045
2020-11-17 06:00:00,5.308803601142688,360f1bcc-aa60-4052-a18a-b33da5745ff4,47.3595055,-121.5711045
2020-11-18 06:00:00,4.0,360f1bcc-aa60-4052-a18a-b33da5745ff4,47.3595055,-121.5711045
2020-11-19 06:00:00,3.2088034580915403,360f1bcc-aa60-4052-a18a-b33da5745ff4,47.3595055,-121.5711045
2020-11-20 06:00:00,2.2088034580915403,360f1bcc-aa60-4052-a18a-b33da5745ff4,47.3595055,-121.5711045
2020-11-21 06:00:00,3.5647862420122847,360f1bcc-aa60-4052-a18a-b33da5745ff4,47.3595055,-121.5711045
2020-11-22 06:00:00,4.373589822165987,360f1bcc-aa60-4052-a18a-b33da5745ff4,47.3595055,-121.5711045
2020-11-23 06:00:00,3.0911964942247443,360f1bcc-aa60-4052-a18a-b33da5745ff4,47.3595055,-121.5711045
2020-11-24 06:00:00,3.026410252212459,360f1bcc-aa60-4052-a18a-b33da5745ff4,47.3595055,-121.5711045
2020-11-25 06:00:00,4.273589917533418,360f1bcc-aa60-4052-a18a-b33da5745ff4,47.3595055,-121.5711045
2020-11-26 06:00:00,4.073589652420109,360f1bcc-aa60-4052-a18a-b33da5745ff4,47.3595055,-121.5711045
2020-11-27 06:00:00,2.317606794120919,360f1bcc-aa60-4052-a18a-b33da5745ff4,47.3595055,-121.5711045
2020-11-28 06:00:00,3.5735896524201087,360f1bcc-aa60-4052-a18a-b33da5745ff4,47.3595055,-121.5711045
2020-11-29 06:00:00,6.247179644331973,360f1bcc-aa60-4052-a18a-b33da5745ff4,47.3595055,-121.5711045
2020-11-30 06:00:00,6.491196589592177,360f1bcc-aa60-4052-a18a-b33da5745ff4,47.3595055,-121.5711045
2020-12-01 06:00:00,4.555982810615474,360f1bcc-aa60-4052-a18a-b33da5745ff4,47.3595055,-121.5711045
2020-12-02 06:00:00,11.885555538764368,360f1bcc-aa60-4052-a18a-b33da5745ff4,47.3595055,-121.5711045
2020-12-03 06:00:00,4.173589578041664,360f1bcc-aa60-4052-a18a-b33da5745ff4,47.3595055,-121.5711045
2020-12-04 06:00:00,4.947179495575082,360f1bcc-aa60-4052-a18a-b33da5745ff4,47.3595055,-121.5711045
2020-12-05 06:00:00,8.529573014251188,360f1bcc-aa60-4052-a18a-b33da5745ff4,47.3595055,-121.5711045
2020-12-06 06:00:00,2.5,360f1bcc-aa60-4052-a18a-b33da5745ff4,47.3595055,-121.5711045
2020-12-07 06:00:00,3.200000047683716,360f1bcc-aa60-4052-a18a-b33da5745ff4,47.3595055,-121.5711045
2020-12-08 06:00:00,2.5088034104078245,360f1bcc-aa60-4052-a18a-b33da5745ff4,47.3595055,-121.5711045
2020-12-09 06:00:00,4.0647862420122856,360f1bcc-aa60-4052-a18a-b33da5745ff4,47.3595055,-121.5711045
2020-12-10 06:00:00,4.555982810615474,360f1bcc-aa60-4052-a18a-b33da5745ff4,47.3595055,-121.5711045
2020-12-11 06:00:00,2.4000000953674316,360f1bcc-aa60-4052-a18a-b33da5745ff4,47.3595055,-121.5711045
2020-12-12 06:00:00,5.455982905982907,360f1bcc-aa60-4052-a18a-b33da5745ff4,47.3595055,-121.5711045
2020-12-13 06:00:00,6.655982715248044,360f1bcc-aa60-4052-a18a-b33da5745ff4,47.3595055,-121.5711045
2020-12-14 06:00:00,2.3088033837130943,360f1bcc-aa60-4052-a18a-b33da5745ff4,47.3595055,-121.5711045
2020-12-15 06:00:00,4.800000190734863,360f1bcc-aa60-4052-a18a-b33da5745ff4,47.3595055,-121.5711045
2020-12-16 06:00:00,5.08239308381692,360f1bcc-aa60-4052-a18a-b33da5745ff4,47.3595055,-121.5711045
2020-12-17 06:00:00,6.0,360f1bcc-aa60-4052-a18a-b33da5745ff4,47.3595055,-121.5711045
2020-12-18 06:00:00,3.617606746437203,360f1bcc-aa60-4052-a18a-b33da5745ff4,47.3595055,-121.5711045
2020-12-19 06:00:00,5.191196398857313,360f1bcc-aa60-4052-a18a-b33da5745ff4,47.3595055,-121.5711045
2020-12-20 06:00:00,4.864786411758162,360f1bcc-aa60-4052-a18a-b33da5745ff4,47.3595055,-121.5711045
2020-12-21 06:00:00,4.7911967383490675,360f1bcc-aa60-4052-a18a-b33da5745ff4,47.3595055,-121.5711045
2020-12-22 06:00:00,6.347179590942515,360f1bcc-aa60-4052-a18a-b33da5745ff4,47.3595055,-121.5711045
2020-12-23 06:00:00,4.755983096717769,360f1bcc-aa60-4052-a18a-b33da5745ff4,47.3595055,-121.5711045
2020-12-24 06:00:00,5.855983001350339,360f1bcc-aa60-4052-a18a-b33da5745ff4,47.3595055,-121.5711045
2020-12-25 06:00:00,8.82957233526768,360f1bcc-aa60-4052-a18a-b33da5745ff4,47.3595055,-121.5711045
2020-12-26 06:00:00,4.108803315040393,360f1bcc-aa60-4052-a18a-b33da5745ff4,47.3595055,-121.5711045
2020-12-27 06:00:00,5.755983096717769,360f1bcc-aa60-4052-a18a-b33da5745ff4,47.3595055,-121.5711045
2020-12-28 06:00:00,3.2823931105116495,360f1bcc-aa60-4052-a18a-b33da5745ff4,47.3595055,-121.5711045
2020-12-29 06:00:00,1.6911966267813985,360f1bcc-aa60-4052-a18a-b33da5745ff4,47.3595055,-121.5711045
2020-12-30 06:00:00,3.03521368360927,360f1bcc-aa60-4052-a18a-b33da5745ff4,47.3595055,-121.5711045
2020-12-31 06:00:00,4.400000095367432,360f1bcc-aa60-4052-a18a-b33da5745ff4,47.3595055,-121.5711045
2021-01-01 06:00:00,3.4264103475798913,360f1bcc-aa60-4052-a18a-b33da5745ff4,47.3595055,-121.5711045
2021-01-02 06:00:00,4.53521368360927,360f1bcc-aa60-4052-a18a-b33da5745ff4,47.3595055,-121.5711045
2021-01-03 06:00:00,4.682392988449489,360f1bcc-aa60-4052-a18a-b33da5745ff4,47.3595055,-121.5711045
2021-01-04 06:00:00,6.282393327941243,360f1bcc-aa60-4052-a18a-b33da5745ff4,47.3595055,-121.5711045
2021-01-05 06:00:00,5.099999904632568,360f1bcc-aa60-4052-a18a-b33da5745ff4,47.3595055,-121.5711045
2021-01-06 06:00:00,2.108803336029379,360f1bcc-aa60-4052-a18a-b33da5745ff4,47.3595055,-121.5711045
2021-01-07 06:00:00,5.5559828106154745,360f1bcc-aa60-4052-a18a-b33da5745ff4,47.3595055,-121.5711045
2021-01-08 06:00:00,6.247179644331973,360f1bcc-aa60-4052-a18a-b33da5745ff4,47.3595055,-121.5711045
2021-01-09 06:00:00,6.638375894432394,360f1bcc-aa60-4052-a18a-b33da5745ff4,47.3595055,-121.5711045
2021-01-10 06:00:00,4.973589726798554,360f1bcc-aa60-4052-a18a-b33da5745ff4,47.3595055,-121.5711045
2021-01-11 06:00:00,4.300000190734863,360f1bcc-aa60-4052-a18a-b33da5745ff4,47.3595055,-121.5711045
2021-01-12 06:00:00,4.126410177834014,360f1bcc-aa60-4052-a18a-b33da5745ff4,47.3595055,-121.5711045
2021-01-13 06:00:00,7.373589822165987,360f1bcc-aa60-4052-a18a-b33da5745ff4,47.3595055,-121.5711045
2021-01-14 06:00:00,6.547179400207651,360f1bcc-aa60-4052-a18a-b33da5745ff4,47.3595055,-121.5711045
2021-01-15 06:00:00,2.982393158195365,360f1bcc-aa60-4052-a18a-b33da5745ff4,47.3595055,-121.5711045
2021-01-16 06:00:00,2.58239308381692,360f1bcc-aa60-4052-a18a-b33da5745ff4,47.3595055,-121.5711045
2021-01-17 06:00:00,4.364786411758163,360f1bcc-aa60-4052-a18a-b33da5745ff4,47.3595055,-121.5711045
2021-01-18 06:00:00,3.2911965419084597,360f1bcc-aa60-4052-a18a-b33da5745ff4,47.3595055,-121.5711045
2021-01-19 06:00:00,4.0647862420122856,360f1bcc-aa60-4052-a18a-b33da5745ff4,47.3595055,-121.5711045
2021-01-20 06:00:00,1.5911966029395408,360f1bcc-aa60-4052-a18a-b33da5745ff4,47.3595055,-121.5711045
2021-01-21 06:00:00,4.0647862420122856,360f1bcc-aa60-4052-a18a-b33da5745ff4,47.3595055,-121.5711045
2021-01-22 06:00:00,3.5735896524201087,360f1bcc-aa60-4052-a18a-b33da5745ff4,47.3595055,-121.5711045
2021-01-23 06:00:00,1.4911965790976824,360f1bcc-aa60-4052-a18a-b33da5745ff4,47.3595055,-121.5711045
2021-01-24 06:00:00,2.891196663970621,360f1bcc-aa60-4052-a18a-b33da5745ff4,47.3595055,-121.5711045
2021-01-25 06:00:00,1.9176068074682842,360f1bcc-aa60-4052-a18a-b33da5745ff4,47.3595055,-121.5711045
2021-01-26 06:00:00,8.438376085167256,360f1bcc-aa60-4052-a18a-b33da5745ff4,47.3595055,-121.5711045
2021-01-27 06:00:00,8.229572823516325,360f1bcc-aa60-4052-a18a-b33da5745ff4,47.3595055,-121.5711045
2021-01-28 06:00:00,4.755983096717769,360f1bcc-aa60-4052-a18a-b33da5745ff4,47.3595055,-121.5711045
2021-01-29 06:00:00,1.5911966029395408,360f1bcc-aa60-4052-a18a-b33da5745ff4,47.3595055,-121.5711045
2021-01-30 06:00:00,4.691196398857313,360f1bcc-aa60-4052-a18a-b33da5745ff4,47.3595055,-121.5711045
2021-01-31 06:00:00,5.182392988449488,360f1bcc-aa60-4052-a18a-b33da5745ff4,47.3595055,-121.5711045
2021-02-01 06:00:00,6.255983096717769,360f1bcc-aa60-4052-a18a-b33da5745ff4,47.3595055,-121.5711045
2021-02-02 06:00:00,3.217606889488351,360f1bcc-aa60-4052-a18a-b33da5745ff4,47.3595055,-121.5711045
2021-02-03 06:00:00,3.5735896524201087,360f1bcc-aa60-4052-a18a-b33da5745ff4,47.3595055,-121.5711045
2021-02-04 06:00:00,5.564786221023298,360f1bcc-aa60-4052-a18a-b33da5745ff4,47.3595055,-121.5711045
2021-02-05 06:00:00,7.747179644331974,360f1bcc-aa60-4052-a18a-b33da5745ff4,47.3595055,-121.5711045
2021-02-06 06:00:00,8.66478616763384,360f1bcc-aa60-4052-a18a-b33da5745ff4,47.3595055,-121.5711045
2021-02-07 06:00:00,7.964786316390731,360f1bcc-aa60-4052-a18a-b33da5745ff4,47.3595055,-121.5711045
2021-02-08 06:00:00,4.464786316390731,360f1bcc-aa60-4052-a18a-b33da5745ff4,47.3595055,-121.5711045
2021-02-09 06:00:00,2.3823932535627974,360f1bcc-aa60-4052-a18a-b33da5745ff4,47.3595055,-121.5711045
2021-02-10 06:00:00,2.2735897001038254,360f1bcc-aa60-4052-a18a-b33da5745ff4,47.3595055,-121.5711045
2021-02-11 06:00:00,8.729572823516326,360f1bcc-aa60-4052-a18a-b33da5745ff4,47.3595055,-121.5711045
2021-02-12 06:00:00,10.611965621230949,360f1bcc-aa60-4052-a18a-b33da5745ff4,47.3595055,-121.5711045
2021-02-13 06:00:00,9.729572823516325,360f1bcc-aa60-4052-a18a-b33da5745ff4,47.3595055,-121.5711045
2021-02-14 06:00:00,7.338376138556717,360f1bcc-aa60-4052-a18a-b33da5745ff4,47.3595055,-121.5711045
2021-02-15 06:00:00,5.482393179184353,360f1bcc-aa60-4052-a18a-b33da5745ff4,47.3595055,-121.5711045
2021-02-16 06:00:00,6.947179495575082,360f1bcc-aa60-4052-a18a-b33da5745ff4,47.3595055,-121.5711045
2021-02-17 06:00:00,3.8647864117581623,360f1bcc-aa60-4052-a18a-b33da5745ff4,47.3595055,-121.5711045
2021-02-18 06:00:00,7.355983001350339,360f1bcc-aa60-4052-a18a-b33da5745ff4,47.3595055,-121.5711045
2021-02-19 06:00:00,2.9000000953674316,360f1bcc-aa60-4052-a18a-b33da5745ff4,47.3595055,-121.5711045
2021-02-20 06:00:00,4.782393327941243,360f1bcc-aa60-4052-a18a-b33da5745ff4,47.3595055,-121.5711045
2021-02-21 06:00:00,6.891196684959608,360f1bcc-aa60-4052-a18a-b33da5745ff4,47.3595055,-121.5711045
2021-02-22 06:00:00,8.282393369919214,360f1bcc-aa60-4052-a18a-b33da5745ff4,47.3595055,-121.5711045
2021-02-23 06:00:00,6.873589822165986,360f1bcc-aa60-4052-a18a-b33da5745ff4,47.3595055,-121.5711045
2021-02-24 06:00:00,2.873589822165987,360f1bcc-aa60-4052-a18a-b33da5745ff4,47.3595055,-121.5711045
2021-02-25 06:00:00,7.491196589592177,360f1bcc-aa60-4052-a18a-b33da5745ff4,47.3595055,-121.5711045
2021-02-26 06:00:00,8.964786358368704,360f1bcc-aa60-4052-a18a-b33da5745ff4,47.3595055,-121.5711045
2021-02-27 06:00:00,5.46478631639073,360f1bcc-aa60-4052-a18a-b33da5745ff4,47.3595055,-121.5711045
2021-02-28 06:00:00,3.391196663970622,360f1bcc-aa60-4052-a18a-b33da5745ff4,47.3595055,-121.5711045
2021-03-01 06:00:00,2.891196663970621,360f1bcc-aa60-4052-a18a-b33da5745ff4,47.3595055,-121.5711045
2021-03-02 06:00:00,2.2823931105116495,360f1bcc-aa60-4052-a18a-b33da5745ff4,47.3595055,-121.5711045
2021-03-03 06:00:00,4.164786146644854,360f1bcc-aa60-4052-a18a-b33da5745ff4,47.3595055,-121.5711045
2021-03-04 06:00:00,6.064786221023298,360f1bcc-aa60-4052-a18a-b33da5745ff4,47.3595055,-121.5711045
2021-03-05 06:00:00,5.182392988449488,360f1bcc-aa60-4052-a18a-b33da5745ff4,47.3595055,-121.5711045
2021-03-06 06:00:00,3.299999952316284,360f1bcc-aa60-4052-a18a-b33da5745ff4,47.3595055,-121.5711045
2021-03-07 06:00:00,4.408803505775256,360f1bcc-aa60-4052-a18a-b33da5745ff4,47.3595055,-121.5711045
2021-03-08 06:00:00,4.464786316390731,360f1bcc-aa60-4052-a18a-b33da5745ff4,47.3595055,-121.5711045
2021-03-09 06:00:00,3.873589822165987,360f1bcc-aa60-4052-a18a-b33da5745ff4,47.3595055,-121.5711045
2021-03-10 06:00:00,2.0999999046325684,360f1bcc-aa60-4052-a18a-b33da5745ff4,47.3595055,-121.5711045
2021-03-11 06:00:00,2.082393073322427,360f1bcc-aa60-4052-a18a-b33da5745ff4,47.3595055,-121.5711045
2021-03-12 06:00:00,1.4911965790976824,360f1bcc-aa60-4052-a18a-b33da5745ff4,47.3595055,-121.5711045
2021-03-13 06:00:00,3.2911965419084597,360f1bcc-aa60-4052-a18a-b33da5745ff4,47.3595055,-121.5711045
2021-03-14 06:00:00,3.5999999046325684,360f1bcc-aa60-4052-a18a-b33da5745ff4,47.3595055,-121.5711045
2021-03-15 06:00:00,5.5559828106154745,360f1bcc-aa60-4052-a18a-b33da5745ff4,47.3595055,-121.5711045
2021-03-16 06:00:00,2.491196589592176,360f1bcc-aa60-4052-a18a-b33da5745ff4,47.3595055,-121.5711045
2021-03-17 06:00:00,5.447179495575082,360f1bcc-aa60-4052-a18a-b33da5745ff4,47.3595055,-121.5711045
2021-03-18 06:00:00,5.564786221023298,360f1bcc-aa60-4052-a18a-b33da5745ff4,47.3595055,-121.5711045
2021-03-19 06:00:00,3.717606889488351,360f1bcc-aa60-4052-a18a-b33da5745ff4,47.3595055,-121.5711045
2021-03-20 06:00:00,4.408803505775256,360f1bcc-aa60-4052-a18a-b33da5745ff4,47.3595055,-121.5711045
2021-03-21 06:00:00,5.291196738349066,360f1bcc-aa60-4052-a18a-b33da5745ff4,47.3595055,-121.5711045
2021-03-22 06:00:00,5.482393179184353,360f1bcc-aa60-4052-a18a-b33da5745ff4,47.3595055,-121.5711045
2021-03-23 06:00:00,3.6647863640744465,360f1bcc-aa60-4052-a18a-b33da5745ff4,47.3595055,-121.5711045
2021-03-24 06:00:00,5.091196494224745,360f1bcc-aa60-4052-a18a-b33da5745ff4,47.3595055,-121.5711045
2021-03-25 06:00:00,3.6735897954712575,360f1bcc-aa60-4052-a18a-b33da5745ff4,47.3595055,-121.5711045
2021-03-26 06:00:00,4.282393327941242,360f1bcc-aa60-4052-a18a-b33da5745ff4,47.3595055,-121.5711045
2021-03-27 06:00:00,3.0823930838169202,360f1bcc-aa60-4052-a18a-b33da5745ff4,47.3595055,-121.5711045
2021-03-28 06:00:00,7.0,360f1bcc-aa60-4052-a18a-b33da5745ff4,47.3595055,-121.5711045
2021-03-29 06:00:00,7.64717930484022,360f1bcc-aa60-4052-a18a-b33da5745ff4,47.3595055,-121.5711045
2021-03-30 06:00:00,3.1735897954712575,360f1bcc-aa60-4052-a18a-b33da5745ff4,47.3595055,-121.5711045
2021-03-31 06:00:00,4.955982905982906,360f1bcc-aa60-4052-a18a-b33da5745ff4,47.3595055,-121.5711045
2021-04-01 06:00:00,3.5911964942247434,360f1bcc-aa60-4052-a18a-b33da5745ff4,47.3595055,-121.5711045
2021-04-02 06:00:00,2.0,360f1bcc-aa60-4052-a18a-b33da5745ff4,47.3595055,-121.5711045
2021-04-03 06:00:00,1.891196555255825,360f1bcc-aa60-4052-a18a-b33da5745ff4,47.3595055,-121.5711045
2021-04-04 06:00:00,5.264786507125594,360f1bcc-aa60-4052-a18a-b33da5745ff4,47.3595055,-121.5711045
2021-04-05 06:00:00,4.864786411758162,360f1bcc-aa60-4052-a18a-b33da5745ff4,47.3595055,-121.5711045
2021-04-06 06:00:00,2.4823931581953653,360f1bcc-aa60-4052-a18a-b33da5745ff4,47.3595055,-121.5711045
2021-04-07 06:00:00,4.891196684959608,360f1bcc-aa60-4052-a18a-b33da5745ff4,47.3595055,-121.5711045
2021-04-08 06:00:00,6.073589673409096,360f1bcc-aa60-4052-a18a-b33da5745ff4,47.3595055,-121.5711045
2021-04-09 06:00:00,3.9000000953674316,360f1bcc-aa60-4052-a18a-b33da5745ff4,47.3595055,-121.5711045
2021-04-10 06:00:00,6.96478631639073,360f1bcc-aa60-4052-a18a-b33da5745ff4,47.3595055,-121.5711045
2021-04-11 06:00:00,2.5999999046325684,360f1bcc-aa60-4052-a18a-b33da5745ff4,47.3595055,-121.5711045
2021-04-12 06:00:00,5.16478616763384,360f1bcc-aa60-4052-a18a-b33da5745ff4,47.3595055,-121.5711045
2021-04-13 06:00:00,5.973589726798555,360f1bcc-aa60-4052-a18a-b33da5745ff4,47.3595055,-121.5711045
2021-04-14 06:00:00,4.782393327941243,360f1bcc-aa60-4052-a18a-b33da5745ff4,47.3595055,-121.5711045
2021-04-15 06:00:00,4.273589917533418,360f1bcc-aa60-4052-a18a-b33da5745ff4,47.3595055,-121.5711045
2021-04-16 06:00:00,4.955982905982906,360f1bcc-aa60-4052-a18a-b33da5745ff4,47.3595055,-121.5711045
2021-04-17 06:00:00,3.064786242012285,360f1bcc-aa60-4052-a18a-b33da5745ff4,47.3595055,-121.5711045
2021-04-18 06:00:00,3.773589700103826,360f1bcc-aa60-4052-a18a-b33da5745ff4,47.3595055,-121.5711045
2021-04-19 06:00:00,3.1735897954712575,360f1bcc-aa60-4052-a18a-b33da5745ff4,47.3595055,-121.5711045
2021-04-20 06:00:00,3.073589652420109,360f1bcc-aa60-4052-a18a-b33da5745ff4,47.3595055,-121.5711045
2021-04-21 06:00:00,3.473589747787541,360f1bcc-aa60-4052-a18a-b33da5745ff4,47.3595055,-121.5711045
2021-04-22 06:00:00,4.764786507125595,360f1bcc-aa60-4052-a18a-b33da5745ff4,47.3595055,-121.5711045
2021-04-23 06:00:00,2.299999952316284,360f1bcc-aa60-4052-a18a-b33da5745ff4,47.3595055,-121.5711045
2021-04-24 06:00:00,2.79119654190846,360f1bcc-aa60-4052-a18a-b33da5745ff4,47.3595055,-121.5711045
2021-04-25 06:00:00,2.79119654190846,360f1bcc-aa60-4052-a18a-b33da5745ff4,47.3595055,-121.5711045
2021-04-26 06:00:00,4.364786411758163,360f1bcc-aa60-4052-a18a-b33da5745ff4,47.3595055,-121.5711045
2021-04-27 06:00:00,3.773589700103826,360f1bcc-aa60-4052-a18a-b33da5745ff4,47.3595055,-121.5711045
2021-04-28 06:00:00,2.58239308381692,360f1bcc-aa60-4052-a18a-b33da5745ff4,47.3595055,-121.5711045
2021-04-29 06:00:00,2.591196494224744,360f1bcc-aa60-4052-a18a-b33da5745ff4,47.3595055,-121.5711045
2021-04-30 06:00:00,2.9911965895921764,360f1bcc-aa60-4052-a18a-b33da5745ff4,47.3595055,-121.5711045
2021-05-01 06:00:00,5.5559828106154745,360f1bcc-aa60-4052-a18a-b33da5745ff4,47.3595055,-121.5711045
2021-05-02 06:00:00,4.173589578041664,360f1bcc-aa60-4052-a18a-b33da5745ff4,47.3595055,-121.5711045
2021-05-03 06:00:00,2.882393253562797,360f1bcc-aa60-4052-a18a-b33da5745ff4,47.3595055,-121.5711045
2021-05-04 06:00:00,4.564786221023299,360f1bcc-aa60-4052-a18a-b33da5745ff4,47.3595055,-121.5711045
2021-05-05 06:00:00,8.029573014251188,360f1bcc-aa60-4052-a18a-b33da5745ff4,47.3595055,-121.5711045
2021-05-06 06:00:00,5.291196738349066,360f1bcc-aa60-4052-a18a-b33da5745ff4,47.3595055,-121.5711045
2021-05-07 06:00:00,5.182392988449488,360f1bcc-aa60-4052-a18a-b33da5745ff4,47.3595055,-121.5711045
2021-05-08 06:00:00,5.0559828106154745,360f1bcc-aa60-4052-a18a-b33da5745ff4,47.3595055,-121.5711045
2021-05-09 06:00:00,3.6647863640744465,360f1bcc-aa60-4052-a18a-b33da5745ff4,47.3595055,-121.5711045
2021-05-10 06:00:00,3.773589700103826,360f1bcc-aa60-4052-a18a-b33da5745ff4,47.3595055,-121.5711045
2021-05-11 06:00:00,2.891196663970621,360f1bcc-aa60-4052-a18a-b33da5745ff4,47.3595055,-121.5711045
2021-05-12 06:00:00,2.58239308381692,360f1bcc-aa60-4052-a18a-b33da5745ff4,47.3595055,-121.5711045
2021-05-13 06:00:00,3.0911964942247443,360f1bcc-aa60-4052-a18a-b33da5745ff4,47.3595055,-121.5711045
2021-05-14 06:00:00,4.373589822165987,360f1bcc-aa60-4052-a18a-b33da5745ff4,47.3595055,-121.5711045
2021-05-15 06:00:00,3.473589747787541,360f1bcc-aa60-4052-a18a-b33da5745ff4,47.3595055,-121.5711045
2021-05-16 06:00:00,3.6735897954712575,360f1bcc-aa60-4052-a18a-b33da5745ff4,47.3595055,-121.5711045
2021-05-17 06:00:00,4.300000190734863,360f1bcc-aa60-4052-a18a-b33da5745ff4,47.3595055,-121.5711045
2021-05-18 06:00:00,5.091196494224745,360f1bcc-aa60-4052-a18a-b33da5745ff4,47.3595055,-121.5711045
2021-05-19 06:00:00,4.964786316390731,360f1bcc-aa60-4052-a18a-b33da5745ff4,47.3595055,-121.5711045
2021-05-20 06:00:00,7.038375989799825,360f1bcc-aa60-4052-a18a-b33da5745ff4,47.3595055,-121.5711045
2021-05-21 06:00:00,5.0559828106154745,360f1bcc-aa60-4052-a18a-b33da5745ff4,47.3595055,-121.5711045
2021-05-22 06:00:00,2.882393253562797,360f1bcc-aa60-4052-a18a-b33da5745ff4,47.3595055,-121.5711045
2021-05-23 06:00:00,5.673589578041664,360f1bcc-aa60-4052-a18a-b33da5745ff4,47.3595055,-121.5711045
2021-05-24 06:00:00,4.973589726798554,360f1bcc-aa60-4052-a18a-b33da5745ff4,47.3595055,-121.5711045
2021-05-25 06:00:00,4.173589578041664,360f1bcc-aa60-4052-a18a-b33da5745ff4,47.3595055,-121.5711045
2021-05-26 06:00:00,2.0088034104078245,360f1bcc-aa60-4052-a18a-b33da5745ff4,47.3595055,-121.5711045
2021-05-27 06:00:00,5.317607011550512,360f1bcc-aa60-4052-a18a-b33da5745ff4,47.3595055,-121.5711045
2021-05-28 06:00:00,5.66478616763384,360f1bcc-aa60-4052-a18a-b33da5745ff4,47.3595055,-121.5711045
2021-05-29 06:00:00,3.373589822165987,360f1bcc-aa60-4052-a18a-b33da5745ff4,47.3595055,-121.5711045
2021-05-30 06:00:00,2.773589700103825,360f1bcc-aa60-4052-a18a-b33da5745ff4,47.3595055,-121.5711045
2021-05-31 06:00:00,2.0999999046325684,360f1bcc-aa60-4052-a18a-b33da5745ff4,47.3595055,-121.5711045
2021-06-01 06:00:00,2.0911964942247443,360f1bcc-aa60-4052-a18a-b33da5745ff4,47.3595055,-121.5711045
2021-06-02 06:00:00,3.2823931105116495,360f1bcc-aa60-4052-a18a-b33da5745ff4,47.3595055,-121.5711045
2021-06-03 06:00:00,4.564786221023299,360f1bcc-aa60-4052-a18a-b33da5745ff4,47.3595055,-121.5711045
2021-06-04 06:00:00,4.573589673409095,360f1bcc-aa60-4052-a18a-b33da5745ff4,47.3595055,-121.5711045
2021-06-05 06:00:00,5.691196398857312,360f1bcc-aa60-4052-a18a-b33da5745ff4,47.3595055,-121.5711045
2021-06-06 06:00:00,3.0999999046325684,360f1bcc-aa60-4052-a18a-b33da5745ff4,47.3595055,-121.5711045
2021-06-07 06:00:00,2.891196663970621,360f1bcc-aa60-4052-a18a-b33da5745ff4,47.3595055,-121.5711045
2021-06-08 06:00:00,3.1823932058790816,360f1bcc-aa60-4052-a18a-b33da5745ff4,47.3595055,-121.5711045
2021-06-09 06:00:00,4.0647862420122856,360f1bcc-aa60-4052-a18a-b33da5745ff4,47.3595055,-121.5711045
2021-06-10 06:00:00,4.073589652420109,360f1bcc-aa60-4052-a18a-b33da5745ff4,47.3595055,-121.5711045
2021-06-11 06:00:00,4.473589726798554,360f1bcc-aa60-4052-a18a-b33da5745ff4,47.3595055,-121.5711045
2021-06-12 06:00:00,4.66478616763384,360f1bcc-aa60-4052-a18a-b33da5745ff4,47.3595055,-121.5711045
2021-06-13 06:00:00,3.2823931105116495,360f1bcc-aa60-4052-a18a-b33da5745ff4,47.3595055,-121.5711045
2021-06-14 06:00:00,1.7911965419084597,360f1bcc-aa60-4052-a18a-b33da5745ff4,47.3595055,-121.5711045
2021-06-15 06:00:00,3.5911964942247434,360f1bcc-aa60-4052-a18a-b33da5745ff4,47.3595055,-121.5711045
2021-06-16 06:00:00,1.7999999523162842,360f1bcc-aa60-4052-a18a-b33da5745ff4,47.3595055,-121.5711045
2021-06-17 06:00:00,2.691196616286905,360f1bcc-aa60-4052-a18a-b33da5745ff4,47.3595055,-121.5711045
2021-06-18 06:00:00,3.78239311051165,360f1bcc-aa60-4052-a18a-b33da5745ff4,47.3595055,-121.5711045
2021-06-19 06:00:00,5.655982715248043,360f1bcc-aa60-4052-a18a-b33da5745ff4,47.3595055,-121.5711045
2021-06-20 06:00:00,3.78239311051165,360f1bcc-aa60-4052-a18a-b33da5745ff4,47.3595055,-121.5711045
2021-06-21 06:00:00,3.2735897001038254,360f1bcc-aa60-4052-a18a-b33da5745ff4,47.3595055,-121.5711045
2021-06-22 06:00:00,4.073589652420109,360f1bcc-aa60-4052-a18a-b33da5745ff4,47.3595055,-121.5711045
2021-06-23 06:00:00,4.264786507125594,360f1bcc-aa60-4052-a18a-b33da5745ff4,47.3595055,-121.5711045
2021-06-24 06:00:00,4.864786411758162,360f1bcc-aa60-4052-a18a-b33da5745ff4,47.3595055,-121.5711045
2021-06-25 06:00:00,2.799999952316284,360f1bcc-aa60-4052-a18a-b33da5745ff4,47.3595055,-121.5711045
2021-06-26 06:00:00,2.782393110511649,360f1bcc-aa60-4052-a18a-b33da5745ff4,47.3595055,-121.5711045
2021-06-27 06:00:00,5.655982715248043,360f1bcc-aa60-4052-a18a-b33da5745ff4,47.3595055,-121.5711045
2021-06-28 06:00:00,5.447179495575082,360f1bcc-aa60-4052-a18a-b33da5745ff4,47.3595055,-121.5711045
2021-06-29 06:00:00,3.5735896524201087,360f1bcc-aa60-4052-a18a-b33da5745ff4,47.3595055,-121.5711045
2021-06-30 06:00:00,4.764786507125595,360f1bcc-aa60-4052-a18a-b33da5745ff4,47.3595055,-121.5711045
2021-07-01 06:00:00,5.455982905982907,360f1bcc-aa60-4052-a18a-b33da5745ff4,47.3595055,-121.5711045
2021-07-02 06:00:00,5.255983096717769,360f1bcc-aa60-4052-a18a-b33da5745ff4,47.3595055,-121.5711045
2021-07-03 06:00:00,4.273589917533418,360f1bcc-aa60-4052-a18a-b33da5745ff4,47.3595055,-121.5711045
2021-07-04 06:00:00,4.564786221023299,360f1bcc-aa60-4052-a18a-b33da5745ff4,47.3595055,-121.5711045
2021-07-05 06:00:00,3.764786289696002,360f1bcc-aa60-4052-a18a-b33da5745ff4,47.3595055,-121.5711045
2021-07-06 06:00:00,2.491196589592176,360f1bcc-aa60-4052-a18a-b33da5745ff4,47.3595055,-121.5711045
2021-07-07 06:00:00,5.0559828106154745,360f1bcc-aa60-4052-a18a-b33da5745ff4,47.3595055,-121.5711045
2021-07-08 06:00:00,3.373589822165987,360f1bcc-aa60-4052-a18a-b33da5745ff4,47.3595055,-121.5711045
2021-07-09 06:00:00,2.082393073322427,360f1bcc-aa60-4052-a18a-b33da5745ff4,47.3595055,-121.5711045
2021-07-10 06:00:00,4.66478616763384,360f1bcc-aa60-4052-a18a-b33da5745ff4,47.3595055,-121.5711045
2021-07-11 06:00:00,3.773589700103826,360f1bcc-aa60-4052-a18a-b33da5745ff4,47.3595055,-121.5711045
2021-07-12 06:00:00,4.464786316390731,360f1bcc-aa60-4052-a18a-b33da5745ff4,47.3595055,-121.5711045
2021-07-13 06:00:00,3.873589822165987,360f1bcc-aa60-4052-a18a-b33da5745ff4,47.3595055,-121.5711045
2021-07-14 06:00:00,4.273589917533418,360f1bcc-aa60-4052-a18a-b33da5745ff4,47.3595055,-121.5711045
2021-07-15 06:00:00,5.264786507125594,360f1bcc-aa60-4052-a18a-b33da5745ff4,47.3595055,-121.5711045
2021-07-16 06:00:00,4.573589673409095,360f1bcc-aa60-4052-a18a-b33da5745ff4,47.3595055,-121.5711045
2021-07-17 06:00:00,3.0823930838169202,360f1bcc-aa60-4052-a18a-b33da5745ff4,47.3595055,-121.5711045
2021-07-18 06:00:00,2.6823932058790807,360f1bcc-aa60-4052-a18a-b33da5745ff4,47.3595055,-121.5711045
2021-07-19 06:00:00,3.382393253562797,360f1bcc-aa60-4052-a18a-b33da5745ff4,47.3595055,-121.5711045
2021-07-20 06:00:00,4.66478616763384,360f1bcc-aa60-4052-a18a-b33da5745ff4,47.3595055,-121.5711045
2021-07-21 06:00:00,5.064786221023299,360f1bcc-aa60-4052-a18a-b33da5745ff4,47.3595055,-121.5711045
2021-07-22 06:00:00,3.773589700103826,360f1bcc-aa60-4052-a18a-b33da5745ff4,47.3595055,-121.5711045
2021-07-23 06:00:00,3.5735896524201087,360f1bcc-aa60-4052-a18a-b33da5745ff4,47.3595055,-121.5711045
2021-07-24 06:00:00,2.5999999046325684,360f1bcc-aa60-4052-a18a-b33da5745ff4,47.3595055,-121.5711045
2021-07-25 06:00:00,3.873589822165987,360f1bcc-aa60-4052-a18a-b33da5745ff4,47.3595055,-121.5711045
2021-07-26 06:00:00,3.2823931105116495,360f1bcc-aa60-4052-a18a-b33da5745ff4,47.3595055,-121.5711045
2021-07-27 06:00:00,3.773589700103826,360f1bcc-aa60-4052-a18a-b33da5745ff4,47.3595055,-121.5711045
2021-07-28 06:00:00,2.882393253562797,360f1bcc-aa60-4052-a18a-b33da5745ff4,47.3595055,-121.5711045
2021-07-29 06:00:00,1.7999999523162842,360f1bcc-aa60-4052-a18a-b33da5745ff4,47.3595055,-121.5711045
2021-07-30 06:00:00,2.773589700103825,360f1bcc-aa60-4052-a18a-b33da5745ff4,47.3595055,-121.5711045
2021-07-31 06:00:00,3.1823932058790816,360f1bcc-aa60-4052-a18a-b33da5745ff4,47.3595055,-121.5711045
2021-08-01 06:00:00,2.973589747787541,360f1bcc-aa60-4052-a18a-b33da5745ff4,47.3595055,-121.5711045
2021-08-02 06:00:00,2.1911966162869057,360f1bcc-aa60-4052-a18a-b33da5745ff4,47.3595055,-121.5711045
2021-08-03 06:00:00,2.6735897954712566,360f1bcc-aa60-4052-a18a-b33da5745ff4,47.3595055,-121.5711045
2021-08-04 06:00:00,3.0823930838169202,360f1bcc-aa60-4052-a18a-b33da5745ff4,47.3595055,-121.5711045
2021-08-05 06:00:00,4.673589578041665,360f1bcc-aa60-4052-a18a-b33da5745ff4,47.3595055,-121.5711045
2021-08-06 06:00:00,5.564786221023298,360f1bcc-aa60-4052-a18a-b33da5745ff4,47.3595055,-121.5711045
2021-08-07 06:00:00,3.78239311051165,360f1bcc-aa60-4052-a18a-b33da5745ff4,47.3595055,-121.5711045
2021-08-08 06:00:00,5.355983001350338,360f1bcc-aa60-4052-a18a-b33da5745ff4,47.3595055,-121.5711045
2021-08-09 06:00:00,3.382393253562797,360f1bcc-aa60-4052-a18a-b33da5745ff4,47.3595055,-121.5711045
2021-08-10 06:00:00,4.473589726798554,360f1bcc-aa60-4052-a18a-b33da5745ff4,47.3595055,-121.5711045
2021-08-11 06:00:00,3.391196663970622,360f1bcc-aa60-4052-a18a-b33da5745ff4,47.3595055,-121.5711045
2021-08-12 06:00:00,3.773589700103826,360f1bcc-aa60-4052-a18a-b33da5745ff4,47.3595055,-121.5711045
2021-08-13 06:00:00,3.2735897001038254,360f1bcc-aa60-4052-a18a-b33da5745ff4,47.3595055,-121.5711045
2021-08-14 06:00:00,4.073589652420109,360f1bcc-aa60-4052-a18a-b33da5745ff4,47.3595055,-121.5711045
2021-08-15 06:00:00,4.073589652420109,360f1bcc-aa60-4052-a18a-b33da5745ff4,47.3595055,-121.5711045
2021-08-16 06:00:00,4.282393327941242,360f1bcc-aa60-4052-a18a-b33da5745ff4,47.3595055,-121.5711045
2021-08-17 06:00:00,7.038375989799825,360f1bcc-aa60-4052-a18a-b33da5745ff4,47.3595055,-121.5711045
2021-08-18 06:00:00,4.764786507125595,360f1bcc-aa60-4052-a18a-b33da5745ff4,47.3595055,-121.5711045
2021-08-19 06:00:00,4.955982905982906,360f1bcc-aa60-4052-a18a-b33da5745ff4,47.3595055,-121.5711045
2021-08-20 06:00:00,4.373589822165987,360f1bcc-aa60-4052-a18a-b33da5745ff4,47.3595055,-121.5711045
2021-08-21 06:00:00,4.66478616763384,360f1bcc-aa60-4052-a18a-b33da5745ff4,47.3595055,-121.5711045
2021-08-22 06:00:00,4.973589726798554,360f1bcc-aa60-4052-a18a-b33da5745ff4,47.3595055,-121.5711045
2021-08-23 06:00:00,3.9647863163907306,360f1bcc-aa60-4052-a18a-b33da5745ff4,47.3595055,-121.5711045
2021-08-24 06:00:00,3.1735897954712575,360f1bcc-aa60-4052-a18a-b33da5745ff4,47.3595055,-121.5711045
2021-08-25 06:00:00,3.1823932058790816,360f1bcc-aa60-4052-a18a-b33da5745ff4,47.3595055,-121.5711045
2021-08-26 06:00:00,3.873589822165987,360f1bcc-aa60-4052-a18a-b33da5745ff4,47.3595055,-121.5711045
2021-08-27 06:00:00,5.255983096717769,360f1bcc-aa60-4052-a18a-b33da5745ff4,47.3595055,-121.5711045
2021-08-28 06:00:00,2.691196616286905,360f1bcc-aa60-4052-a18a-b33da5745ff4,47.3595055,-121.5711045
2021-08-29 06:00:00,2.299999952316284,360f1bcc-aa60-4052-a18a-b33da5745ff4,47.3595055,-121.5711045
2021-08-30 06:00:00,4.864786411758162,360f1bcc-aa60-4052-a18a-b33da5745ff4,47.3595055,-121.5711045
2021-08-31 06:00:00,5.46478631639073,360f1bcc-aa60-4052-a18a-b33da5745ff4,47.3595055,-121.5711045
2021-09-01 06:00:00,2.808803383713095,360f1bcc-aa60-4052-a18a-b33da5745ff4,47.3595055,-121.5711045
2021-09-02 06:00:00,2.782393110511649,360f1bcc-aa60-4052-a18a-b33da5745ff4,47.3595055,-121.5711045
2021-09-03 06:00:00,2.2823931105116495,360f1bcc-aa60-4052-a18a-b33da5745ff4,47.3595055,-121.5711045
2021-09-04 06:00:00,2.0,360f1bcc-aa60-4052-a18a-b33da5745ff4,47.3595055,-121.5711045
2021-09-05 06:00:00,3.473589747787541,360f1bcc-aa60-4052-a18a-b33da5745ff4,47.3595055,-121.5711045
2021-09-06 06:00:00,2.6823932058790807,360f1bcc-aa60-4052-a18a-b33da5745ff4,47.3595055,-121.5711045
2021-09-07 06:00:00,4.555982810615474,360f1bcc-aa60-4052-a18a-b33da5745ff4,47.3595055,-121.5711045
2021-09-08 06:00:00,3.5735896524201087,360f1bcc-aa60-4052-a18a-b33da5745ff4,47.3595055,-121.5711045
2021-09-09 06:00:00,1.9911965790976827,360f1bcc-aa60-4052-a18a-b33da5745ff4,47.3595055,-121.5711045
2021-09-10 06:00:00,3.0823930838169202,360f1bcc-aa60-4052-a18a-b33da5745ff4,47.3595055,-121.5711045
2021-09-11 06:00:00,2.773589700103825,360f1bcc-aa60-4052-a18a-b33da5745ff4,47.3595055,-121.5711045
2021-09-12 06:00:00,4.464786316390731,360f1bcc-aa60-4052-a18a-b33da5745ff4,47.3595055,-121.5711045
2021-09-13 06:00:00,4.473589726798554,360f1bcc-aa60-4052-a18a-b33da5745ff4,47.3595055,-121.5711045
2021-09-14 06:00:00,2.982393158195365,360f1bcc-aa60-4052-a18a-b33da5745ff4,47.3595055,-121.5711045
2021-09-15 06:00:00,6.547179400207651,360f1bcc-aa60-4052-a18a-b33da5745ff4,47.3595055,-121.5711045
2021-09-16 06:00:00,3.5735896524201087,360f1bcc-aa60-4052-a18a-b33da5745ff4,47.3595055,-121.5711045
2021-09-17 06:00:00,4.099999904632568,360f1bcc-aa60-4052-a18a-b33da5745ff4,47.3595055,-121.5711045
2021-09-18 06:00:00,3.9176069161830807,360f1bcc-aa60-4052-a18a-b33da5745ff4,47.3595055,-121.5711045
2021-09-19 06:00:00,3.9000000953674316,360f1bcc-aa60-4052-a18a-b33da5745ff4,47.3595055,-121.5711045
2021-09-20 06:00:00,2.3823932535627974,360f1bcc-aa60-4052-a18a-b33da5745ff4,47.3595055,-121.5711045
2021-09-21 06:00:00,5.04717940020765,360f1bcc-aa60-4052-a18a-b33da5745ff4,47.3595055,-121.5711045
2021-09-22 06:00:00,4.755983096717769,360f1bcc-aa60-4052-a18a-b33da5745ff4,47.3595055,-121.5711045
2021-09-23 06:00:00,2.691196616286905,360f1bcc-aa60-4052-a18a-b33da5745ff4,47.3595055,-121.5711045
2021-09-24 06:00:00,5.255983096717769,360f1bcc-aa60-4052-a18a-b33da5745ff4,47.3595055,-121.5711045
2021-09-25 06:00:00,3.473589747787541,360f1bcc-aa60-4052-a18a-b33da5745ff4,47.3595055,-121.5711045
2021-09-26 06:00:00,3.408803505775256,360f1bcc-aa60-4052-a18a-b33da5745ff4,47.3595055,-121.5711045
2021-09-27 06:00:00,2.735213710303999,360f1bcc-aa60-4052-a18a-b33da5745ff4,47.3595055,-121.5711045
2021-09-28 06:00:00,4.108803315040393,360f1bcc-aa60-4052-a18a-b33da5745ff4,47.3595055,-121.5711045
2021-09-29 06:00:00,3.0088034104078245,360f1bcc-aa60-4052-a18a-b33da5745ff4,47.3595055,-121.5711045
2021-09-30 06:00:00,3.5176068418046347,360f1bcc-aa60-4052-a18a-b33da5745ff4,47.3595055,-121.5711045
2021-10-01 06:00:00,1.7999999523162842,360f1bcc-aa60-4052-a18a-b33da5745ff4,47.3595055,-121.5711045
2021-10-02 06:00:00,2.1823932058790816,360f1bcc-aa60-4052-a18a-b33da5745ff4,47.3595055,-121.5711045
2021-10-03 06:00:00,3.2735897001038254,360f1bcc-aa60-4052-a18a-b33da5745ff4,47.3595055,-121.5711045
2021-10-04 06:00:00,2.082393073322427,360f1bcc-aa60-4052-a18a-b33da5745ff4,47.3595055,-121.5711045
2021-10-05 06:00:00,3.0999999046325684,360f1bcc-aa60-4052-a18a-b33da5745ff4,47.3595055,-121.5711045
2021-10-06 06:00:00,2.9000000953674316,360f1bcc-aa60-4052-a18a-b33da5745ff4,47.3595055,-121.5711045
2021-10-07 06:00:00,1.9911965790976827,360f1bcc-aa60-4052-a18a-b33da5745ff4,47.3595055,-121.5711045
2021-10-08 06:00:00,2.6823932058790807,360f1bcc-aa60-4052-a18a-b33da5745ff4,47.3595055,-121.5711045
2021-10-09 06:00:00,3.78239311051165,360f1bcc-aa60-4052-a18a-b33da5745ff4,47.3595055,-121.5711045
2021-10-10 06:00:00,6.173589578041664,360f1bcc-aa60-4052-a18a-b33da5745ff4,47.3595055,-121.5711045
2021-10-11 06:00:00,4.964786316390731,360f1bcc-aa60-4052-a18a-b33da5745ff4,47.3595055,-121.5711045
2021-10-12 06:00:00,2.200000047683716,360f1bcc-aa60-4052-a18a-b33da5745ff4,47.3595055,-121.5711045
2021-10-13 06:00:00,4.673589578041665,360f1bcc-aa60-4052-a18a-b33da5745ff4,47.3595055,-121.5711045
2021-10-14 06:00:00,1.899999976158142,360f1bcc-aa60-4052-a18a-b33da5745ff4,47.3595055,-121.5711045
2021-10-15 06:00:00,2.817606794120919,360f1bcc-aa60-4052-a18a-b33da5745ff4,47.3595055,-121.5711045
2021-10-16 06:00:00,3.0088034104078245,360f1bcc-aa60-4052-a18a-b33da5745ff4,47.3595055,-121.5711045
2021-10-17 06:00:00,2.591196494224744,360f1bcc-aa60-4052-a18a-b33da5745ff4,47.3595055,-121.5711045
2021-10-18 06:00:00,3.6735897954712575,360f1bcc-aa60-4052-a18a-b33da5745ff4,47.3595055,-121.5711045
2021-10-19 06:00:00,6.8383761385567166,360f1bcc-aa60-4052-a18a-b33da5745ff4,47.3595055,-121.5711045
2021-10-20 06:00:00,4.591196494224745,360f1bcc-aa60-4052-a18a-b33da5745ff4,47.3595055,-121.5711045
2021-10-21 06:00:00,8.82957233526768,360f1bcc-aa60-4052-a18a-b33da5745ff4,47.3595055,-121.5711045
2021-10-22 06:00:00,2.9000000953674316,360f1bcc-aa60-4052-a18a-b33da5745ff4,47.3595055,-121.5711045
2021-10-23 06:00:00,2.9088035057752557,360f1bcc-aa60-4052-a18a-b33da5745ff4,47.3595055,-121.5711045
2021-10-24 06:00:00,8.655982715248042,360f1bcc-aa60-4052-a18a-b33da5745ff4,47.3595055,-121.5711045
2021-10-25 06:00:00,5.126410177834014,360f1bcc-aa60-4052-a18a-b33da5745ff4,47.3595055,-121.5711045
2021-10-26 06:00:00,4.417606916183081,360f1bcc-aa60-4052-a18a-b33da5745ff4,47.3595055,-121.5711045
2021-10-27 06:00:00,4.391196684959608,360f1bcc-aa60-4052-a18a-b33da5745ff4,47.3595055,-121.5711045
2021-10-28 06:00:00,4.408803505775256,360f1bcc-aa60-4052-a18a-b33da5745ff4,47.3595055,-121.5711045
2021-10-29 06:00:00,4.564786221023299,360f1bcc-aa60-4052-a18a-b33da5745ff4,47.3595055,-121.5711045
2021-10-30 06:00:00,8.729572823516326,360f1bcc-aa60-4052-a18a-b33da5745ff4,47.3595055,-121.5711045
2021-10-31 06:00:00,8.520769561865391,360f1bcc-aa60-4052-a18a-b33da5745ff4,47.3595055,-121.5711045
2021-11-01 06:00:00,7.538375989799826,360f1bcc-aa60-4052-a18a-b33da5745ff4,47.3595055,-121.5711045
2021-11-02 06:00:00,4.973589726798554,360f1bcc-aa60-4052-a18a-b33da5745ff4,47.3595055,-121.5711045
2021-11-03 06:00:00,6.755983096717769,360f1bcc-aa60-4052-a18a-b33da5745ff4,47.3595055,-121.5711045
2021-11-04 06:00:00,6.099999904632568,360f1bcc-aa60-4052-a18a-b33da5745ff4,47.3595055,-121.5711045
2021-11-05 06:00:00,2.808803383713095,360f1bcc-aa60-4052-a18a-b33da5745ff4,47.3595055,-121.5711045
2021-11-06 06:00:00,3.717606889488351,360f1bcc-aa60-4052-a18a-b33da5745ff4,47.3595055,-121.5711045
2021-11-07 06:00:00,3.3264102045287434,360f1bcc-aa60-4052-a18a-b33da5745ff4,47.3595055,-121.5711045
2021-11-08 06:00:00,6.755983096717769,360f1bcc-aa60-4052-a18a-b33da5745ff4,47.3595055,-121.5711045
2021-11-09 06:00:00,8.291196738349067,360f1bcc-aa60-4052-a18a-b33da5745ff4,47.3595055,-121.5711045
2021-11-10 06:00:00,3.482393158195365,360f1bcc-aa60-4052-a18a-b33da5745ff4,47.3595055,-121.5711045
2021-11-11 06:00:00,3.2911965419084597,360f1bcc-aa60-4052-a18a-b33da5745ff4,47.3595055,-121.5711045
2021-11-12 06:00:00,3.0,360f1bcc-aa60-4052-a18a-b33da5745ff4,47.3595055,-121.5711045
2021-11-13 06:00:00,2.982393158195365,360f1bcc-aa60-4052-a18a-b33da5745ff4,47.3595055,-121.5711045
2021-11-14 06:00:00,5.800000190734863,360f1bcc-aa60-4052-a18a-b33da5745ff4,47.3595055,-121.5711045
2021-11-15 06:00:00,7.717606672058759,360f1bcc-aa60-4052-a18a-b33da5745ff4,47.3595055,-121.5711045
2021-11-16 06:00:00,4.773589917533418,360f1bcc-aa60-4052-a18a-b33da5745ff4,47.3595055,-121.5711045
2021-11-17 06:00:00,8.029573014251188,360f1bcc-aa60-4052-a18a-b33da5745ff4,47.3595055,-121.5711045
2021-11-18 06:00:00,6.738376233924149,360f1bcc-aa60-4052-a18a-b33da5745ff4,47.3595055,-121.5711045
2021-11-19 06:00:00,3.9735897477875413,360f1bcc-aa60-4052-a18a-b33da5745ff4,47.3595055,-121.5711045
2021-11-20 06:00:00,2.973589747787541,360f1bcc-aa60-4052-a18a-b33da5745ff4,47.3595055,-121.5711045
2021-11-21 06:00:00,3.3647864117581627,360f1bcc-aa60-4052-a18a-b33da5745ff4,47.3595055,-121.5711045
2021-11-22 06:00:00,2.9088035057752557,360f1bcc-aa60-4052-a18a-b33da5745ff4,47.3595055,-121.5711045
2021-11-23 06:00:00,4.782393327941243,360f1bcc-aa60-4052-a18a-b33da5745ff4,47.3595055,-121.5711045
2021-11-24 06:00:00,3.773589700103826,360f1bcc-aa60-4052-a18a-b33da5745ff4,47.3595055,-121.5711045
2021-11-25 06:00:00,2.91760691618308,360f1bcc-aa60-4052-a18a-b33da5745ff4,47.3595055,-121.5711045
2021-11-26 06:00:00,3.482393158195365,360f1bcc-aa60-4052-a18a-b33da5745ff4,47.3595055,-121.5711045
2021-11-27 06:00:00,3.200000047683716,360f1bcc-aa60-4052-a18a-b33da5745ff4,47.3595055,-121.5711045
2021-11-28 06:00:00,3.9176069161830807,360f1bcc-aa60-4052-a18a-b33da5745ff4,47.3595055,-121.5711045
2021-11-29 06:00:00,2.491196589592176,360f1bcc-aa60-4052-a18a-b33da5745ff4,47.3595055,-121.5711045
2021-11-30 06:00:00,5.0,360f1bcc-aa60-4052-a18a-b33da5745ff4,47.3595055,-121.5711045
2021-12-01 06:00:00,3.8176067941209193,360f1bcc-aa60-4052-a18a-b33da5745ff4,47.3595055,-121.5711045
2021-12-02 06:00:00,4.873589822165986,360f1bcc-aa60-4052-a18a-b33da5745ff4,47.3595055,-121.5711045
2021-12-03 06:00:00,3.873589822165987,360f1bcc-aa60-4052-a18a-b33da5745ff4,47.3595055,-121.5711045
2021-12-04 06:00:00,5.347179590942513,360f1bcc-aa60-4052-a18a-b33da5745ff4,47.3595055,-121.5711045
2021-12-05 06:00:00,3.373589822165987,360f1bcc-aa60-4052-a18a-b33da5745ff4,47.3595055,-121.5711045
2021-12-06 06:00:00,2.4823931581953653,360f1bcc-aa60-4052-a18a-b33da5745ff4,47.3595055,-121.5711045
2021-12-07 06:00:00,2.982393158195365,360f1bcc-aa60-4052-a18a-b33da5745ff4,47.3595055,-121.5711045
2021-12-08 06:00:00,6.373589822165988,360f1bcc-aa60-4052-a18a-b33da5745ff4,47.3595055,-121.5711045
2021-12-09 06:00:00,4.982393179184352,360f1bcc-aa60-4052-a18a-b33da5745ff4,47.3595055,-121.5711045
2021-12-10 06:00:00,4.208803261650933,360f1bcc-aa60-4052-a18a-b33da5745ff4,47.3595055,-121.5711045
2021-12-11 06:00:00,6.908803505775256,360f1bcc-aa60-4052-a18a-b33da5745ff4,47.3595055,-121.5711045
2021-12-12 06:00:00,3.2088034580915403,360f1bcc-aa60-4052-a18a-b33da5745ff4,47.3595055,-121.5711045
2021-12-13 06:00:00,5.955982905982906,360f1bcc-aa60-4052-a18a-b33da5745ff4,47.3595055,-121.5711045
2021-12-14 06:00:00,3.108803336029379,360f1bcc-aa60-4052-a18a-b33da5745ff4,47.3595055,-121.5711045
2021-12-15 06:00:00,6.764786507125594,360f1bcc-aa60-4052-a18a-b33da5745ff4,47.3595055,-121.5711045
2021-12-16 06:00:00,4.655982715248043,360f1bcc-aa60-4052-a18a-b33da5745ff4,47.3595055,-121.5711045
2021-12-17 06:00:00,2.882393253562797,360f1bcc-aa60-4052-a18a-b33da5745ff4,47.3595055,-121.5711045
2021-12-18 06:00:00,5.11760676742619,360f1bcc-aa60-4052-a18a-b33da5745ff4,47.3595055,-121.5711045
2021-12-19 06:00:00,3.482393158195365,360f1bcc-aa60-4052-a18a-b33da5745ff4,47.3595055,-121.5711045
2021-12-20 06:00:00,4.364786411758163,360f1bcc-aa60-4052-a18a-b33da5745ff4,47.3595055,-121.5711045
2021-12-21 06:00:00,2.3823932535627974,360f1bcc-aa60-4052-a18a-b33da5745ff4,47.3595055,-121.5711045
2021-12-22 06:00:00,3.5176068418046347,360f1bcc-aa60-4052-a18a-b33da5745ff4,47.3595055,-121.5711045
2021-12-23 06:00:00,5.699999809265137,360f1bcc-aa60-4052-a18a-b33da5745ff4,47.3595055,-121.5711045
2021-12-24 06:00:00,2.9264103475798913,360f1bcc-aa60-4052-a18a-b33da5745ff4,47.3595055,-121.5711045
2021-12-25 06:00:00,3.226410299896176,360f1bcc-aa60-4052-a18a-b33da5745ff4,47.3595055,-121.5711045
2021-12-26 06:00:00,2.2088034580915403,360f1bcc-aa60-4052-a18a-b33da5745ff4,47.3595055,-121.5711045
2021-12-27 06:00:00,3.0823930838169202,360f1bcc-aa60-4052-a18a-b33da5745ff4,47.3595055,-121.5711045
2021-12-28 06:00:00,2.4823931581953653,360f1bcc-aa60-4052-a18a-b33da5745ff4,47.3595055,-121.5711045
2021-12-29 06:00:00,3.5735896524201087,360f1bcc-aa60-4052-a18a-b33da5745ff4,47.3595055,-121.5711045
2021-12-30 06:00:00,4.464786316390731,360f1bcc-aa60-4052-a18a-b33da5745ff4,47.3595055,-121.5711045
