date,mod10a1_ndsi,cell_id,latitude,longitude
2013-01-01,1383.9223550497184,0b21e6c4-230b-4a54-be50-a258347ccdf1,47.7052195,-123.9606225
2013-01-02,1062.7205891718297,0b21e6c4-230b-4a54-be50-a258347ccdf1,47.7052195,-123.9606225
2013-01-03,2638.134032952135,0b21e6c4-230b-4a54-be50-a258347ccdf1,47.7052195,-123.9606225
2013-01-04,1777.5521347926149,0b21e6c4-230b-4a54-be50-a258347ccdf1,47.7052195,-123.9606225
2013-01-05,3916.134351374216,0b21e6c4-230b-4a54-be50-a258347ccdf1,47.7052195,-123.9606225
2013-01-06,2580.731037965009,0b21e6c4-230b-4a54-be50-a258347ccdf1,47.7052195,-123.9606225
2013-01-07,3202.083017185693,0b21e6c4-230b-4a54-be50-a258347ccdf1,47.7052195,-123.9606225
2013-01-08,3494.7619931402755,0b21e6c4-230b-4a54-be50-a258347ccdf1,47.7052195,-123.9606225
2013-01-09,4053.8276108336227,0b21e6c4-230b-4a54-be50-a258347ccdf1,47.7052195,-123.9606225
2013-01-10,305.56101876870724,0b21e6c4-230b-4a54-be50-a258347ccdf1,47.7052195,-123.9606225
2013-01-11,5406.617097446251,0b21e6c4-230b-4a54-be50-a258347ccdf1,47.7052195,-123.9606225
2013-01-12,2720.942215489868,0b21e6c4-230b-4a54-be50-a258347ccdf1,47.7052195,-123.9606225
2013-01-13,1424.1766833155916,0b21e6c4-230b-4a54-be50-a258347ccdf1,47.7052195,-123.9606225
2013-01-14,1762.0964818908797,0b21e6c4-230b-4a54-be50-a258347ccdf1,47.7052195,-123.9606225
2013-01-15,1665.115123229345,0b21e6c4-230b-4a54-be50-a258347ccdf1,47.7052195,-123.9606225
2013-01-16,2366.3764795254583,0b21e6c4-230b-4a54-be50-a258347ccdf1,47.7052195,-123.9606225
2013-01-17,1924.4304020306217,0b21e6c4-230b-4a54-be50-a258347ccdf1,47.7052195,-123.9606225
2013-01-18,1183.5778860412863,0b21e6c4-230b-4a54-be50-a258347ccdf1,47.7052195,-123.9606225
2013-01-19,2036.9563898214099,0b21e6c4-230b-4a54-be50-a258347ccdf1,47.7052195,-123.9606225
2013-01-20,937.9025946850801,0b21e6c4-230b-4a54-be50-a258347ccdf1,47.7052195,-123.9606225
2013-01-21,916.5557056688218,0b21e6c4-230b-4a54-be50-a258347ccdf1,47.7052195,-123.9606225
2013-01-22,-96.41975763530657,0b21e6c4-230b-4a54-be50-a258347ccdf1,47.7052195,-123.9606225
2013-01-23,4953.635943484627,0b21e6c4-230b-4a54-be50-a258347ccdf1,47.7052195,-123.9606225
2013-01-24,3641.5991884785785,0b21e6c4-230b-4a54-be50-a258347ccdf1,47.7052195,-123.9606225
2013-01-25,1582.1783072682094,0b21e6c4-230b-4a54-be50-a258347ccdf1,47.7052195,-123.9606225
2013-01-26,4684.558143872193,0b21e6c4-230b-4a54-be50-a258347ccdf1,47.7052195,-123.9606225
2013-01-27,4629.285374418879,0b21e6c4-230b-4a54-be50-a258347ccdf1,47.7052195,-123.9606225
2013-01-28,3934.6413703066846,0b21e6c4-230b-4a54-be50-a258347ccdf1,47.7052195,-123.9606225
2013-01-29,637.546953610451,0b21e6c4-230b-4a54-be50-a258347ccdf1,47.7052195,-123.9606225
2013-01-30,4651.016999190295,0b21e6c4-230b-4a54-be50-a258347ccdf1,47.7052195,-123.9606225
2013-01-31,1876.4695724956089,0b21e6c4-230b-4a54-be50-a258347ccdf1,47.7052195,-123.9606225
2013-02-01,1391.7580583531203,0b21e6c4-230b-4a54-be50-a258347ccdf1,47.7052195,-123.9606225
2013-02-02,1734.3016139450676,0b21e6c4-230b-4a54-be50-a258347ccdf1,47.7052195,-123.9606225
2013-02-03,3597.4998271422974,0b21e6c4-230b-4a54-be50-a258347ccdf1,47.7052195,-123.9606225
2013-02-04,114.96810775403257,0b21e6c4-230b-4a54-be50-a258347ccdf1,47.7052195,-123.9606225
2013-02-05,3000.531446455049,0b21e6c4-230b-4a54-be50-a258347ccdf1,47.7052195,-123.9606225
2013-02-06,5002.902144345275,0b21e6c4-230b-4a54-be50-a258347ccdf1,47.7052195,-123.9606225
2013-02-07,545.7163359625897,0b21e6c4-230b-4a54-be50-a258347ccdf1,47.7052195,-123.9606225
2013-02-08,2417.6912352047443,0b21e6c4-230b-4a54-be50-a258347ccdf1,47.7052195,-123.9606225
2013-02-09,190.51952837140755,0b21e6c4-230b-4a54-be50-a258347ccdf1,47.7052195,-123.9606225
2013-02-10,1069.2754669432386,0b21e6c4-230b-4a54-be50-a258347ccdf1,47.7052195,-123.9606225
2013-02-11,1739.3339064930797,0b21e6c4-230b-4a54-be50-a258347ccdf1,47.7052195,-123.9606225
2013-02-12,3973.717978110751,0b21e6c4-230b-4a54-be50-a258347ccdf1,47.7052195,-123.9606225
2013-02-13,1640.6785165170077,0b21e6c4-230b-4a54-be50-a258347ccdf1,47.7052195,-123.9606225
2013-02-14,515.8178398245947,0b21e6c4-230b-4a54-be50-a258347ccdf1,47.7052195,-123.9606225
2013-02-15,2205.348754059879,0b21e6c4-230b-4a54-be50-a258347ccdf1,47.7052195,-123.9606225
2013-02-16,627.8435546821684,0b21e6c4-230b-4a54-be50-a258347ccdf1,47.7052195,-123.9606225
2013-02-17,1349.977319249978,0b21e6c4-230b-4a54-be50-a258347ccdf1,47.7052195,-123.9606225
2013-02-18,2076.408303538123,0b21e6c4-230b-4a54-be50-a258347ccdf1,47.7052195,-123.9606225
2013-02-19,1506.0035890717538,0b21e6c4-230b-4a54-be50-a258347ccdf1,47.7052195,-123.9606225
2013-02-20,4784.461384499211,0b21e6c4-230b-4a54-be50-a258347ccdf1,47.7052195,-123.9606225
2013-02-21,4584.739380623558,0b21e6c4-230b-4a54-be50-a258347ccdf1,47.7052195,-123.9606225
2013-02-22,5336.748519337315,0b21e6c4-230b-4a54-be50-a258347ccdf1,47.7052195,-123.9606225
2013-02-23,1841.5915645441555,0b21e6c4-230b-4a54-be50-a258347ccdf1,47.7052195,-123.9606225
2013-02-24,4039.3762293366804,0b21e6c4-230b-4a54-be50-a258347ccdf1,47.7052195,-123.9606225
2013-02-25,1991.7935942574852,0b21e6c4-230b-4a54-be50-a258347ccdf1,47.7052195,-123.9606225
2013-02-26,2295.067655594675,0b21e6c4-230b-4a54-be50-a258347ccdf1,47.7052195,-123.9606225
2013-02-27,1194.9404323262083,0b21e6c4-230b-4a54-be50-a258347ccdf1,47.7052195,-123.9606225
2013-02-28,5533.239803670038,0b21e6c4-230b-4a54-be50-a258347ccdf1,47.7052195,-123.9606225
2013-03-01,5100.590864015572,0b21e6c4-230b-4a54-be50-a258347ccdf1,47.7052195,-123.9606225
2013-03-02,4873.094648689464,0b21e6c4-230b-4a54-be50-a258347ccdf1,47.7052195,-123.9606225
2013-03-03,2123.781817189332,0b21e6c4-230b-4a54-be50-a258347ccdf1,47.7052195,-123.9606225
2013-03-04,1669.9022808118837,0b21e6c4-230b-4a54-be50-a258347ccdf1,47.7052195,-123.9606225
2013-03-05,3936.7399446855325,0b21e6c4-230b-4a54-be50-a258347ccdf1,47.7052195,-123.9606225
2013-03-06,4118.7583676774275,0b21e6c4-230b-4a54-be50-a258347ccdf1,47.7052195,-123.9606225
2013-03-07,2041.9264399501426,0b21e6c4-230b-4a54-be50-a258347ccdf1,47.7052195,-123.9606225
2013-03-08,1180.2115641802445,0b21e6c4-230b-4a54-be50-a258347ccdf1,47.7052195,-123.9606225
2013-03-09,299.4534876315764,0b21e6c4-230b-4a54-be50-a258347ccdf1,47.7052195,-123.9606225
2013-03-10,2353.1537159856953,0b21e6c4-230b-4a54-be50-a258347ccdf1,47.7052195,-123.9606225
2013-03-11,2443.475895448382,0b21e6c4-230b-4a54-be50-a258347ccdf1,47.7052195,-123.9606225
2013-03-12,5561.968676364891,0b21e6c4-230b-4a54-be50-a258347ccdf1,47.7052195,-123.9606225
2013-03-13,4681.393342249152,0b21e6c4-230b-4a54-be50-a258347ccdf1,47.7052195,-123.9606225
2013-03-14,5341.4174013118945,0b21e6c4-230b-4a54-be50-a258347ccdf1,47.7052195,-123.9606225
2013-03-15,1626.957472456488,0b21e6c4-230b-4a54-be50-a258347ccdf1,47.7052195,-123.9606225
2013-03-16,5304.309997543601,0b21e6c4-230b-4a54-be50-a258347ccdf1,47.7052195,-123.9606225
2013-03-17,2579.034052967237,0b21e6c4-230b-4a54-be50-a258347ccdf1,47.7052195,-123.9606225
2013-03-18,465.3474303337969,0b21e6c4-230b-4a54-be50-a258347ccdf1,47.7052195,-123.9606225
2013-03-19,4042.5020924879664,0b21e6c4-230b-4a54-be50-a258347ccdf1,47.7052195,-123.9606225
2013-03-20,4045.3614090631972,0b21e6c4-230b-4a54-be50-a258347ccdf1,47.7052195,-123.9606225
2013-03-21,1865.9261215280599,0b21e6c4-230b-4a54-be50-a258347ccdf1,47.7052195,-123.9606225
2013-03-22,1826.824635861603,0b21e6c4-230b-4a54-be50-a258347ccdf1,47.7052195,-123.9606225
2013-03-23,2776.219356423483,0b21e6c4-230b-4a54-be50-a258347ccdf1,47.7052195,-123.9606225
2013-03-24,3791.4262625435535,0b21e6c4-230b-4a54-be50-a258347ccdf1,47.7052195,-123.9606225
2013-03-25,2360.2709044096896,0b21e6c4-230b-4a54-be50-a258347ccdf1,47.7052195,-123.9606225
2013-03-26,947.4487385936659,0b21e6c4-230b-4a54-be50-a258347ccdf1,47.7052195,-123.9606225
2013-03-27,879.7105543273556,0b21e6c4-230b-4a54-be50-a258347ccdf1,47.7052195,-123.9606225
2013-03-28,3608.681514233466,0b21e6c4-230b-4a54-be50-a258347ccdf1,47.7052195,-123.9606225
2013-03-29,1239.5588398518873,0b21e6c4-230b-4a54-be50-a258347ccdf1,47.7052195,-123.9606225
2013-03-30,-579.4406188305718,0b21e6c4-230b-4a54-be50-a258347ccdf1,47.7052195,-123.9606225
2013-03-31,306.5092296914941,0b21e6c4-230b-4a54-be50-a258347ccdf1,47.7052195,-123.9606225
2013-04-01,253.25773083326516,0b21e6c4-230b-4a54-be50-a258347ccdf1,47.7052195,-123.9606225
2013-04-02,521.3110210431504,0b21e6c4-230b-4a54-be50-a258347ccdf1,47.7052195,-123.9606225
2013-04-03,202.27691803815577,0b21e6c4-230b-4a54-be50-a258347ccdf1,47.7052195,-123.9606225
2013-04-04,5273.170374009478,0b21e6c4-230b-4a54-be50-a258347ccdf1,47.7052195,-123.9606225
2013-04-05,2255.3308132499974,0b21e6c4-230b-4a54-be50-a258347ccdf1,47.7052195,-123.9606225
2013-04-06,1371.9694496756633,0b21e6c4-230b-4a54-be50-a258347ccdf1,47.7052195,-123.9606225
2013-04-07,3208.274261488212,0b21e6c4-230b-4a54-be50-a258347ccdf1,47.7052195,-123.9606225
2013-04-08,756.9232693759842,0b21e6c4-230b-4a54-be50-a258347ccdf1,47.7052195,-123.9606225
2013-04-09,2576.433859184655,0b21e6c4-230b-4a54-be50-a258347ccdf1,47.7052195,-123.9606225
2013-04-10,2079.1884467370837,0b21e6c4-230b-4a54-be50-a258347ccdf1,47.7052195,-123.9606225
2013-04-11,3112.582398537074,0b21e6c4-230b-4a54-be50-a258347ccdf1,47.7052195,-123.9606225
2013-04-12,5023.935178361851,0b21e6c4-230b-4a54-be50-a258347ccdf1,47.7052195,-123.9606225
2013-04-13,6781.188355759344,0b21e6c4-230b-4a54-be50-a258347ccdf1,47.7052195,-123.9606225
2013-04-14,4586.879604610749,0b21e6c4-230b-4a54-be50-a258347ccdf1,47.7052195,-123.9606225
2013-04-15,694.875829034635,0b21e6c4-230b-4a54-be50-a258347ccdf1,47.7052195,-123.9606225
2013-04-16,2191.8282658733388,0b21e6c4-230b-4a54-be50-a258347ccdf1,47.7052195,-123.9606225
2013-04-17,-105.08938107845002,0b21e6c4-230b-4a54-be50-a258347ccdf1,47.7052195,-123.9606225
2013-04-18,4332.946168472574,0b21e6c4-230b-4a54-be50-a258347ccdf1,47.7052195,-123.9606225
2013-04-19,1776.8257639855526,0b21e6c4-230b-4a54-be50-a258347ccdf1,47.7052195,-123.9606225
2013-04-20,1110.8115851051236,0b21e6c4-230b-4a54-be50-a258347ccdf1,47.7052195,-123.9606225
2013-04-21,3153.35701028958,0b21e6c4-230b-4a54-be50-a258347ccdf1,47.7052195,-123.9606225
2013-04-22,-717.1604346916307,0b21e6c4-230b-4a54-be50-a258347ccdf1,47.7052195,-123.9606225
2013-04-23,-275.96385909367956,0b21e6c4-230b-4a54-be50-a258347ccdf1,47.7052195,-123.9606225
2013-04-24,-899.06473975818,0b21e6c4-230b-4a54-be50-a258347ccdf1,47.7052195,-123.9606225
2013-04-25,591.7197430788681,0b21e6c4-230b-4a54-be50-a258347ccdf1,47.7052195,-123.9606225
2013-04-26,-69.37205345851862,0b21e6c4-230b-4a54-be50-a258347ccdf1,47.7052195,-123.9606225
2013-04-27,6692.103669132161,0b21e6c4-230b-4a54-be50-a258347ccdf1,47.7052195,-123.9606225
2013-04-28,973.0335161985862,0b21e6c4-230b-4a54-be50-a258347ccdf1,47.7052195,-123.9606225
2013-04-29,-266.5685016876369,0b21e6c4-230b-4a54-be50-a258347ccdf1,47.7052195,-123.9606225
2013-04-30,681.3570694251117,0b21e6c4-230b-4a54-be50-a258347ccdf1,47.7052195,-123.9606225
2013-05-01,44.888347571349286,0b21e6c4-230b-4a54-be50-a258347ccdf1,47.7052195,-123.9606225
2013-05-02,3731.495742241873,0b21e6c4-230b-4a54-be50-a258347ccdf1,47.7052195,-123.9606225
2013-05-03,-909.1491307077146,0b21e6c4-230b-4a54-be50-a258347ccdf1,47.7052195,-123.9606225
2013-05-04,-608.9205400438511,0b21e6c4-230b-4a54-be50-a258347ccdf1,47.7052195,-123.9606225
2013-05-05,-625.2149849431837,0b21e6c4-230b-4a54-be50-a258347ccdf1,47.7052195,-123.9606225
2013-05-06,-1050.4347462176,0b21e6c4-230b-4a54-be50-a258347ccdf1,47.7052195,-123.9606225
2013-05-07,1390.4749356332502,0b21e6c4-230b-4a54-be50-a258347ccdf1,47.7052195,-123.9606225
2013-05-08,-984.8848130862374,0b21e6c4-230b-4a54-be50-a258347ccdf1,47.7052195,-123.9606225
2013-05-09,166.38916182210187,0b21e6c4-230b-4a54-be50-a258347ccdf1,47.7052195,-123.9606225
2013-05-10,-1311.4881365029964,0b21e6c4-230b-4a54-be50-a258347ccdf1,47.7052195,-123.9606225
2013-05-11,-72.05846684316344,0b21e6c4-230b-4a54-be50-a258347ccdf1,47.7052195,-123.9606225
2013-05-12,3637.816347789694,0b21e6c4-230b-4a54-be50-a258347ccdf1,47.7052195,-123.9606225
2013-05-13,5999.431635708218,0b21e6c4-230b-4a54-be50-a258347ccdf1,47.7052195,-123.9606225
2013-05-14,1519.4558848949653,0b21e6c4-230b-4a54-be50-a258347ccdf1,47.7052195,-123.9606225
2013-05-15,6373.366349154357,0b21e6c4-230b-4a54-be50-a258347ccdf1,47.7052195,-123.9606225
2013-05-16,5448.894247477641,0b21e6c4-230b-4a54-be50-a258347ccdf1,47.7052195,-123.9606225
2013-05-17,2703.243743006085,0b21e6c4-230b-4a54-be50-a258347ccdf1,47.7052195,-123.9606225
2013-05-18,2762.132613699426,0b21e6c4-230b-4a54-be50-a258347ccdf1,47.7052195,-123.9606225
2013-05-19,670.2357961006937,0b21e6c4-230b-4a54-be50-a258347ccdf1,47.7052195,-123.9606225
2013-05-20,-615.8004767233452,0b21e6c4-230b-4a54-be50-a258347ccdf1,47.7052195,-123.9606225
2013-05-21,2029.7106453050928,0b21e6c4-230b-4a54-be50-a258347ccdf1,47.7052195,-123.9606225
2013-05-22,3275.056665483955,0b21e6c4-230b-4a54-be50-a258347ccdf1,47.7052195,-123.9606225
2013-05-23,597.8435819754905,0b21e6c4-230b-4a54-be50-a258347ccdf1,47.7052195,-123.9606225
2013-05-24,2686.767210713536,0b21e6c4-230b-4a54-be50-a258347ccdf1,47.7052195,-123.9606225
2013-05-25,1272.5286443407285,0b21e6c4-230b-4a54-be50-a258347ccdf1,47.7052195,-123.9606225
2013-05-26,2718.741259313843,0b21e6c4-230b-4a54-be50-a258347ccdf1,47.7052195,-123.9606225
2013-05-27,5119.153488541348,0b21e6c4-230b-4a54-be50-a258347ccdf1,47.7052195,-123.9606225
2013-05-28,972.5868882884354,0b21e6c4-230b-4a54-be50-a258347ccdf1,47.7052195,-123.9606225
2013-05-29,1997.723336699509,0b21e6c4-230b-4a54-be50-a258347ccdf1,47.7052195,-123.9606225
2013-05-30,3637.825422819036,0b21e6c4-230b-4a54-be50-a258347ccdf1,47.7052195,-123.9606225
2013-05-31,1856.0865425730321,0b21e6c4-230b-4a54-be50-a258347ccdf1,47.7052195,-123.9606225
2013-06-01,1540.052398628055,0b21e6c4-230b-4a54-be50-a258347ccdf1,47.7052195,-123.9606225
2013-06-02,1106.5995978783988,0b21e6c4-230b-4a54-be50-a258347ccdf1,47.7052195,-123.9606225
2013-06-03,-482.93271741404885,0b21e6c4-230b-4a54-be50-a258347ccdf1,47.7052195,-123.9606225
2013-06-04,-1738.958914453632,0b21e6c4-230b-4a54-be50-a258347ccdf1,47.7052195,-123.9606225
2013-06-05,-573.478360945076,0b21e6c4-230b-4a54-be50-a258347ccdf1,47.7052195,-123.9606225
2013-06-06,-1315.262639082215,0b21e6c4-230b-4a54-be50-a258347ccdf1,47.7052195,-123.9606225
2013-06-07,1448.4481563361435,0b21e6c4-230b-4a54-be50-a258347ccdf1,47.7052195,-123.9606225
2013-06-08,194.4956603619093,0b21e6c4-230b-4a54-be50-a258347ccdf1,47.7052195,-123.9606225
2013-06-09,-1365.373404477923,0b21e6c4-230b-4a54-be50-a258347ccdf1,47.7052195,-123.9606225
2013-06-10,-580.3847675973686,0b21e6c4-230b-4a54-be50-a258347ccdf1,47.7052195,-123.9606225
2013-06-11,390.89942865980663,0b21e6c4-230b-4a54-be50-a258347ccdf1,47.7052195,-123.9606225
2013-06-12,1431.4078259049988,0b21e6c4-230b-4a54-be50-a258347ccdf1,47.7052195,-123.9606225
2013-06-13,2337.782581402329,0b21e6c4-230b-4a54-be50-a258347ccdf1,47.7052195,-123.9606225
2013-06-14,306.45506154643937,0b21e6c4-230b-4a54-be50-a258347ccdf1,47.7052195,-123.9606225
2013-06-15,2703.8284705732494,0b21e6c4-230b-4a54-be50-a258347ccdf1,47.7052195,-123.9606225
2013-06-16,1729.9120882120133,0b21e6c4-230b-4a54-be50-a258347ccdf1,47.7052195,-123.9606225
2013-06-17,70.63733544401678,0b21e6c4-230b-4a54-be50-a258347ccdf1,47.7052195,-123.9606225
2013-06-18,-503.25495146337647,0b21e6c4-230b-4a54-be50-a258347ccdf1,47.7052195,-123.9606225
2013-06-19,834.059467598278,0b21e6c4-230b-4a54-be50-a258347ccdf1,47.7052195,-123.9606225
2013-06-20,2056.6761692913747,0b21e6c4-230b-4a54-be50-a258347ccdf1,47.7052195,-123.9606225
2013-06-21,1104.619672116232,0b21e6c4-230b-4a54-be50-a258347ccdf1,47.7052195,-123.9606225
2013-06-22,-334.8875651628045,0b21e6c4-230b-4a54-be50-a258347ccdf1,47.7052195,-123.9606225
2013-06-23,4188.330594903426,0b21e6c4-230b-4a54-be50-a258347ccdf1,47.7052195,-123.9606225
2013-06-24,3512.4686900115516,0b21e6c4-230b-4a54-be50-a258347ccdf1,47.7052195,-123.9606225
2013-06-25,3678.6121209639955,0b21e6c4-230b-4a54-be50-a258347ccdf1,47.7052195,-123.9606225
2013-06-26,3588.8616501542033,0b21e6c4-230b-4a54-be50-a258347ccdf1,47.7052195,-123.9606225
2013-06-27,3868.362750984832,0b21e6c4-230b-4a54-be50-a258347ccdf1,47.7052195,-123.9606225
2013-06-28,362.1392823676044,0b21e6c4-230b-4a54-be50-a258347ccdf1,47.7052195,-123.9606225
2013-06-29,262.7443753013636,0b21e6c4-230b-4a54-be50-a258347ccdf1,47.7052195,-123.9606225
2013-06-30,-1064.2226043287199,0b21e6c4-230b-4a54-be50-a258347ccdf1,47.7052195,-123.9606225
2013-07-01,1871.0693295850506,0b21e6c4-230b-4a54-be50-a258347ccdf1,47.7052195,-123.9606225
2013-07-02,-1581.0930019924122,0b21e6c4-230b-4a54-be50-a258347ccdf1,47.7052195,-123.9606225
2013-07-03,560.7900734190341,0b21e6c4-230b-4a54-be50-a258347ccdf1,47.7052195,-123.9606225
2013-07-04,-986.9940728003855,0b21e6c4-230b-4a54-be50-a258347ccdf1,47.7052195,-123.9606225
2013-07-05,-95.34684807627569,0b21e6c4-230b-4a54-be50-a258347ccdf1,47.7052195,-123.9606225
2013-07-06,-827.2779369888185,0b21e6c4-230b-4a54-be50-a258347ccdf1,47.7052195,-123.9606225
2013-07-07,-360.33638108754764,0b21e6c4-230b-4a54-be50-a258347ccdf1,47.7052195,-123.9606225
2013-07-08,-234.37537869483324,0b21e6c4-230b-4a54-be50-a258347ccdf1,47.7052195,-123.9606225
2013-07-09,-1153.9123656941144,0b21e6c4-230b-4a54-be50-a258347ccdf1,47.7052195,-123.9606225
2013-07-10,755.292552562388,0b21e6c4-230b-4a54-be50-a258347ccdf1,47.7052195,-123.9606225
2013-07-11,-906.6595613053481,0b21e6c4-230b-4a54-be50-a258347ccdf1,47.7052195,-123.9606225
2013-07-12,3768.0118043614684,0b21e6c4-230b-4a54-be50-a258347ccdf1,47.7052195,-123.9606225
2013-07-13,-1410.9552662463486,0b21e6c4-230b-4a54-be50-a258347ccdf1,47.7052195,-123.9606225
2013-07-14,-480.3121946559674,0b21e6c4-230b-4a54-be50-a258347ccdf1,47.7052195,-123.9606225
2013-07-15,-1114.02468226025,0b21e6c4-230b-4a54-be50-a258347ccdf1,47.7052195,-123.9606225
2013-07-16,2866.3820928518776,0b21e6c4-230b-4a54-be50-a258347ccdf1,47.7052195,-123.9606225
2013-07-17,1262.88719215408,0b21e6c4-230b-4a54-be50-a258347ccdf1,47.7052195,-123.9606225
2013-07-18,-1225.6496265363858,0b21e6c4-230b-4a54-be50-a258347ccdf1,47.7052195,-123.9606225
2013-07-19,704.1844892054912,0b21e6c4-230b-4a54-be50-a258347ccdf1,47.7052195,-123.9606225
2013-07-20,-1546.5337709362502,0b21e6c4-230b-4a54-be50-a258347ccdf1,47.7052195,-123.9606225
2013-07-21,197.95750429869807,0b21e6c4-230b-4a54-be50-a258347ccdf1,47.7052195,-123.9606225
2013-07-22,-1094.3733999290366,0b21e6c4-230b-4a54-be50-a258347ccdf1,47.7052195,-123.9606225
2013-07-23,-798.2437884949546,0b21e6c4-230b-4a54-be50-a258347ccdf1,47.7052195,-123.9606225
2013-07-24,-942.9663609814671,0b21e6c4-230b-4a54-be50-a258347ccdf1,47.7052195,-123.9606225
2013-07-25,-1427.5691521784613,0b21e6c4-230b-4a54-be50-a258347ccdf1,47.7052195,-123.9606225
2013-07-26,381.8395698572558,0b21e6c4-230b-4a54-be50-a258347ccdf1,47.7052195,-123.9606225
2013-07-27,-1825.9665520347162,0b21e6c4-230b-4a54-be50-a258347ccdf1,47.7052195,-123.9606225
2013-07-28,599.9016257721731,0b21e6c4-230b-4a54-be50-a258347ccdf1,47.7052195,-123.9606225
2013-07-29,-1117.1363255911272,0b21e6c4-230b-4a54-be50-a258347ccdf1,47.7052195,-123.9606225
2013-07-30,519.3453332969412,0b21e6c4-230b-4a54-be50-a258347ccdf1,47.7052195,-123.9606225
2013-07-31,-301.3339519819499,0b21e6c4-230b-4a54-be50-a258347ccdf1,47.7052195,-123.9606225
2013-08-01,-206.97319795845945,0b21e6c4-230b-4a54-be50-a258347ccdf1,47.7052195,-123.9606225
2013-08-02,4412.8032242510235,0b21e6c4-230b-4a54-be50-a258347ccdf1,47.7052195,-123.9606225
2013-08-03,316.6349427295138,0b21e6c4-230b-4a54-be50-a258347ccdf1,47.7052195,-123.9606225
2013-08-04,601.4081352293094,0b21e6c4-230b-4a54-be50-a258347ccdf1,47.7052195,-123.9606225
2013-08-05,-1885.543951345105,0b21e6c4-230b-4a54-be50-a258347ccdf1,47.7052195,-123.9606225
2013-08-06,-361.2676428577926,0b21e6c4-230b-4a54-be50-a258347ccdf1,47.7052195,-123.9606225
2013-08-07,-991.6502178916808,0b21e6c4-230b-4a54-be50-a258347ccdf1,47.7052195,-123.9606225
2013-08-08,-207.17678793999096,0b21e6c4-230b-4a54-be50-a258347ccdf1,47.7052195,-123.9606225
2013-08-09,-586.7438521793715,0b21e6c4-230b-4a54-be50-a258347ccdf1,47.7052195,-123.9606225
2013-08-10,-956.1410700801514,0b21e6c4-230b-4a54-be50-a258347ccdf1,47.7052195,-123.9606225
2013-08-11,-747.6282831591102,0b21e6c4-230b-4a54-be50-a258347ccdf1,47.7052195,-123.9606225
2013-08-12,1418.0246731624761,0b21e6c4-230b-4a54-be50-a258347ccdf1,47.7052195,-123.9606225
2013-08-13,-1160.6204499758903,0b21e6c4-230b-4a54-be50-a258347ccdf1,47.7052195,-123.9606225
2013-08-14,1470.928000218345,0b21e6c4-230b-4a54-be50-a258347ccdf1,47.7052195,-123.9606225
2013-08-15,5591.846929956237,0b21e6c4-230b-4a54-be50-a258347ccdf1,47.7052195,-123.9606225
2013-08-16,-985.7384844928441,0b21e6c4-230b-4a54-be50-a258347ccdf1,47.7052195,-123.9606225
2013-08-17,1740.705737056142,0b21e6c4-230b-4a54-be50-a258347ccdf1,47.7052195,-123.9606225
2013-08-18,1621.5234358652438,0b21e6c4-230b-4a54-be50-a258347ccdf1,47.7052195,-123.9606225
2013-08-19,833.4105279438113,0b21e6c4-230b-4a54-be50-a258347ccdf1,47.7052195,-123.9606225
2013-08-20,280.82040084791225,0b21e6c4-230b-4a54-be50-a258347ccdf1,47.7052195,-123.9606225
2013-08-21,-1701.896954065338,0b21e6c4-230b-4a54-be50-a258347ccdf1,47.7052195,-123.9606225
2013-08-22,402.0338437184419,0b21e6c4-230b-4a54-be50-a258347ccdf1,47.7052195,-123.9606225
2013-08-23,883.7776413111706,0b21e6c4-230b-4a54-be50-a258347ccdf1,47.7052195,-123.9606225
2013-08-24,2982.953460338252,0b21e6c4-230b-4a54-be50-a258347ccdf1,47.7052195,-123.9606225
2013-08-25,-109.17480462530825,0b21e6c4-230b-4a54-be50-a258347ccdf1,47.7052195,-123.9606225
2013-08-26,823.8402067014197,0b21e6c4-230b-4a54-be50-a258347ccdf1,47.7052195,-123.9606225
2013-08-27,2242.844014119743,0b21e6c4-230b-4a54-be50-a258347ccdf1,47.7052195,-123.9606225
2013-08-28,3721.1092733608066,0b21e6c4-230b-4a54-be50-a258347ccdf1,47.7052195,-123.9606225
2013-08-29,6106.533584431883,0b21e6c4-230b-4a54-be50-a258347ccdf1,47.7052195,-123.9606225
2013-08-30,591.5268975681645,0b21e6c4-230b-4a54-be50-a258347ccdf1,47.7052195,-123.9606225
2013-08-31,-513.4913207238184,0b21e6c4-230b-4a54-be50-a258347ccdf1,47.7052195,-123.9606225
2013-09-01,391.25695752249436,0b21e6c4-230b-4a54-be50-a258347ccdf1,47.7052195,-123.9606225
2013-09-02,700.450153297488,0b21e6c4-230b-4a54-be50-a258347ccdf1,47.7052195,-123.9606225
2013-09-03,-124.74710463349619,0b21e6c4-230b-4a54-be50-a258347ccdf1,47.7052195,-123.9606225
2013-09-04,-175.09439850068682,0b21e6c4-230b-4a54-be50-a258347ccdf1,47.7052195,-123.9606225
2013-09-05,2127.491079632813,0b21e6c4-230b-4a54-be50-a258347ccdf1,47.7052195,-123.9606225
2013-09-06,-411.211318540353,0b21e6c4-230b-4a54-be50-a258347ccdf1,47.7052195,-123.9606225
2013-09-07,-201.64810265927912,0b21e6c4-230b-4a54-be50-a258347ccdf1,47.7052195,-123.9606225
2013-09-08,-966.5650081425072,0b21e6c4-230b-4a54-be50-a258347ccdf1,47.7052195,-123.9606225
2013-09-09,-377.10603000445764,0b21e6c4-230b-4a54-be50-a258347ccdf1,47.7052195,-123.9606225
2013-09-10,-733.4199213952342,0b21e6c4-230b-4a54-be50-a258347ccdf1,47.7052195,-123.9606225
2013-09-11,-1162.854403777395,0b21e6c4-230b-4a54-be50-a258347ccdf1,47.7052195,-123.9606225
2013-09-12,1612.3444189706777,0b21e6c4-230b-4a54-be50-a258347ccdf1,47.7052195,-123.9606225
2013-09-13,-487.0411674263307,0b21e6c4-230b-4a54-be50-a258347ccdf1,47.7052195,-123.9606225
2013-09-14,1293.823544128751,0b21e6c4-230b-4a54-be50-a258347ccdf1,47.7052195,-123.9606225
2013-09-15,3739.541467652865,0b21e6c4-230b-4a54-be50-a258347ccdf1,47.7052195,-123.9606225
2013-09-16,2852.572172639352,0b21e6c4-230b-4a54-be50-a258347ccdf1,47.7052195,-123.9606225
2013-09-17,2232.604838196092,0b21e6c4-230b-4a54-be50-a258347ccdf1,47.7052195,-123.9606225
2013-09-18,2227.3695879618244,0b21e6c4-230b-4a54-be50-a258347ccdf1,47.7052195,-123.9606225
2013-09-19,913.2311289427477,0b21e6c4-230b-4a54-be50-a258347ccdf1,47.7052195,-123.9606225
2013-09-20,5693.718974316982,0b21e6c4-230b-4a54-be50-a258347ccdf1,47.7052195,-123.9606225
2013-09-21,1357.7886268730038,0b21e6c4-230b-4a54-be50-a258347ccdf1,47.7052195,-123.9606225
2013-09-22,6336.946932685565,0b21e6c4-230b-4a54-be50-a258347ccdf1,47.7052195,-123.9606225
2013-09-23,1572.3671725028878,0b21e6c4-230b-4a54-be50-a258347ccdf1,47.7052195,-123.9606225
2013-09-24,4823.752513260003,0b21e6c4-230b-4a54-be50-a258347ccdf1,47.7052195,-123.9606225
2013-09-25,270.523258458655,0b21e6c4-230b-4a54-be50-a258347ccdf1,47.7052195,-123.9606225
2013-09-26,-116.91445363319592,0b21e6c4-230b-4a54-be50-a258347ccdf1,47.7052195,-123.9606225
2013-09-27,2131.7025437375464,0b21e6c4-230b-4a54-be50-a258347ccdf1,47.7052195,-123.9606225
2013-09-28,4162.333319686672,0b21e6c4-230b-4a54-be50-a258347ccdf1,47.7052195,-123.9606225
2013-09-29,5678.023490451881,0b21e6c4-230b-4a54-be50-a258347ccdf1,47.7052195,-123.9606225
2013-09-30,5781.671870593262,0b21e6c4-230b-4a54-be50-a258347ccdf1,47.7052195,-123.9606225
2013-10-01,1126.9389903290662,0b21e6c4-230b-4a54-be50-a258347ccdf1,47.7052195,-123.9606225
2013-10-02,278.749565581302,0b21e6c4-230b-4a54-be50-a258347ccdf1,47.7052195,-123.9606225
2013-10-03,-478.9431025228126,0b21e6c4-230b-4a54-be50-a258347ccdf1,47.7052195,-123.9606225
2013-10-04,-204.11393596986815,0b21e6c4-230b-4a54-be50-a258347ccdf1,47.7052195,-123.9606225
2013-10-05,1061.2386800949803,0b21e6c4-230b-4a54-be50-a258347ccdf1,47.7052195,-123.9606225
2013-10-06,-701.0736464787065,0b21e6c4-230b-4a54-be50-a258347ccdf1,47.7052195,-123.9606225
2013-10-07,1252.087957276853,0b21e6c4-230b-4a54-be50-a258347ccdf1,47.7052195,-123.9606225
2013-10-08,3098.6800813340965,0b21e6c4-230b-4a54-be50-a258347ccdf1,47.7052195,-123.9606225
2013-10-09,-61.542109045916476,0b21e6c4-230b-4a54-be50-a258347ccdf1,47.7052195,-123.9606225
2013-10-10,1520.3783036291002,0b21e6c4-230b-4a54-be50-a258347ccdf1,47.7052195,-123.9606225
2013-10-11,4475.236310124909,0b21e6c4-230b-4a54-be50-a258347ccdf1,47.7052195,-123.9606225
2013-10-12,462.4778787630667,0b21e6c4-230b-4a54-be50-a258347ccdf1,47.7052195,-123.9606225
2013-10-13,331.954074437985,0b21e6c4-230b-4a54-be50-a258347ccdf1,47.7052195,-123.9606225
2013-10-14,1717.851719934131,0b21e6c4-230b-4a54-be50-a258347ccdf1,47.7052195,-123.9606225
2013-10-15,1650.7718232848422,0b21e6c4-230b-4a54-be50-a258347ccdf1,47.7052195,-123.9606225
2013-10-16,1044.9161458191177,0b21e6c4-230b-4a54-be50-a258347ccdf1,47.7052195,-123.9606225
2013-10-17,-693.5880619012523,0b21e6c4-230b-4a54-be50-a258347ccdf1,47.7052195,-123.9606225
2013-10-18,588.8198913725805,0b21e6c4-230b-4a54-be50-a258347ccdf1,47.7052195,-123.9606225
2013-10-19,-19.077403859275634,0b21e6c4-230b-4a54-be50-a258347ccdf1,47.7052195,-123.9606225
2013-10-20,196.43359080033116,0b21e6c4-230b-4a54-be50-a258347ccdf1,47.7052195,-123.9606225
2013-10-21,1613.3330058134768,0b21e6c4-230b-4a54-be50-a258347ccdf1,47.7052195,-123.9606225
2013-10-22,-606.1702193473252,0b21e6c4-230b-4a54-be50-a258347ccdf1,47.7052195,-123.9606225
2013-10-23,1238.0370643303572,0b21e6c4-230b-4a54-be50-a258347ccdf1,47.7052195,-123.9606225
2013-10-24,-52.09811494127386,0b21e6c4-230b-4a54-be50-a258347ccdf1,47.7052195,-123.9606225
2013-10-25,1425.0072236323765,0b21e6c4-230b-4a54-be50-a258347ccdf1,47.7052195,-123.9606225
2013-10-26,469.90806244711905,0b21e6c4-230b-4a54-be50-a258347ccdf1,47.7052195,-123.9606225
2013-10-27,-284.3900170128369,0b21e6c4-230b-4a54-be50-a258347ccdf1,47.7052195,-123.9606225
2013-10-28,330.0257694442167,0b21e6c4-230b-4a54-be50-a258347ccdf1,47.7052195,-123.9606225
2013-10-29,-378.947847011836,0b21e6c4-230b-4a54-be50-a258347ccdf1,47.7052195,-123.9606225
2013-10-30,495.1089640364998,0b21e6c4-230b-4a54-be50-a258347ccdf1,47.7052195,-123.9606225
2013-10-31,921.390194419425,0b21e6c4-230b-4a54-be50-a258347ccdf1,47.7052195,-123.9606225
2013-11-01,735.9873813877741,0b21e6c4-230b-4a54-be50-a258347ccdf1,47.7052195,-123.9606225
2013-11-02,4745.922332305281,0b21e6c4-230b-4a54-be50-a258347ccdf1,47.7052195,-123.9606225
2013-11-03,1101.6317539598056,0b21e6c4-230b-4a54-be50-a258347ccdf1,47.7052195,-123.9606225
2013-11-04,2442.001833201412,0b21e6c4-230b-4a54-be50-a258347ccdf1,47.7052195,-123.9606225
2013-11-05,1509.2617429515,0b21e6c4-230b-4a54-be50-a258347ccdf1,47.7052195,-123.9606225
2013-11-06,2539.699364065615,0b21e6c4-230b-4a54-be50-a258347ccdf1,47.7052195,-123.9606225
2013-11-07,4632.116410564336,0b21e6c4-230b-4a54-be50-a258347ccdf1,47.7052195,-123.9606225
2013-11-08,1532.6468926553678,0b21e6c4-230b-4a54-be50-a258347ccdf1,47.7052195,-123.9606225
2013-11-09,4306.822334124834,0b21e6c4-230b-4a54-be50-a258347ccdf1,47.7052195,-123.9606225
2013-11-10,-167.8846857174048,0b21e6c4-230b-4a54-be50-a258347ccdf1,47.7052195,-123.9606225
2013-11-11,2090.9886186850067,0b21e6c4-230b-4a54-be50-a258347ccdf1,47.7052195,-123.9606225
2013-11-12,829.9629993540575,0b21e6c4-230b-4a54-be50-a258347ccdf1,47.7052195,-123.9606225
2013-11-13,992.425339119517,0b21e6c4-230b-4a54-be50-a258347ccdf1,47.7052195,-123.9606225
2013-11-14,357.07398309633606,0b21e6c4-230b-4a54-be50-a258347ccdf1,47.7052195,-123.9606225
2013-11-15,2591.2632076930777,0b21e6c4-230b-4a54-be50-a258347ccdf1,47.7052195,-123.9606225
2013-11-16,1336.3234758954472,0b21e6c4-230b-4a54-be50-a258347ccdf1,47.7052195,-123.9606225
2013-11-17,795.1637644768325,0b21e6c4-230b-4a54-be50-a258347ccdf1,47.7052195,-123.9606225
2013-11-18,4738.624926080584,0b21e6c4-230b-4a54-be50-a258347ccdf1,47.7052195,-123.9606225
2013-11-19,595.3639291465375,0b21e6c4-230b-4a54-be50-a258347ccdf1,47.7052195,-123.9606225
2013-11-20,637.613212696853,0b21e6c4-230b-4a54-be50-a258347ccdf1,47.7052195,-123.9606225
2013-11-21,1199.5332159720517,0b21e6c4-230b-4a54-be50-a258347ccdf1,47.7052195,-123.9606225
2013-11-22,1363.8942429287554,0b21e6c4-230b-4a54-be50-a258347ccdf1,47.7052195,-123.9606225
2013-11-23,768.269826323498,0b21e6c4-230b-4a54-be50-a258347ccdf1,47.7052195,-123.9606225
2013-11-24,1953.2226316220408,0b21e6c4-230b-4a54-be50-a258347ccdf1,47.7052195,-123.9606225
2013-11-25,1184.5126231611112,0b21e6c4-230b-4a54-be50-a258347ccdf1,47.7052195,-123.9606225
2013-11-26,1058.749920394478,0b21e6c4-230b-4a54-be50-a258347ccdf1,47.7052195,-123.9606225
2013-11-27,1155.6732489059925,0b21e6c4-230b-4a54-be50-a258347ccdf1,47.7052195,-123.9606225
2013-11-28,605.6450048673087,0b21e6c4-230b-4a54-be50-a258347ccdf1,47.7052195,-123.9606225
2013-11-29,1922.7721917446788,0b21e6c4-230b-4a54-be50-a258347ccdf1,47.7052195,-123.9606225
2013-11-30,3102.4620031478285,0b21e6c4-230b-4a54-be50-a258347ccdf1,47.7052195,-123.9606225
2013-12-01,1855.1611852579665,0b21e6c4-230b-4a54-be50-a258347ccdf1,47.7052195,-123.9606225
2013-12-02,5867.624248296439,0b21e6c4-230b-4a54-be50-a258347ccdf1,47.7052195,-123.9606225
2013-12-03,5346.65015420726,0b21e6c4-230b-4a54-be50-a258347ccdf1,47.7052195,-123.9606225
2013-12-04,2765.1007032579114,0b21e6c4-230b-4a54-be50-a258347ccdf1,47.7052195,-123.9606225
2013-12-05,3923.890894948005,0b21e6c4-230b-4a54-be50-a258347ccdf1,47.7052195,-123.9606225
2013-12-06,2304.969640728912,0b21e6c4-230b-4a54-be50-a258347ccdf1,47.7052195,-123.9606225
2013-12-07,5622.061687455078,0b21e6c4-230b-4a54-be50-a258347ccdf1,47.7052195,-123.9606225
2013-12-08,369.46511458646063,0b21e6c4-230b-4a54-be50-a258347ccdf1,47.7052195,-123.9606225
2013-12-09,1561.1977719552017,0b21e6c4-230b-4a54-be50-a258347ccdf1,47.7052195,-123.9606225
2013-12-10,585.3457927345177,0b21e6c4-230b-4a54-be50-a258347ccdf1,47.7052195,-123.9606225
2013-12-11,2467.4223686963787,0b21e6c4-230b-4a54-be50-a258347ccdf1,47.7052195,-123.9606225
2013-12-12,4341.177115459845,0b21e6c4-230b-4a54-be50-a258347ccdf1,47.7052195,-123.9606225
2013-12-13,1244.1993413211778,0b21e6c4-230b-4a54-be50-a258347ccdf1,47.7052195,-123.9606225
2013-12-14,2135.913302764813,0b21e6c4-230b-4a54-be50-a258347ccdf1,47.7052195,-123.9606225
2013-12-15,1603.6078495592105,0b21e6c4-230b-4a54-be50-a258347ccdf1,47.7052195,-123.9606225
2013-12-16,1043.3284614754773,0b21e6c4-230b-4a54-be50-a258347ccdf1,47.7052195,-123.9606225
2013-12-17,2209.773429041912,0b21e6c4-230b-4a54-be50-a258347ccdf1,47.7052195,-123.9606225
2013-12-18,-391.4291692822766,0b21e6c4-230b-4a54-be50-a258347ccdf1,47.7052195,-123.9606225
2013-12-19,1631.7513623916213,0b21e6c4-230b-4a54-be50-a258347ccdf1,47.7052195,-123.9606225
2013-12-20,2557.8322643449137,0b21e6c4-230b-4a54-be50-a258347ccdf1,47.7052195,-123.9606225
2013-12-21,819.2382797929337,0b21e6c4-230b-4a54-be50-a258347ccdf1,47.7052195,-123.9606225
2013-12-22,3603.417592365147,0b21e6c4-230b-4a54-be50-a258347ccdf1,47.7052195,-123.9606225
2013-12-23,2371.9621350655484,0b21e6c4-230b-4a54-be50-a258347ccdf1,47.7052195,-123.9606225
2013-12-24,213.6193309497165,0b21e6c4-230b-4a54-be50-a258347ccdf1,47.7052195,-123.9606225
2013-12-25,729.3650026838429,0b21e6c4-230b-4a54-be50-a258347ccdf1,47.7052195,-123.9606225
2013-12-26,826.7861386318765,0b21e6c4-230b-4a54-be50-a258347ccdf1,47.7052195,-123.9606225
2013-12-27,2231.9169373254344,0b21e6c4-230b-4a54-be50-a258347ccdf1,47.7052195,-123.9606225
2013-12-28,1481.1979948506594,0b21e6c4-230b-4a54-be50-a258347ccdf1,47.7052195,-123.9606225
2013-12-29,754.8240627018563,0b21e6c4-230b-4a54-be50-a258347ccdf1,47.7052195,-123.9606225
2013-12-30,3253.283755015145,0b21e6c4-230b-4a54-be50-a258347ccdf1,47.7052195,-123.9606225
2013-12-31,1293.6460374646313,0b21e6c4-230b-4a54-be50-a258347ccdf1,47.7052195,-123.9606225
2014-01-01,2731.4497120554593,0b21e6c4-230b-4a54-be50-a258347ccdf1,47.7052195,-123.9606225
2014-01-02,2952.1258495046222,0b21e6c4-230b-4a54-be50-a258347ccdf1,47.7052195,-123.9606225
2014-01-03,714.5711582375789,0b21e6c4-230b-4a54-be50-a258347ccdf1,47.7052195,-123.9606225
2014-01-04,1632.2701492944666,0b21e6c4-230b-4a54-be50-a258347ccdf1,47.7052195,-123.9606225
2014-01-05,162.802405451386,0b21e6c4-230b-4a54-be50-a258347ccdf1,47.7052195,-123.9606225
2014-01-06,64.13299580592624,0b21e6c4-230b-4a54-be50-a258347ccdf1,47.7052195,-123.9606225
2014-01-07,3416.1158101112655,0b21e6c4-230b-4a54-be50-a258347ccdf1,47.7052195,-123.9606225
2014-01-08,3429.595767715637,0b21e6c4-230b-4a54-be50-a258347ccdf1,47.7052195,-123.9606225
2014-01-09,2408.2445481590644,0b21e6c4-230b-4a54-be50-a258347ccdf1,47.7052195,-123.9606225
2014-01-10,1629.6711200269285,0b21e6c4-230b-4a54-be50-a258347ccdf1,47.7052195,-123.9606225
2014-01-11,3040.373681960023,0b21e6c4-230b-4a54-be50-a258347ccdf1,47.7052195,-123.9606225
2014-01-12,2046.4961379950328,0b21e6c4-230b-4a54-be50-a258347ccdf1,47.7052195,-123.9606225
2014-01-13,2271.6695825031593,0b21e6c4-230b-4a54-be50-a258347ccdf1,47.7052195,-123.9606225
2014-01-14,1136.5448747691437,0b21e6c4-230b-4a54-be50-a258347ccdf1,47.7052195,-123.9606225
2014-01-15,1399.2816716249527,0b21e6c4-230b-4a54-be50-a258347ccdf1,47.7052195,-123.9606225
2014-01-16,663.7848922368686,0b21e6c4-230b-4a54-be50-a258347ccdf1,47.7052195,-123.9606225
2014-01-17,559.7635215662722,0b21e6c4-230b-4a54-be50-a258347ccdf1,47.7052195,-123.9606225
2014-01-18,98.64546430488456,0b21e6c4-230b-4a54-be50-a258347ccdf1,47.7052195,-123.9606225
2014-01-19,876.430875114859,0b21e6c4-230b-4a54-be50-a258347ccdf1,47.7052195,-123.9606225
2014-01-20,1486.120004184975,0b21e6c4-230b-4a54-be50-a258347ccdf1,47.7052195,-123.9606225
2014-01-21,2034.3087375019325,0b21e6c4-230b-4a54-be50-a258347ccdf1,47.7052195,-123.9606225
2014-01-22,1255.6560450157833,0b21e6c4-230b-4a54-be50-a258347ccdf1,47.7052195,-123.9606225
2014-01-23,944.7718323826157,0b21e6c4-230b-4a54-be50-a258347ccdf1,47.7052195,-123.9606225
2014-01-24,483.9533921049515,0b21e6c4-230b-4a54-be50-a258347ccdf1,47.7052195,-123.9606225
2014-01-25,2629.5294631403667,0b21e6c4-230b-4a54-be50-a258347ccdf1,47.7052195,-123.9606225
2014-01-26,475.87050228809005,0b21e6c4-230b-4a54-be50-a258347ccdf1,47.7052195,-123.9606225
2014-01-27,1963.6164014665594,0b21e6c4-230b-4a54-be50-a258347ccdf1,47.7052195,-123.9606225
2014-01-28,1907.3024918802364,0b21e6c4-230b-4a54-be50-a258347ccdf1,47.7052195,-123.9606225
2014-01-29,4684.826873913951,0b21e6c4-230b-4a54-be50-a258347ccdf1,47.7052195,-123.9606225
2014-01-30,1786.8411710654384,0b21e6c4-230b-4a54-be50-a258347ccdf1,47.7052195,-123.9606225
2014-01-31,1390.7239326036909,0b21e6c4-230b-4a54-be50-a258347ccdf1,47.7052195,-123.9606225
2014-02-01,7.977819627537156,0b21e6c4-230b-4a54-be50-a258347ccdf1,47.7052195,-123.9606225
2014-02-02,786.1332414458178,0b21e6c4-230b-4a54-be50-a258347ccdf1,47.7052195,-123.9606225
2014-02-03,3769.3263598897324,0b21e6c4-230b-4a54-be50-a258347ccdf1,47.7052195,-123.9606225
2014-02-04,536.330804152224,0b21e6c4-230b-4a54-be50-a258347ccdf1,47.7052195,-123.9606225
2014-02-05,559.4132891181524,0b21e6c4-230b-4a54-be50-a258347ccdf1,47.7052195,-123.9606225
2014-02-06,2375.5795554827723,0b21e6c4-230b-4a54-be50-a258347ccdf1,47.7052195,-123.9606225
2014-02-07,-339.8186131353654,0b21e6c4-230b-4a54-be50-a258347ccdf1,47.7052195,-123.9606225
2014-02-08,3002.7055369051172,0b21e6c4-230b-4a54-be50-a258347ccdf1,47.7052195,-123.9606225
2014-02-09,-289.8366585696478,0b21e6c4-230b-4a54-be50-a258347ccdf1,47.7052195,-123.9606225
2014-02-10,1817.3438958486831,0b21e6c4-230b-4a54-be50-a258347ccdf1,47.7052195,-123.9606225
2014-02-11,3791.3963126722856,0b21e6c4-230b-4a54-be50-a258347ccdf1,47.7052195,-123.9606225
2014-02-12,477.9361427258746,0b21e6c4-230b-4a54-be50-a258347ccdf1,47.7052195,-123.9606225
2014-02-13,5537.974471646785,0b21e6c4-230b-4a54-be50-a258347ccdf1,47.7052195,-123.9606225
2014-02-14,3212.5776858902623,0b21e6c4-230b-4a54-be50-a258347ccdf1,47.7052195,-123.9606225
2014-02-15,4475.808687464175,0b21e6c4-230b-4a54-be50-a258347ccdf1,47.7052195,-123.9606225
2014-02-16,3084.1964072891346,0b21e6c4-230b-4a54-be50-a258347ccdf1,47.7052195,-123.9606225
2014-02-17,4445.06168290619,0b21e6c4-230b-4a54-be50-a258347ccdf1,47.7052195,-123.9606225
2014-02-18,4318.727053140092,0b21e6c4-230b-4a54-be50-a258347ccdf1,47.7052195,-123.9606225
2014-02-19,791.8280566245435,0b21e6c4-230b-4a54-be50-a258347ccdf1,47.7052195,-123.9606225
2014-02-20,1992.763694423972,0b21e6c4-230b-4a54-be50-a258347ccdf1,47.7052195,-123.9606225
2014-02-21,1280.281230382925,0b21e6c4-230b-4a54-be50-a258347ccdf1,47.7052195,-123.9606225
2014-02-22,2023.6890699345859,0b21e6c4-230b-4a54-be50-a258347ccdf1,47.7052195,-123.9606225
2014-02-23,3643.9737802159807,0b21e6c4-230b-4a54-be50-a258347ccdf1,47.7052195,-123.9606225
2014-02-24,5480.05808928555,0b21e6c4-230b-4a54-be50-a258347ccdf1,47.7052195,-123.9606225
2014-02-25,1510.3513196320857,0b21e6c4-230b-4a54-be50-a258347ccdf1,47.7052195,-123.9606225
2014-02-26,986.3687509666378,0b21e6c4-230b-4a54-be50-a258347ccdf1,47.7052195,-123.9606225
2014-02-27,899.6297569984622,0b21e6c4-230b-4a54-be50-a258347ccdf1,47.7052195,-123.9606225
2014-02-28,1429.7712182828855,0b21e6c4-230b-4a54-be50-a258347ccdf1,47.7052195,-123.9606225
2014-03-01,446.0047808801185,0b21e6c4-230b-4a54-be50-a258347ccdf1,47.7052195,-123.9606225
2014-03-02,4663.4440623379405,0b21e6c4-230b-4a54-be50-a258347ccdf1,47.7052195,-123.9606225
2014-03-03,4422.54356014083,0b21e6c4-230b-4a54-be50-a258347ccdf1,47.7052195,-123.9606225
2014-03-04,1530.7545147702351,0b21e6c4-230b-4a54-be50-a258347ccdf1,47.7052195,-123.9606225
2014-03-05,652.5085337118005,0b21e6c4-230b-4a54-be50-a258347ccdf1,47.7052195,-123.9606225
2014-03-06,5592.344828370492,0b21e6c4-230b-4a54-be50-a258347ccdf1,47.7052195,-123.9606225
2014-03-07,759.6038374409779,0b21e6c4-230b-4a54-be50-a258347ccdf1,47.7052195,-123.9606225
2014-03-08,5822.9666384635675,0b21e6c4-230b-4a54-be50-a258347ccdf1,47.7052195,-123.9606225
2014-03-09,2070.2710772673922,0b21e6c4-230b-4a54-be50-a258347ccdf1,47.7052195,-123.9606225
2014-03-10,116.98073091514516,0b21e6c4-230b-4a54-be50-a258347ccdf1,47.7052195,-123.9606225
2014-03-11,658.0941073719257,0b21e6c4-230b-4a54-be50-a258347ccdf1,47.7052195,-123.9606225
2014-03-12,-256.3254774056788,0b21e6c4-230b-4a54-be50-a258347ccdf1,47.7052195,-123.9606225
2014-03-13,-333.84239471601285,0b21e6c4-230b-4a54-be50-a258347ccdf1,47.7052195,-123.9606225
2014-03-14,1869.751385136055,0b21e6c4-230b-4a54-be50-a258347ccdf1,47.7052195,-123.9606225
2014-03-15,3146.370156572687,0b21e6c4-230b-4a54-be50-a258347ccdf1,47.7052195,-123.9606225
2014-03-16,4403.4519273633705,0b21e6c4-230b-4a54-be50-a258347ccdf1,47.7052195,-123.9606225
2014-03-17,1881.1543209876545,0b21e6c4-230b-4a54-be50-a258347ccdf1,47.7052195,-123.9606225
2014-03-18,1346.7080979284365,0b21e6c4-230b-4a54-be50-a258347ccdf1,47.7052195,-123.9606225
2014-03-19,1943.0601089913298,0b21e6c4-230b-4a54-be50-a258347ccdf1,47.7052195,-123.9606225
2014-03-20,1758.1312217400398,0b21e6c4-230b-4a54-be50-a258347ccdf1,47.7052195,-123.9606225
2014-03-21,-85.37568801914169,0b21e6c4-230b-4a54-be50-a258347ccdf1,47.7052195,-123.9606225
2014-03-22,2420.5152888088264,0b21e6c4-230b-4a54-be50-a258347ccdf1,47.7052195,-123.9606225
2014-03-23,373.85083290118877,0b21e6c4-230b-4a54-be50-a258347ccdf1,47.7052195,-123.9606225
2014-03-24,358.3162386164105,0b21e6c4-230b-4a54-be50-a258347ccdf1,47.7052195,-123.9606225
2014-03-25,4393.650427140473,0b21e6c4-230b-4a54-be50-a258347ccdf1,47.7052195,-123.9606225
2014-03-26,3410.1009852888974,0b21e6c4-230b-4a54-be50-a258347ccdf1,47.7052195,-123.9606225
2014-03-27,993.9205445927373,0b21e6c4-230b-4a54-be50-a258347ccdf1,47.7052195,-123.9606225
2014-03-28,4676.932803842897,0b21e6c4-230b-4a54-be50-a258347ccdf1,47.7052195,-123.9606225
2014-03-29,5291.605156618174,0b21e6c4-230b-4a54-be50-a258347ccdf1,47.7052195,-123.9606225
2014-03-30,2582.065840588807,0b21e6c4-230b-4a54-be50-a258347ccdf1,47.7052195,-123.9606225
2014-03-31,1572.4183975181265,0b21e6c4-230b-4a54-be50-a258347ccdf1,47.7052195,-123.9606225
2014-04-01,885.8091105106574,0b21e6c4-230b-4a54-be50-a258347ccdf1,47.7052195,-123.9606225
2014-04-02,-569.5375738056897,0b21e6c4-230b-4a54-be50-a258347ccdf1,47.7052195,-123.9606225
2014-04-03,5627.60097164223,0b21e6c4-230b-4a54-be50-a258347ccdf1,47.7052195,-123.9606225
2014-04-04,5148.956717341263,0b21e6c4-230b-4a54-be50-a258347ccdf1,47.7052195,-123.9606225
2014-04-05,5678.8010043942195,0b21e6c4-230b-4a54-be50-a258347ccdf1,47.7052195,-123.9606225
2014-04-06,363.1614399956325,0b21e6c4-230b-4a54-be50-a258347ccdf1,47.7052195,-123.9606225
2014-04-07,-613.1879463595254,0b21e6c4-230b-4a54-be50-a258347ccdf1,47.7052195,-123.9606225
2014-04-08,2786.88756971169,0b21e6c4-230b-4a54-be50-a258347ccdf1,47.7052195,-123.9606225
2014-04-09,419.75675282258413,0b21e6c4-230b-4a54-be50-a258347ccdf1,47.7052195,-123.9606225
2014-04-10,1450.3109573587342,0b21e6c4-230b-4a54-be50-a258347ccdf1,47.7052195,-123.9606225
2014-04-11,-728.216076676037,0b21e6c4-230b-4a54-be50-a258347ccdf1,47.7052195,-123.9606225
2014-04-12,-345.5978101658522,0b21e6c4-230b-4a54-be50-a258347ccdf1,47.7052195,-123.9606225
2014-04-13,-993.184430069962,0b21e6c4-230b-4a54-be50-a258347ccdf1,47.7052195,-123.9606225
2014-04-14,-545.6291110565245,0b21e6c4-230b-4a54-be50-a258347ccdf1,47.7052195,-123.9606225
2014-04-15,3834.06493081143,0b21e6c4-230b-4a54-be50-a258347ccdf1,47.7052195,-123.9606225
2014-04-16,4822.506618630418,0b21e6c4-230b-4a54-be50-a258347ccdf1,47.7052195,-123.9606225
2014-04-17,5422.971310170401,0b21e6c4-230b-4a54-be50-a258347ccdf1,47.7052195,-123.9606225
2014-04-18,290.60999663382347,0b21e6c4-230b-4a54-be50-a258347ccdf1,47.7052195,-123.9606225
2014-04-19,4230.610328702566,0b21e6c4-230b-4a54-be50-a258347ccdf1,47.7052195,-123.9606225
2014-04-20,4916.936279192481,0b21e6c4-230b-4a54-be50-a258347ccdf1,47.7052195,-123.9606225
2014-04-21,2185.8463704431515,0b21e6c4-230b-4a54-be50-a258347ccdf1,47.7052195,-123.9606225
2014-04-22,1987.2769453314763,0b21e6c4-230b-4a54-be50-a258347ccdf1,47.7052195,-123.9606225
2014-04-23,1194.1659888825195,0b21e6c4-230b-4a54-be50-a258347ccdf1,47.7052195,-123.9606225
2014-04-24,4656.744348008038,0b21e6c4-230b-4a54-be50-a258347ccdf1,47.7052195,-123.9606225
2014-04-25,872.5343622915468,0b21e6c4-230b-4a54-be50-a258347ccdf1,47.7052195,-123.9606225
2014-04-26,1142.7312563115804,0b21e6c4-230b-4a54-be50-a258347ccdf1,47.7052195,-123.9606225
2014-04-27,4763.037037037033,0b21e6c4-230b-4a54-be50-a258347ccdf1,47.7052195,-123.9606225
2014-04-28,896.7957686254172,0b21e6c4-230b-4a54-be50-a258347ccdf1,47.7052195,-123.9606225
2014-04-29,-304.42238234304074,0b21e6c4-230b-4a54-be50-a258347ccdf1,47.7052195,-123.9606225
2014-04-30,-1472.507573896666,0b21e6c4-230b-4a54-be50-a258347ccdf1,47.7052195,-123.9606225
2014-05-01,1055.6996733899216,0b21e6c4-230b-4a54-be50-a258347ccdf1,47.7052195,-123.9606225
2014-05-02,2420.7468680913767,0b21e6c4-230b-4a54-be50-a258347ccdf1,47.7052195,-123.9606225
2014-05-03,5165.705018332011,0b21e6c4-230b-4a54-be50-a258347ccdf1,47.7052195,-123.9606225
2014-05-04,6597.3724082716935,0b21e6c4-230b-4a54-be50-a258347ccdf1,47.7052195,-123.9606225
2014-05-05,2139.548700383016,0b21e6c4-230b-4a54-be50-a258347ccdf1,47.7052195,-123.9606225
2014-05-06,-34.071153688692306,0b21e6c4-230b-4a54-be50-a258347ccdf1,47.7052195,-123.9606225
2014-05-07,-744.0475085746509,0b21e6c4-230b-4a54-be50-a258347ccdf1,47.7052195,-123.9606225
2014-05-08,5760.927636307395,0b21e6c4-230b-4a54-be50-a258347ccdf1,47.7052195,-123.9606225
2014-05-09,4014.7603327965608,0b21e6c4-230b-4a54-be50-a258347ccdf1,47.7052195,-123.9606225
2014-05-10,1327.3181446000153,0b21e6c4-230b-4a54-be50-a258347ccdf1,47.7052195,-123.9606225
2014-05-11,-363.83585796555553,0b21e6c4-230b-4a54-be50-a258347ccdf1,47.7052195,-123.9606225
2014-05-12,-79.59544474467093,0b21e6c4-230b-4a54-be50-a258347ccdf1,47.7052195,-123.9606225
2014-05-13,-1646.4583367449973,0b21e6c4-230b-4a54-be50-a258347ccdf1,47.7052195,-123.9606225
2014-05-14,-425.84247659597673,0b21e6c4-230b-4a54-be50-a258347ccdf1,47.7052195,-123.9606225
2014-05-15,1329.8631512868792,0b21e6c4-230b-4a54-be50-a258347ccdf1,47.7052195,-123.9606225
2014-05-16,-759.6999963608897,0b21e6c4-230b-4a54-be50-a258347ccdf1,47.7052195,-123.9606225
2014-05-17,2287.6565681377756,0b21e6c4-230b-4a54-be50-a258347ccdf1,47.7052195,-123.9606225
2014-05-18,3036.511731579282,0b21e6c4-230b-4a54-be50-a258347ccdf1,47.7052195,-123.9606225
2014-05-19,541.3001810456977,0b21e6c4-230b-4a54-be50-a258347ccdf1,47.7052195,-123.9606225
2014-05-20,-28.43051575279527,0b21e6c4-230b-4a54-be50-a258347ccdf1,47.7052195,-123.9606225
2014-05-21,2970.3517062874707,0b21e6c4-230b-4a54-be50-a258347ccdf1,47.7052195,-123.9606225
2014-05-22,-418.4595694933445,0b21e6c4-230b-4a54-be50-a258347ccdf1,47.7052195,-123.9606225
2014-05-23,1994.7307013473776,0b21e6c4-230b-4a54-be50-a258347ccdf1,47.7052195,-123.9606225
2014-05-24,1742.1645241409421,0b21e6c4-230b-4a54-be50-a258347ccdf1,47.7052195,-123.9606225
2014-05-25,6536.449325400074,0b21e6c4-230b-4a54-be50-a258347ccdf1,47.7052195,-123.9606225
2014-05-26,1491.9356014083332,0b21e6c4-230b-4a54-be50-a258347ccdf1,47.7052195,-123.9606225
2014-05-27,1793.5061546439579,0b21e6c4-230b-4a54-be50-a258347ccdf1,47.7052195,-123.9606225
2014-05-28,2586.3882202025134,0b21e6c4-230b-4a54-be50-a258347ccdf1,47.7052195,-123.9606225
2014-05-29,1870.9288099202122,0b21e6c4-230b-4a54-be50-a258347ccdf1,47.7052195,-123.9606225
2014-05-30,-610.5573751103099,0b21e6c4-230b-4a54-be50-a258347ccdf1,47.7052195,-123.9606225
2014-05-31,-705.040416859994,0b21e6c4-230b-4a54-be50-a258347ccdf1,47.7052195,-123.9606225
2014-06-01,-1270.595331022499,0b21e6c4-230b-4a54-be50-a258347ccdf1,47.7052195,-123.9606225
2014-06-02,622.9602700219255,0b21e6c4-230b-4a54-be50-a258347ccdf1,47.7052195,-123.9606225
2014-06-03,-1573.7127514397218,0b21e6c4-230b-4a54-be50-a258347ccdf1,47.7052195,-123.9606225
2014-06-04,-91.75849520173826,0b21e6c4-230b-4a54-be50-a258347ccdf1,47.7052195,-123.9606225
2014-06-05,-1428.7135611415883,0b21e6c4-230b-4a54-be50-a258347ccdf1,47.7052195,-123.9606225
2014-06-06,188.52539188660535,0b21e6c4-230b-4a54-be50-a258347ccdf1,47.7052195,-123.9606225
2014-06-07,-1419.7956821965647,0b21e6c4-230b-4a54-be50-a258347ccdf1,47.7052195,-123.9606225
2014-06-08,788.2920840270386,0b21e6c4-230b-4a54-be50-a258347ccdf1,47.7052195,-123.9606225
2014-06-09,-814.8064221185076,0b21e6c4-230b-4a54-be50-a258347ccdf1,47.7052195,-123.9606225
2014-06-10,-100.57554336453867,0b21e6c4-230b-4a54-be50-a258347ccdf1,47.7052195,-123.9606225
2014-06-11,909.6594202898546,0b21e6c4-230b-4a54-be50-a258347ccdf1,47.7052195,-123.9606225
2014-06-12,1972.9384217182044,0b21e6c4-230b-4a54-be50-a258347ccdf1,47.7052195,-123.9606225
2014-06-13,551.1797629120149,0b21e6c4-230b-4a54-be50-a258347ccdf1,47.7052195,-123.9606225
2014-06-14,1020.3997015930192,0b21e6c4-230b-4a54-be50-a258347ccdf1,47.7052195,-123.9606225
2014-06-15,1585.115878344569,0b21e6c4-230b-4a54-be50-a258347ccdf1,47.7052195,-123.9606225
2014-06-16,3452.492635352128,0b21e6c4-230b-4a54-be50-a258347ccdf1,47.7052195,-123.9606225
2014-06-17,-517.3133136821418,0b21e6c4-230b-4a54-be50-a258347ccdf1,47.7052195,-123.9606225
2014-06-18,529.5643985916639,0b21e6c4-230b-4a54-be50-a258347ccdf1,47.7052195,-123.9606225
2014-06-19,857.1698963763562,0b21e6c4-230b-4a54-be50-a258347ccdf1,47.7052195,-123.9606225
2014-06-20,184.2436110883667,0b21e6c4-230b-4a54-be50-a258347ccdf1,47.7052195,-123.9606225
2014-06-21,-1766.7228090286305,0b21e6c4-230b-4a54-be50-a258347ccdf1,47.7052195,-123.9606225
2014-06-22,106.6834293148466,0b21e6c4-230b-4a54-be50-a258347ccdf1,47.7052195,-123.9606225
2014-06-23,-261.08364493208484,0b21e6c4-230b-4a54-be50-a258347ccdf1,47.7052195,-123.9606225
2014-06-24,2881.8951026683753,0b21e6c4-230b-4a54-be50-a258347ccdf1,47.7052195,-123.9606225
2014-06-25,-462.6495537541961,0b21e6c4-230b-4a54-be50-a258347ccdf1,47.7052195,-123.9606225
2014-06-26,-1128.0821392505243,0b21e6c4-230b-4a54-be50-a258347ccdf1,47.7052195,-123.9606225
2014-06-27,2161.7647179235228,0b21e6c4-230b-4a54-be50-a258347ccdf1,47.7052195,-123.9606225
2014-06-28,1819.3920731097096,0b21e6c4-230b-4a54-be50-a258347ccdf1,47.7052195,-123.9606225
2014-06-29,1307.820596450048,0b21e6c4-230b-4a54-be50-a258347ccdf1,47.7052195,-123.9606225
2014-06-30,-1364.023813422855,0b21e6c4-230b-4a54-be50-a258347ccdf1,47.7052195,-123.9606225
2014-07-01,-726.565945213206,0b21e6c4-230b-4a54-be50-a258347ccdf1,47.7052195,-123.9606225
2014-07-02,-677.5530673144277,0b21e6c4-230b-4a54-be50-a258347ccdf1,47.7052195,-123.9606225
2014-07-03,3573.1559904291375,0b21e6c4-230b-4a54-be50-a258347ccdf1,47.7052195,-123.9606225
2014-07-04,1309.7809710963718,0b21e6c4-230b-4a54-be50-a258347ccdf1,47.7052195,-123.9606225
2014-07-05,1604.7701447455802,0b21e6c4-230b-4a54-be50-a258347ccdf1,47.7052195,-123.9606225
2014-07-06,2367.992830954265,0b21e6c4-230b-4a54-be50-a258347ccdf1,47.7052195,-123.9606225
2014-07-07,-1133.049987718005,0b21e6c4-230b-4a54-be50-a258347ccdf1,47.7052195,-123.9606225
2014-07-08,-237.2588225661179,0b21e6c4-230b-4a54-be50-a258347ccdf1,47.7052195,-123.9606225
2014-07-09,-1004.8708980412491,0b21e6c4-230b-4a54-be50-a258347ccdf1,47.7052195,-123.9606225
2014-07-10,-550.0591810184045,0b21e6c4-230b-4a54-be50-a258347ccdf1,47.7052195,-123.9606225
2014-07-11,-614.3077367468177,0b21e6c4-230b-4a54-be50-a258347ccdf1,47.7052195,-123.9606225
2014-07-12,-1159.1083135456743,0b21e6c4-230b-4a54-be50-a258347ccdf1,47.7052195,-123.9606225
2014-07-13,909.3117352183909,0b21e6c4-230b-4a54-be50-a258347ccdf1,47.7052195,-123.9606225
2014-07-14,-1470.8512195565745,0b21e6c4-230b-4a54-be50-a258347ccdf1,47.7052195,-123.9606225
2014-07-15,-70.73969449675663,0b21e6c4-230b-4a54-be50-a258347ccdf1,47.7052195,-123.9606225
2014-07-16,-1500.4773010544313,0b21e6c4-230b-4a54-be50-a258347ccdf1,47.7052195,-123.9606225
2014-07-17,-530.6268639064019,0b21e6c4-230b-4a54-be50-a258347ccdf1,47.7052195,-123.9606225
2014-07-18,-768.2926071490302,0b21e6c4-230b-4a54-be50-a258347ccdf1,47.7052195,-123.9606225
2014-07-19,1225.3192363328697,0b21e6c4-230b-4a54-be50-a258347ccdf1,47.7052195,-123.9606225
2014-07-20,193.23264827096807,0b21e6c4-230b-4a54-be50-a258347ccdf1,47.7052195,-123.9606225
2014-07-21,170.81524241018198,0b21e6c4-230b-4a54-be50-a258347ccdf1,47.7052195,-123.9606225
2014-07-22,814.8740276754268,0b21e6c4-230b-4a54-be50-a258347ccdf1,47.7052195,-123.9606225
2014-07-23,4823.205664273949,0b21e6c4-230b-4a54-be50-a258347ccdf1,47.7052195,-123.9606225
2014-07-24,2371.6714793889937,0b21e6c4-230b-4a54-be50-a258347ccdf1,47.7052195,-123.9606225
2014-07-25,-140.05180727276027,0b21e6c4-230b-4a54-be50-a258347ccdf1,47.7052195,-123.9606225
2014-07-26,-619.4371389321027,0b21e6c4-230b-4a54-be50-a258347ccdf1,47.7052195,-123.9606225
2014-07-27,-717.6819873177031,0b21e6c4-230b-4a54-be50-a258347ccdf1,47.7052195,-123.9606225
2014-07-28,-1334.4750675509695,0b21e6c4-230b-4a54-be50-a258347ccdf1,47.7052195,-123.9606225
2014-07-29,543.2974289691309,0b21e6c4-230b-4a54-be50-a258347ccdf1,47.7052195,-123.9606225
2014-07-30,-1904.0857328711656,0b21e6c4-230b-4a54-be50-a258347ccdf1,47.7052195,-123.9606225
2014-07-31,-194.56332960324605,0b21e6c4-230b-4a54-be50-a258347ccdf1,47.7052195,-123.9606225
2014-08-01,5164.293134819906,0b21e6c4-230b-4a54-be50-a258347ccdf1,47.7052195,-123.9606225
2014-08-02,-118.58797092351492,0b21e6c4-230b-4a54-be50-a258347ccdf1,47.7052195,-123.9606225
2014-08-03,-1037.2213988736946,0b21e6c4-230b-4a54-be50-a258347ccdf1,47.7052195,-123.9606225
2014-08-04,-1065.1781889971521,0b21e6c4-230b-4a54-be50-a258347ccdf1,47.7052195,-123.9606225
2014-08-05,852.9031223559593,0b21e6c4-230b-4a54-be50-a258347ccdf1,47.7052195,-123.9606225
2014-08-06,-1534.815033161385,0b21e6c4-230b-4a54-be50-a258347ccdf1,47.7052195,-123.9606225
2014-08-07,490.1400101895064,0b21e6c4-230b-4a54-be50-a258347ccdf1,47.7052195,-123.9606225
2014-08-08,-918.11651973762,0b21e6c4-230b-4a54-be50-a258347ccdf1,47.7052195,-123.9606225
2014-08-09,-111.73396744816536,0b21e6c4-230b-4a54-be50-a258347ccdf1,47.7052195,-123.9606225
2014-08-10,-1402.8301400147366,0b21e6c4-230b-4a54-be50-a258347ccdf1,47.7052195,-123.9606225
2014-08-11,537.8751194082806,0b21e6c4-230b-4a54-be50-a258347ccdf1,47.7052195,-123.9606225
2014-08-12,3338.403530000453,0b21e6c4-230b-4a54-be50-a258347ccdf1,47.7052195,-123.9606225
2014-08-13,2091.407066240889,0b21e6c4-230b-4a54-be50-a258347ccdf1,47.7052195,-123.9606225
2014-08-14,1116.7045952855328,0b21e6c4-230b-4a54-be50-a258347ccdf1,47.7052195,-123.9606225
2014-08-15,243.903900215617,0b21e6c4-230b-4a54-be50-a258347ccdf1,47.7052195,-123.9606225
2014-08-16,386.03303401657575,0b21e6c4-230b-4a54-be50-a258347ccdf1,47.7052195,-123.9606225
2014-08-17,-1422.061737492835,0b21e6c4-230b-4a54-be50-a258347ccdf1,47.7052195,-123.9606225
2014-08-18,-401.4036955157073,0b21e6c4-230b-4a54-be50-a258347ccdf1,47.7052195,-123.9606225
2014-08-19,-841.4259395725861,0b21e6c4-230b-4a54-be50-a258347ccdf1,47.7052195,-123.9606225
2014-08-20,-412.071531246304,0b21e6c4-230b-4a54-be50-a258347ccdf1,47.7052195,-123.9606225
2014-08-21,1424.193464159318,0b21e6c4-230b-4a54-be50-a258347ccdf1,47.7052195,-123.9606225
2014-08-22,282.10524304702614,0b21e6c4-230b-4a54-be50-a258347ccdf1,47.7052195,-123.9606225
2014-08-23,1659.4492708134298,0b21e6c4-230b-4a54-be50-a258347ccdf1,47.7052195,-123.9606225
2014-08-24,-1158.5443289027164,0b21e6c4-230b-4a54-be50-a258347ccdf1,47.7052195,-123.9606225
2014-08-25,313.40599270358535,0b21e6c4-230b-4a54-be50-a258347ccdf1,47.7052195,-123.9606225
2014-08-26,-925.1329548659437,0b21e6c4-230b-4a54-be50-a258347ccdf1,47.7052195,-123.9606225
2014-08-27,-853.1294931630222,0b21e6c4-230b-4a54-be50-a258347ccdf1,47.7052195,-123.9606225
2014-08-28,-189.4506127350636,0b21e6c4-230b-4a54-be50-a258347ccdf1,47.7052195,-123.9606225
2014-08-29,3305.1147502206204,0b21e6c4-230b-4a54-be50-a258347ccdf1,47.7052195,-123.9606225
2014-08-30,1560.3053076412182,0b21e6c4-230b-4a54-be50-a258347ccdf1,47.7052195,-123.9606225
2014-08-31,392.11260769489667,0b21e6c4-230b-4a54-be50-a258347ccdf1,47.7052195,-123.9606225
2014-09-01,-463.50468990238056,0b21e6c4-230b-4a54-be50-a258347ccdf1,47.7052195,-123.9606225
2014-09-02,2754.9833010362354,0b21e6c4-230b-4a54-be50-a258347ccdf1,47.7052195,-123.9606225
2014-09-03,-1046.1721435264787,0b21e6c4-230b-4a54-be50-a258347ccdf1,47.7052195,-123.9606225
2014-09-04,-964.4687036582151,0b21e6c4-230b-4a54-be50-a258347ccdf1,47.7052195,-123.9606225
2014-09-05,-898.2091714657416,0b21e6c4-230b-4a54-be50-a258347ccdf1,47.7052195,-123.9606225
2014-09-06,683.3408753877932,0b21e6c4-230b-4a54-be50-a258347ccdf1,47.7052195,-123.9606225
2014-09-07,-1130.4063930056313,0b21e6c4-230b-4a54-be50-a258347ccdf1,47.7052195,-123.9606225
2014-09-08,199.0628656167833,0b21e6c4-230b-4a54-be50-a258347ccdf1,47.7052195,-123.9606225
2014-09-09,-888.0082243874919,0b21e6c4-230b-4a54-be50-a258347ccdf1,47.7052195,-123.9606225
2014-09-10,11.509821046789837,0b21e6c4-230b-4a54-be50-a258347ccdf1,47.7052195,-123.9606225
2014-09-11,-936.8669996451863,0b21e6c4-230b-4a54-be50-a258347ccdf1,47.7052195,-123.9606225
2014-09-12,-651.6372262707314,0b21e6c4-230b-4a54-be50-a258347ccdf1,47.7052195,-123.9606225
2014-09-13,-504.59855834294876,0b21e6c4-230b-4a54-be50-a258347ccdf1,47.7052195,-123.9606225
2014-09-14,-1192.0253691421697,0b21e6c4-230b-4a54-be50-a258347ccdf1,47.7052195,-123.9606225
2014-09-15,1412.5193009270636,0b21e6c4-230b-4a54-be50-a258347ccdf1,47.7052195,-123.9606225
2014-09-16,612.4136985179722,0b21e6c4-230b-4a54-be50-a258347ccdf1,47.7052195,-123.9606225
2014-09-17,3781.788808828479,0b21e6c4-230b-4a54-be50-a258347ccdf1,47.7052195,-123.9606225
2014-09-18,1716.9426567318967,0b21e6c4-230b-4a54-be50-a258347ccdf1,47.7052195,-123.9606225
2014-09-19,913.2059235605036,0b21e6c4-230b-4a54-be50-a258347ccdf1,47.7052195,-123.9606225
2014-09-20,-532.5392114049689,0b21e6c4-230b-4a54-be50-a258347ccdf1,47.7052195,-123.9606225
2014-09-21,1587.9687127559887,0b21e6c4-230b-4a54-be50-a258347ccdf1,47.7052195,-123.9606225
2014-09-22,587.2864752495061,0b21e6c4-230b-4a54-be50-a258347ccdf1,47.7052195,-123.9606225
2014-09-23,4449.649776649651,0b21e6c4-230b-4a54-be50-a258347ccdf1,47.7052195,-123.9606225
2014-09-24,3410.524800531309,0b21e6c4-230b-4a54-be50-a258347ccdf1,47.7052195,-123.9606225
2014-09-25,1159.9536422937301,0b21e6c4-230b-4a54-be50-a258347ccdf1,47.7052195,-123.9606225
2014-09-26,2414.1791852033793,0b21e6c4-230b-4a54-be50-a258347ccdf1,47.7052195,-123.9606225
2014-09-27,-254.84036136357412,0b21e6c4-230b-4a54-be50-a258347ccdf1,47.7052195,-123.9606225
2014-09-28,-383.86679949416373,0b21e6c4-230b-4a54-be50-a258347ccdf1,47.7052195,-123.9606225
2014-09-29,2394.6257539780004,0b21e6c4-230b-4a54-be50-a258347ccdf1,47.7052195,-123.9606225
2014-09-30,2253.298393333149,0b21e6c4-230b-4a54-be50-a258347ccdf1,47.7052195,-123.9606225
2014-10-01,120.84022034808076,0b21e6c4-230b-4a54-be50-a258347ccdf1,47.7052195,-123.9606225
2014-10-02,1085.693573332605,0b21e6c4-230b-4a54-be50-a258347ccdf1,47.7052195,-123.9606225
2014-10-03,-605.5962135065547,0b21e6c4-230b-4a54-be50-a258347ccdf1,47.7052195,-123.9606225
2014-10-04,-389.447756034098,0b21e6c4-230b-4a54-be50-a258347ccdf1,47.7052195,-123.9606225
2014-10-05,0.46620631931360385,0b21e6c4-230b-4a54-be50-a258347ccdf1,47.7052195,-123.9606225
2014-10-06,-377.4448492953773,0b21e6c4-230b-4a54-be50-a258347ccdf1,47.7052195,-123.9606225
2014-10-07,-113.25980967457255,0b21e6c4-230b-4a54-be50-a258347ccdf1,47.7052195,-123.9606225
2014-10-08,2206.969022080295,0b21e6c4-230b-4a54-be50-a258347ccdf1,47.7052195,-123.9606225
2014-10-09,-5.729041003666354,0b21e6c4-230b-4a54-be50-a258347ccdf1,47.7052195,-123.9606225
2014-10-10,2741.420931248122,0b21e6c4-230b-4a54-be50-a258347ccdf1,47.7052195,-123.9606225
2014-10-11,3985.810607094443,0b21e6c4-230b-4a54-be50-a258347ccdf1,47.7052195,-123.9606225
2014-10-12,4285.929237515577,0b21e6c4-230b-4a54-be50-a258347ccdf1,47.7052195,-123.9606225
2014-10-13,4438.91619585687,0b21e6c4-230b-4a54-be50-a258347ccdf1,47.7052195,-123.9606225
2014-10-14,1105.0000955266232,0b21e6c4-230b-4a54-be50-a258347ccdf1,47.7052195,-123.9606225
2014-10-15,5153.308491862037,0b21e6c4-230b-4a54-be50-a258347ccdf1,47.7052195,-123.9606225
2014-10-16,677.3152060190866,0b21e6c4-230b-4a54-be50-a258347ccdf1,47.7052195,-123.9606225
2014-10-17,2062.116201315537,0b21e6c4-230b-4a54-be50-a258347ccdf1,47.7052195,-123.9606225
2014-10-18,2133.9905383152745,0b21e6c4-230b-4a54-be50-a258347ccdf1,47.7052195,-123.9606225
2014-10-19,1719.5619603882928,0b21e6c4-230b-4a54-be50-a258347ccdf1,47.7052195,-123.9606225
2014-10-20,6270.204517954457,0b21e6c4-230b-4a54-be50-a258347ccdf1,47.7052195,-123.9606225
2014-10-21,2250.896289927854,0b21e6c4-230b-4a54-be50-a258347ccdf1,47.7052195,-123.9606225
2014-10-22,3944.7735473129696,0b21e6c4-230b-4a54-be50-a258347ccdf1,47.7052195,-123.9606225
2014-10-23,6196.117202070651,0b21e6c4-230b-4a54-be50-a258347ccdf1,47.7052195,-123.9606225
2014-10-24,2067.0048809556292,0b21e6c4-230b-4a54-be50-a258347ccdf1,47.7052195,-123.9606225
2014-10-25,3877.4246704331426,0b21e6c4-230b-4a54-be50-a258347ccdf1,47.7052195,-123.9606225
2014-10-26,1162.955616510639,0b21e6c4-230b-4a54-be50-a258347ccdf1,47.7052195,-123.9606225
2014-10-27,2237.327906511276,0b21e6c4-230b-4a54-be50-a258347ccdf1,47.7052195,-123.9606225
2014-10-28,4972.606630457521,0b21e6c4-230b-4a54-be50-a258347ccdf1,47.7052195,-123.9606225
2014-10-29,141.78577017203884,0b21e6c4-230b-4a54-be50-a258347ccdf1,47.7052195,-123.9606225
2014-10-30,3695.2683115441605,0b21e6c4-230b-4a54-be50-a258347ccdf1,47.7052195,-123.9606225
2014-10-31,1745.5657314155217,0b21e6c4-230b-4a54-be50-a258347ccdf1,47.7052195,-123.9606225
2014-11-01,-688.7466133537117,0b21e6c4-230b-4a54-be50-a258347ccdf1,47.7052195,-123.9606225
2014-11-02,3585.8900806972506,0b21e6c4-230b-4a54-be50-a258347ccdf1,47.7052195,-123.9606225
2014-11-03,3176.6703785583627,0b21e6c4-230b-4a54-be50-a258347ccdf1,47.7052195,-123.9606225
2014-11-04,1219.522357779051,0b21e6c4-230b-4a54-be50-a258347ccdf1,47.7052195,-123.9606225
2014-11-05,4095.019018896074,0b21e6c4-230b-4a54-be50-a258347ccdf1,47.7052195,-123.9606225
2014-11-06,3265.309683670406,0b21e6c4-230b-4a54-be50-a258347ccdf1,47.7052195,-123.9606225
2014-11-07,344.0881255856688,0b21e6c4-230b-4a54-be50-a258347ccdf1,47.7052195,-123.9606225
2014-11-08,996.2242328302268,0b21e6c4-230b-4a54-be50-a258347ccdf1,47.7052195,-123.9606225
2014-11-09,1579.695197285224,0b21e6c4-230b-4a54-be50-a258347ccdf1,47.7052195,-123.9606225
2014-11-10,517.1394506764188,0b21e6c4-230b-4a54-be50-a258347ccdf1,47.7052195,-123.9606225
2014-11-11,1925.899979075119,0b21e6c4-230b-4a54-be50-a258347ccdf1,47.7052195,-123.9606225
2014-11-12,-650.99849431844,0b21e6c4-230b-4a54-be50-a258347ccdf1,47.7052195,-123.9606225
2014-11-13,914.7467543692048,0b21e6c4-230b-4a54-be50-a258347ccdf1,47.7052195,-123.9606225
2014-11-14,2.4021034052965766,0b21e6c4-230b-4a54-be50-a258347ccdf1,47.7052195,-123.9606225
2014-11-15,1387.2299234877219,0b21e6c4-230b-4a54-be50-a258347ccdf1,47.7052195,-123.9606225
2014-11-16,359.5385336208227,0b21e6c4-230b-4a54-be50-a258347ccdf1,47.7052195,-123.9606225
2014-11-17,1217.812413002537,0b21e6c4-230b-4a54-be50-a258347ccdf1,47.7052195,-123.9606225
2014-11-18,1300.66895475677,0b21e6c4-230b-4a54-be50-a258347ccdf1,47.7052195,-123.9606225
2014-11-19,1037.3364857119454,0b21e6c4-230b-4a54-be50-a258347ccdf1,47.7052195,-123.9606225
2014-11-20,2080.664596923131,0b21e6c4-230b-4a54-be50-a258347ccdf1,47.7052195,-123.9606225
2014-11-21,4261.236705878069,0b21e6c4-230b-4a54-be50-a258347ccdf1,47.7052195,-123.9606225
2014-11-22,3937.194992585314,0b21e6c4-230b-4a54-be50-a258347ccdf1,47.7052195,-123.9606225
2014-11-23,453.6138677365644,0b21e6c4-230b-4a54-be50-a258347ccdf1,47.7052195,-123.9606225
2014-11-24,4402.909104142214,0b21e6c4-230b-4a54-be50-a258347ccdf1,47.7052195,-123.9606225
2014-11-25,1994.6221785529076,0b21e6c4-230b-4a54-be50-a258347ccdf1,47.7052195,-123.9606225
2014-11-26,1832.1494536786838,0b21e6c4-230b-4a54-be50-a258347ccdf1,47.7052195,-123.9606225
2014-11-27,3353.738138777438,0b21e6c4-230b-4a54-be50-a258347ccdf1,47.7052195,-123.9606225
2014-11-28,5270.481208548265,0b21e6c4-230b-4a54-be50-a258347ccdf1,47.7052195,-123.9606225
2014-11-29,5865.158405888078,0b21e6c4-230b-4a54-be50-a258347ccdf1,47.7052195,-123.9606225
2014-11-30,1814.4685990338155,0b21e6c4-230b-4a54-be50-a258347ccdf1,47.7052195,-123.9606225
2014-12-01,1703.0736464787076,0b21e6c4-230b-4a54-be50-a258347ccdf1,47.7052195,-123.9606225
2014-12-02,1498.384330904227,0b21e6c4-230b-4a54-be50-a258347ccdf1,47.7052195,-123.9606225
2014-12-03,1453.8858638791073,0b21e6c4-230b-4a54-be50-a258347ccdf1,47.7052195,-123.9606225
2014-12-04,1830.51760874114,0b21e6c4-230b-4a54-be50-a258347ccdf1,47.7052195,-123.9606225
2014-12-05,3299.599165734145,0b21e6c4-230b-4a54-be50-a258347ccdf1,47.7052195,-123.9606225
2014-12-06,1950.1719479243413,0b21e6c4-230b-4a54-be50-a258347ccdf1,47.7052195,-123.9606225
2014-12-07,815.5606821510775,0b21e6c4-230b-4a54-be50-a258347ccdf1,47.7052195,-123.9606225
2014-12-08,3457.6855127050394,0b21e6c4-230b-4a54-be50-a258347ccdf1,47.7052195,-123.9606225
2014-12-09,4292.370042850513,0b21e6c4-230b-4a54-be50-a258347ccdf1,47.7052195,-123.9606225
2014-12-10,4576.25842226407,0b21e6c4-230b-4a54-be50-a258347ccdf1,47.7052195,-123.9606225
2014-12-11,853.1633960169943,0b21e6c4-230b-4a54-be50-a258347ccdf1,47.7052195,-123.9606225
2014-12-12,1579.340370461347,0b21e6c4-230b-4a54-be50-a258347ccdf1,47.7052195,-123.9606225
2014-12-13,531.1917492289632,0b21e6c4-230b-4a54-be50-a258347ccdf1,47.7052195,-123.9606225
2014-12-14,866.2929892555284,0b21e6c4-230b-4a54-be50-a258347ccdf1,47.7052195,-123.9606225
2014-12-15,353.73382188378474,0b21e6c4-230b-4a54-be50-a258347ccdf1,47.7052195,-123.9606225
2014-12-16,2378.7423783400195,0b21e6c4-230b-4a54-be50-a258347ccdf1,47.7052195,-123.9606225
2014-12-17,1757.8539306931577,0b21e6c4-230b-4a54-be50-a258347ccdf1,47.7052195,-123.9606225
2014-12-18,1174.8082462221491,0b21e6c4-230b-4a54-be50-a258347ccdf1,47.7052195,-123.9606225
2014-12-19,3080.7415822848147,0b21e6c4-230b-4a54-be50-a258347ccdf1,47.7052195,-123.9606225
2014-12-20,3403.476400374829,0b21e6c4-230b-4a54-be50-a258347ccdf1,47.7052195,-123.9606225
2014-12-21,3653.282494973478,0b21e6c4-230b-4a54-be50-a258347ccdf1,47.7052195,-123.9606225
2014-12-22,796.6405014692904,0b21e6c4-230b-4a54-be50-a258347ccdf1,47.7052195,-123.9606225
2014-12-23,1603.440846274916,0b21e6c4-230b-4a54-be50-a258347ccdf1,47.7052195,-123.9606225
2014-12-24,2974.3813058944456,0b21e6c4-230b-4a54-be50-a258347ccdf1,47.7052195,-123.9606225
2014-12-25,706.4288008224387,0b21e6c4-230b-4a54-be50-a258347ccdf1,47.7052195,-123.9606225
2014-12-26,2044.0204017576882,0b21e6c4-230b-4a54-be50-a258347ccdf1,47.7052195,-123.9606225
2014-12-27,4249.013482900732,0b21e6c4-230b-4a54-be50-a258347ccdf1,47.7052195,-123.9606225
2014-12-28,632.5573023281195,0b21e6c4-230b-4a54-be50-a258347ccdf1,47.7052195,-123.9606225
2014-12-29,2432.4889234604275,0b21e6c4-230b-4a54-be50-a258347ccdf1,47.7052195,-123.9606225
2014-12-30,727.5625471947002,0b21e6c4-230b-4a54-be50-a258347ccdf1,47.7052195,-123.9606225
2014-12-31,1763.1541071899694,0b21e6c4-230b-4a54-be50-a258347ccdf1,47.7052195,-123.9606225
2015-01-01,1161.6181482391262,0b21e6c4-230b-4a54-be50-a258347ccdf1,47.7052195,-123.9606225
2015-01-02,2252.6828788995313,0b21e6c4-230b-4a54-be50-a258347ccdf1,47.7052195,-123.9606225
2015-01-03,639.4577499385894,0b21e6c4-230b-4a54-be50-a258347ccdf1,47.7052195,-123.9606225
2015-01-04,4228.379832055093,0b21e6c4-230b-4a54-be50-a258347ccdf1,47.7052195,-123.9606225
2015-01-05,2576.830963363264,0b21e6c4-230b-4a54-be50-a258347ccdf1,47.7052195,-123.9606225
2015-01-06,1865.484174422518,0b21e6c4-230b-4a54-be50-a258347ccdf1,47.7052195,-123.9606225
2015-01-07,1459.94998953756,0b21e6c4-230b-4a54-be50-a258347ccdf1,47.7052195,-123.9606225
2015-01-08,420.302387255838,0b21e6c4-230b-4a54-be50-a258347ccdf1,47.7052195,-123.9606225
2015-01-09,-36.47886132263434,0b21e6c4-230b-4a54-be50-a258347ccdf1,47.7052195,-123.9606225
2015-01-10,1194.375287717095,0b21e6c4-230b-4a54-be50-a258347ccdf1,47.7052195,-123.9606225
2015-01-11,2695.086651746317,0b21e6c4-230b-4a54-be50-a258347ccdf1,47.7052195,-123.9606225
2015-01-12,2980.2458718851494,0b21e6c4-230b-4a54-be50-a258347ccdf1,47.7052195,-123.9606225
2015-01-13,1429.9461411792518,0b21e6c4-230b-4a54-be50-a258347ccdf1,47.7052195,-123.9606225
2015-01-14,2267.4461593747997,0b21e6c4-230b-4a54-be50-a258347ccdf1,47.7052195,-123.9606225
2015-01-15,2577.330690430051,0b21e6c4-230b-4a54-be50-a258347ccdf1,47.7052195,-123.9606225
2015-01-16,1339.7454897786497,0b21e6c4-230b-4a54-be50-a258347ccdf1,47.7052195,-123.9606225
2015-01-17,3860.2483601262747,0b21e6c4-230b-4a54-be50-a258347ccdf1,47.7052195,-123.9606225
2015-01-18,2485.735900725091,0b21e6c4-230b-4a54-be50-a258347ccdf1,47.7052195,-123.9606225
2015-01-19,4192.114868491676,0b21e6c4-230b-4a54-be50-a258347ccdf1,47.7052195,-123.9606225
2015-01-20,837.0570930793234,0b21e6c4-230b-4a54-be50-a258347ccdf1,47.7052195,-123.9606225
2015-01-21,1886.7033989282816,0b21e6c4-230b-4a54-be50-a258347ccdf1,47.7052195,-123.9606225
2015-01-22,3967.7226179753798,0b21e6c4-230b-4a54-be50-a258347ccdf1,47.7052195,-123.9606225
2015-01-23,4467.811548714026,0b21e6c4-230b-4a54-be50-a258347ccdf1,47.7052195,-123.9606225
2015-01-24,3152.0262698217743,0b21e6c4-230b-4a54-be50-a258347ccdf1,47.7052195,-123.9606225
2015-01-25,1393.9402094307516,0b21e6c4-230b-4a54-be50-a258347ccdf1,47.7052195,-123.9606225
2015-01-26,562.1820555510067,0b21e6c4-230b-4a54-be50-a258347ccdf1,47.7052195,-123.9606225
2015-01-27,1372.3433317867114,0b21e6c4-230b-4a54-be50-a258347ccdf1,47.7052195,-123.9606225
2015-01-28,3076.3247723282107,0b21e6c4-230b-4a54-be50-a258347ccdf1,47.7052195,-123.9606225
2015-01-29,467.03235168354263,0b21e6c4-230b-4a54-be50-a258347ccdf1,47.7052195,-123.9606225
2015-01-30,1417.8354349190743,0b21e6c4-230b-4a54-be50-a258347ccdf1,47.7052195,-123.9606225
2015-01-31,-387.51052157537055,0b21e6c4-230b-4a54-be50-a258347ccdf1,47.7052195,-123.9606225
2015-02-01,3470.506445772719,0b21e6c4-230b-4a54-be50-a258347ccdf1,47.7052195,-123.9606225
2015-02-02,1672.185699209402,0b21e6c4-230b-4a54-be50-a258347ccdf1,47.7052195,-123.9606225
2015-02-03,2272.133296032459,0b21e6c4-230b-4a54-be50-a258347ccdf1,47.7052195,-123.9606225
2015-02-04,4914.028489678572,0b21e6c4-230b-4a54-be50-a258347ccdf1,47.7052195,-123.9606225
2015-02-05,3726.44979848431,0b21e6c4-230b-4a54-be50-a258347ccdf1,47.7052195,-123.9606225
2015-02-06,3113.0649444580904,0b21e6c4-230b-4a54-be50-a258347ccdf1,47.7052195,-123.9606225
2015-02-07,4726.221630866925,0b21e6c4-230b-4a54-be50-a258347ccdf1,47.7052195,-123.9606225
2015-02-08,2504.4852343131615,0b21e6c4-230b-4a54-be50-a258347ccdf1,47.7052195,-123.9606225
2015-02-09,2997.556519919574,0b21e6c4-230b-4a54-be50-a258347ccdf1,47.7052195,-123.9606225
2015-02-10,562.817093807145,0b21e6c4-230b-4a54-be50-a258347ccdf1,47.7052195,-123.9606225
2015-02-11,4148.826846620628,0b21e6c4-230b-4a54-be50-a258347ccdf1,47.7052195,-123.9606225
2015-02-12,1692.0667276217498,0b21e6c4-230b-4a54-be50-a258347ccdf1,47.7052195,-123.9606225
2015-02-13,625.361736583058,0b21e6c4-230b-4a54-be50-a258347ccdf1,47.7052195,-123.9606225
2015-02-14,290.95480225988666,0b21e6c4-230b-4a54-be50-a258347ccdf1,47.7052195,-123.9606225
2015-02-15,1312.0444790159834,0b21e6c4-230b-4a54-be50-a258347ccdf1,47.7052195,-123.9606225
2015-02-16,-119.89469781744401,0b21e6c4-230b-4a54-be50-a258347ccdf1,47.7052195,-123.9606225
2015-02-17,607.6811958113848,0b21e6c4-230b-4a54-be50-a258347ccdf1,47.7052195,-123.9606225
2015-02-18,987.0184411874411,0b21e6c4-230b-4a54-be50-a258347ccdf1,47.7052195,-123.9606225
2015-02-19,4141.838714666521,0b21e6c4-230b-4a54-be50-a258347ccdf1,47.7052195,-123.9606225
2015-02-20,2364.881956385271,0b21e6c4-230b-4a54-be50-a258347ccdf1,47.7052195,-123.9606225
2015-02-21,-58.42991529972604,0b21e6c4-230b-4a54-be50-a258347ccdf1,47.7052195,-123.9606225
2015-02-22,1235.8003584522864,0b21e6c4-230b-4a54-be50-a258347ccdf1,47.7052195,-123.9606225
2015-02-23,-444.3633377912425,0b21e6c4-230b-4a54-be50-a258347ccdf1,47.7052195,-123.9606225
2015-02-24,830.9352056551761,0b21e6c4-230b-4a54-be50-a258347ccdf1,47.7052195,-123.9606225
2015-02-25,3730.4907157218595,0b21e6c4-230b-4a54-be50-a258347ccdf1,47.7052195,-123.9606225
2015-02-26,555.6966301845937,0b21e6c4-230b-4a54-be50-a258347ccdf1,47.7052195,-123.9606225
2015-02-27,4176.165493053849,0b21e6c4-230b-4a54-be50-a258347ccdf1,47.7052195,-123.9606225
2015-02-28,-383.0477269212222,0b21e6c4-230b-4a54-be50-a258347ccdf1,47.7052195,-123.9606225
2015-03-01,1888.5558375865407,0b21e6c4-230b-4a54-be50-a258347ccdf1,47.7052195,-123.9606225
2015-03-02,-13.545179544565318,0b21e6c4-230b-4a54-be50-a258347ccdf1,47.7052195,-123.9606225
2015-03-03,1283.6028230392017,0b21e6c4-230b-4a54-be50-a258347ccdf1,47.7052195,-123.9606225
2015-03-04,-788.1023999927215,0b21e6c4-230b-4a54-be50-a258347ccdf1,47.7052195,-123.9606225
2015-03-05,1507.2011153870642,0b21e6c4-230b-4a54-be50-a258347ccdf1,47.7052195,-123.9606225
2015-03-06,192.3938926644647,0b21e6c4-230b-4a54-be50-a258347ccdf1,47.7052195,-123.9606225
2015-03-07,-394.1628319550204,0b21e6c4-230b-4a54-be50-a258347ccdf1,47.7052195,-123.9606225
2015-03-08,-339.0888033698151,0b21e6c4-230b-4a54-be50-a258347ccdf1,47.7052195,-123.9606225
2015-03-09,-199.04182246604248,0b21e6c4-230b-4a54-be50-a258347ccdf1,47.7052195,-123.9606225
2015-03-10,1325.1216008442725,0b21e6c4-230b-4a54-be50-a258347ccdf1,47.7052195,-123.9606225
2015-03-11,2835.3164751585273,0b21e6c4-230b-4a54-be50-a258347ccdf1,47.7052195,-123.9606225
2015-03-12,3369.6181300435765,0b21e6c4-230b-4a54-be50-a258347ccdf1,47.7052195,-123.9606225
2015-03-13,462.49022899096553,0b21e6c4-230b-4a54-be50-a258347ccdf1,47.7052195,-123.9606225
2015-03-14,4202.645637162585,0b21e6c4-230b-4a54-be50-a258347ccdf1,47.7052195,-123.9606225
2015-03-15,4667.969804488839,0b21e6c4-230b-4a54-be50-a258347ccdf1,47.7052195,-123.9606225
2015-03-16,514.6970350355266,0b21e6c4-230b-4a54-be50-a258347ccdf1,47.7052195,-123.9606225
2015-03-17,4329.4009570858,0b21e6c4-230b-4a54-be50-a258347ccdf1,47.7052195,-123.9606225
2015-03-18,326.82626891199686,0b21e6c4-230b-4a54-be50-a258347ccdf1,47.7052195,-123.9606225
2015-03-19,4162.316657114,0b21e6c4-230b-4a54-be50-a258347ccdf1,47.7052195,-123.9606225
2015-03-20,6725.508410891846,0b21e6c4-230b-4a54-be50-a258347ccdf1,47.7052195,-123.9606225
2015-03-21,4430.663391468107,0b21e6c4-230b-4a54-be50-a258347ccdf1,47.7052195,-123.9606225
2015-03-22,4885.241095553915,0b21e6c4-230b-4a54-be50-a258347ccdf1,47.7052195,-123.9606225
2015-03-23,4146.696830335613,0b21e6c4-230b-4a54-be50-a258347ccdf1,47.7052195,-123.9606225
2015-03-24,1150.1796355431818,0b21e6c4-230b-4a54-be50-a258347ccdf1,47.7052195,-123.9606225
2015-03-25,6768.861886696322,0b21e6c4-230b-4a54-be50-a258347ccdf1,47.7052195,-123.9606225
2015-03-26,371.32735609596307,0b21e6c4-230b-4a54-be50-a258347ccdf1,47.7052195,-123.9606225
2015-03-27,691.0687473275284,0b21e6c4-230b-4a54-be50-a258347ccdf1,47.7052195,-123.9606225
2015-03-28,1316.51480207793,0b21e6c4-230b-4a54-be50-a258347ccdf1,47.7052195,-123.9606225
2015-03-29,4646.675960042575,0b21e6c4-230b-4a54-be50-a258347ccdf1,47.7052195,-123.9606225
2015-03-30,1355.513405569657,0b21e6c4-230b-4a54-be50-a258347ccdf1,47.7052195,-123.9606225
2015-03-31,4425.800522212213,0b21e6c4-230b-4a54-be50-a258347ccdf1,47.7052195,-123.9606225
2015-04-01,1018.1380769125792,0b21e6c4-230b-4a54-be50-a258347ccdf1,47.7052195,-123.9606225
2015-04-02,53.71650427140473,0b21e6c4-230b-4a54-be50-a258347ccdf1,47.7052195,-123.9606225
2015-04-03,4343.665624971568,0b21e6c4-230b-4a54-be50-a258347ccdf1,47.7052195,-123.9606225
2015-04-04,2895.359375710763,0b21e6c4-230b-4a54-be50-a258347ccdf1,47.7052195,-123.9606225
2015-04-05,-1079.763576152915,0b21e6c4-230b-4a54-be50-a258347ccdf1,47.7052195,-123.9606225
2015-04-06,1331.1780434327713,0b21e6c4-230b-4a54-be50-a258347ccdf1,47.7052195,-123.9606225
2015-04-07,1889.1702511895323,0b21e6c4-230b-4a54-be50-a258347ccdf1,47.7052195,-123.9606225
2015-04-08,1516.885622788103,0b21e6c4-230b-4a54-be50-a258347ccdf1,47.7052195,-123.9606225
2015-04-09,-638.7245467034211,0b21e6c4-230b-4a54-be50-a258347ccdf1,47.7052195,-123.9606225
2015-04-10,6375.017576898923,0b21e6c4-230b-4a54-be50-a258347ccdf1,47.7052195,-123.9606225
2015-04-11,1234.5716358707018,0b21e6c4-230b-4a54-be50-a258347ccdf1,47.7052195,-123.9606225
2015-04-12,4530.095704031221,0b21e6c4-230b-4a54-be50-a258347ccdf1,47.7052195,-123.9606225
2015-04-13,4687.047927072241,0b21e6c4-230b-4a54-be50-a258347ccdf1,47.7052195,-123.9606225
2015-04-14,6077.355859421197,0b21e6c4-230b-4a54-be50-a258347ccdf1,47.7052195,-123.9606225
2015-04-15,61.31317721553532,0b21e6c4-230b-4a54-be50-a258347ccdf1,47.7052195,-123.9606225
2015-04-16,-485.21279692859133,0b21e6c4-230b-4a54-be50-a258347ccdf1,47.7052195,-123.9606225
2015-04-17,-353.66245439740896,0b21e6c4-230b-4a54-be50-a258347ccdf1,47.7052195,-123.9606225
2015-04-18,2120.966406470336,0b21e6c4-230b-4a54-be50-a258347ccdf1,47.7052195,-123.9606225
2015-04-19,-820.3229618712304,0b21e6c4-230b-4a54-be50-a258347ccdf1,47.7052195,-123.9606225
2015-04-20,168.8378640246732,0b21e6c4-230b-4a54-be50-a258347ccdf1,47.7052195,-123.9606225
2015-04-21,1396.7535958950834,0b21e6c4-230b-4a54-be50-a258347ccdf1,47.7052195,-123.9606225
2015-04-22,1559.7299280366087,0b21e6c4-230b-4a54-be50-a258347ccdf1,47.7052195,-123.9606225
2015-04-23,3818.589103596347,0b21e6c4-230b-4a54-be50-a258347ccdf1,47.7052195,-123.9606225
2015-04-24,1509.2495473857537,0b21e6c4-230b-4a54-be50-a258347ccdf1,47.7052195,-123.9606225
2015-04-25,666.5659952509617,0b21e6c4-230b-4a54-be50-a258347ccdf1,47.7052195,-123.9606225
2015-04-26,720.6366576598698,0b21e6c4-230b-4a54-be50-a258347ccdf1,47.7052195,-123.9606225
2015-04-27,923.0750429869803,0b21e6c4-230b-4a54-be50-a258347ccdf1,47.7052195,-123.9606225
2015-04-28,2187.409340684333,0b21e6c4-230b-4a54-be50-a258347ccdf1,47.7052195,-123.9606225
2015-04-29,559.2609514451811,0b21e6c4-230b-4a54-be50-a258347ccdf1,47.7052195,-123.9606225
2015-04-30,670.6183756834695,0b21e6c4-230b-4a54-be50-a258347ccdf1,47.7052195,-123.9606225
2015-05-01,-461.44695088111916,0b21e6c4-230b-4a54-be50-a258347ccdf1,47.7052195,-123.9606225
2015-05-02,-1419.4565126413554,0b21e6c4-230b-4a54-be50-a258347ccdf1,47.7052195,-123.9606225
2015-05-03,-1195.6729304839089,0b21e6c4-230b-4a54-be50-a258347ccdf1,47.7052195,-123.9606225
2015-05-04,1374.6585332569116,0b21e6c4-230b-4a54-be50-a258347ccdf1,47.7052195,-123.9606225
2015-05-05,2117.4587870847995,0b21e6c4-230b-4a54-be50-a258347ccdf1,47.7052195,-123.9606225
2015-05-06,911.2655048809554,0b21e6c4-230b-4a54-be50-a258347ccdf1,47.7052195,-123.9606225
2015-05-07,-1670.1049974071336,0b21e6c4-230b-4a54-be50-a258347ccdf1,47.7052195,-123.9606225
2015-05-08,-319.1969895466578,0b21e6c4-230b-4a54-be50-a258347ccdf1,47.7052195,-123.9606225
2015-05-09,-219.733007633032,0b21e6c4-230b-4a54-be50-a258347ccdf1,47.7052195,-123.9606225
2015-05-10,192.91849304475187,0b21e6c4-230b-4a54-be50-a258347ccdf1,47.7052195,-123.9606225
2015-05-11,2794.817112002691,0b21e6c4-230b-4a54-be50-a258347ccdf1,47.7052195,-123.9606225
2015-05-12,692.4089358334013,0b21e6c4-230b-4a54-be50-a258347ccdf1,47.7052195,-123.9606225
2015-05-13,1380.0197330713158,0b21e6c4-230b-4a54-be50-a258347ccdf1,47.7052195,-123.9606225
2015-05-14,969.9782108318093,0b21e6c4-230b-4a54-be50-a258347ccdf1,47.7052195,-123.9606225
2015-05-15,196.4083308314454,0b21e6c4-230b-4a54-be50-a258347ccdf1,47.7052195,-123.9606225
2015-05-16,1374.5220302591947,0b21e6c4-230b-4a54-be50-a258347ccdf1,47.7052195,-123.9606225
2015-05-17,494.220839360608,0b21e6c4-230b-4a54-be50-a258347ccdf1,47.7052195,-123.9606225
2015-05-18,-840.0280165943387,0b21e6c4-230b-4a54-be50-a258347ccdf1,47.7052195,-123.9606225
2015-05-19,-424.41690093434124,0b21e6c4-230b-4a54-be50-a258347ccdf1,47.7052195,-123.9606225
2015-05-20,978.7638581839021,0b21e6c4-230b-4a54-be50-a258347ccdf1,47.7052195,-123.9606225
2015-05-21,4024.4591191535415,0b21e6c4-230b-4a54-be50-a258347ccdf1,47.7052195,-123.9606225
2015-05-22,2951.9456680950157,0b21e6c4-230b-4a54-be50-a258347ccdf1,47.7052195,-123.9606225
2015-05-23,-374.9045370597812,0b21e6c4-230b-4a54-be50-a258347ccdf1,47.7052195,-123.9606225
2015-05-24,84.29237060691241,0b21e6c4-230b-4a54-be50-a258347ccdf1,47.7052195,-123.9606225
2015-05-25,366.45193191226076,0b21e6c4-230b-4a54-be50-a258347ccdf1,47.7052195,-123.9606225
2015-05-26,-219.20572795836853,0b21e6c4-230b-4a54-be50-a258347ccdf1,47.7052195,-123.9606225
2015-05-27,-870.5424365657723,0b21e6c4-230b-4a54-be50-a258347ccdf1,47.7052195,-123.9606225
2015-05-28,-1521.5827851924619,0b21e6c4-230b-4a54-be50-a258347ccdf1,47.7052195,-123.9606225
2015-05-29,430.5468034971843,0b21e6c4-230b-4a54-be50-a258347ccdf1,47.7052195,-123.9606225
2015-05-30,-2159.6887378658425,0b21e6c4-230b-4a54-be50-a258347ccdf1,47.7052195,-123.9606225
2015-05-31,2581.7356232429897,0b21e6c4-230b-4a54-be50-a258347ccdf1,47.7052195,-123.9606225
2015-06-01,2939.053757881282,0b21e6c4-230b-4a54-be50-a258347ccdf1,47.7052195,-123.9606225
2015-06-02,2382.5216072127137,0b21e6c4-230b-4a54-be50-a258347ccdf1,47.7052195,-123.9606225
2015-06-03,1389.6854626672855,0b21e6c4-230b-4a54-be50-a258347ccdf1,47.7052195,-123.9606225
2015-06-04,348.3379686490714,0b21e6c4-230b-4a54-be50-a258347ccdf1,47.7052195,-123.9606225
2015-06-05,618.2370061046058,0b21e6c4-230b-4a54-be50-a258347ccdf1,47.7052195,-123.9606225
2015-06-06,-1589.4110647124628,0b21e6c4-230b-4a54-be50-a258347ccdf1,47.7052195,-123.9606225
2015-06-07,-114.03265417953561,0b21e6c4-230b-4a54-be50-a258347ccdf1,47.7052195,-123.9606225
2015-06-08,-2126.6070444062316,0b21e6c4-230b-4a54-be50-a258347ccdf1,47.7052195,-123.9606225
2015-06-09,-768.0198786356971,0b21e6c4-230b-4a54-be50-a258347ccdf1,47.7052195,-123.9606225
2015-06-10,-1493.2222677110894,0b21e6c4-230b-4a54-be50-a258347ccdf1,47.7052195,-123.9606225
2015-06-11,-977.131194446718,0b21e6c4-230b-4a54-be50-a258347ccdf1,47.7052195,-123.9606225
2015-06-12,-851.5718087284034,0b21e6c4-230b-4a54-be50-a258347ccdf1,47.7052195,-123.9606225
2015-06-13,-1066.0742924206443,0b21e6c4-230b-4a54-be50-a258347ccdf1,47.7052195,-123.9606225
2015-06-14,433.1462785556371,0b21e6c4-230b-4a54-be50-a258347ccdf1,47.7052195,-123.9606225
2015-06-15,-847.0737738475391,0b21e6c4-230b-4a54-be50-a258347ccdf1,47.7052195,-123.9606225
2015-06-16,214.08121582648727,0b21e6c4-230b-4a54-be50-a258347ccdf1,47.7052195,-123.9606225
2015-06-17,-1697.1083726812046,0b21e6c4-230b-4a54-be50-a258347ccdf1,47.7052195,-123.9606225
2015-06-18,-580.6411792534361,0b21e6c4-230b-4a54-be50-a258347ccdf1,47.7052195,-123.9606225
2015-06-19,-856.2880810065773,0b21e6c4-230b-4a54-be50-a258347ccdf1,47.7052195,-123.9606225
2015-06-20,-961.579946687045,0b21e6c4-230b-4a54-be50-a258347ccdf1,47.7052195,-123.9606225
2015-06-21,838.8564553253815,0b21e6c4-230b-4a54-be50-a258347ccdf1,47.7052195,-123.9606225
2015-06-22,-125.22628892709946,0b21e6c4-230b-4a54-be50-a258347ccdf1,47.7052195,-123.9606225
2015-06-23,226.39989264626934,0b21e6c4-230b-4a54-be50-a258347ccdf1,47.7052195,-123.9606225
2015-06-24,5325.177779597335,0b21e6c4-230b-4a54-be50-a258347ccdf1,47.7052195,-123.9606225
2015-06-25,4.56735991702829,0b21e6c4-230b-4a54-be50-a258347ccdf1,47.7052195,-123.9606225
2015-06-26,-1266.6269230419305,0b21e6c4-230b-4a54-be50-a258347ccdf1,47.7052195,-123.9606225
2015-06-27,-404.09794208357164,0b21e6c4-230b-4a54-be50-a258347ccdf1,47.7052195,-123.9606225
2015-06-28,5318.505454115375,0b21e6c4-230b-4a54-be50-a258347ccdf1,47.7052195,-123.9606225
2015-06-29,-976.9832373518193,0b21e6c4-230b-4a54-be50-a258347ccdf1,47.7052195,-123.9606225
2015-06-30,808.3068042250052,0b21e6c4-230b-4a54-be50-a258347ccdf1,47.7052195,-123.9606225
2015-07-01,-1817.4225233585328,0b21e6c4-230b-4a54-be50-a258347ccdf1,47.7052195,-123.9606225
2015-07-02,488.5248869601604,0b21e6c4-230b-4a54-be50-a258347ccdf1,47.7052195,-123.9606225
2015-07-03,-1666.0301227289679,0b21e6c4-230b-4a54-be50-a258347ccdf1,47.7052195,-123.9606225
2015-07-04,-300.7174868309723,0b21e6c4-230b-4a54-be50-a258347ccdf1,47.7052195,-123.9606225
2015-07-05,-49.0452523267556,0b21e6c4-230b-4a54-be50-a258347ccdf1,47.7052195,-123.9606225
2015-07-06,736.5720589171823,0b21e6c4-230b-4a54-be50-a258347ccdf1,47.7052195,-123.9606225
2015-07-07,4812.912429378529,0b21e6c4-230b-4a54-be50-a258347ccdf1,47.7052195,-123.9606225
2015-07-08,-981.9778924097267,0b21e6c4-230b-4a54-be50-a258347ccdf1,47.7052195,-123.9606225
2015-07-09,2011.8695743151645,0b21e6c4-230b-4a54-be50-a258347ccdf1,47.7052195,-123.9606225
2015-07-10,1771.074929264808,0b21e6c4-230b-4a54-be50-a258347ccdf1,47.7052195,-123.9606225
2015-07-11,1747.0845228672524,0b21e6c4-230b-4a54-be50-a258347ccdf1,47.7052195,-123.9606225
2015-07-12,1650.5257194064604,0b21e6c4-230b-4a54-be50-a258347ccdf1,47.7052195,-123.9606225
2015-07-13,161.69586142270992,0b21e6c4-230b-4a54-be50-a258347ccdf1,47.7052195,-123.9606225
2015-07-14,383.68484401866834,0b21e6c4-230b-4a54-be50-a258347ccdf1,47.7052195,-123.9606225
2015-07-15,821.4881637963194,0b21e6c4-230b-4a54-be50-a258347ccdf1,47.7052195,-123.9606225
2015-07-16,530.6007078067994,0b21e6c4-230b-4a54-be50-a258347ccdf1,47.7052195,-123.9606225
2015-07-17,-1505.2901916900923,0b21e6c4-230b-4a54-be50-a258347ccdf1,47.7052195,-123.9606225
2015-07-18,-181.34118926098776,0b21e6c4-230b-4a54-be50-a258347ccdf1,47.7052195,-123.9606225
2015-07-19,-1656.6287607922336,0b21e6c4-230b-4a54-be50-a258347ccdf1,47.7052195,-123.9606225
2015-07-20,-705.5630248278246,0b21e6c4-230b-4a54-be50-a258347ccdf1,47.7052195,-123.9606225
2015-07-21,949.9858256684582,0b21e6c4-230b-4a54-be50-a258347ccdf1,47.7052195,-123.9606225
2015-07-22,1487.9672434655226,0b21e6c4-230b-4a54-be50-a258347ccdf1,47.7052195,-123.9606225
2015-07-23,262.4867490924969,0b21e6c4-230b-4a54-be50-a258347ccdf1,47.7052195,-123.9606225
2015-07-24,1992.1878189906909,0b21e6c4-230b-4a54-be50-a258347ccdf1,47.7052195,-123.9606225
2015-07-25,1972.6204727203244,0b21e6c4-230b-4a54-be50-a258347ccdf1,47.7052195,-123.9606225
2015-07-26,3151.7608377230076,0b21e6c4-230b-4a54-be50-a258347ccdf1,47.7052195,-123.9606225
2015-07-27,848.391008670178,0b21e6c4-230b-4a54-be50-a258347ccdf1,47.7052195,-123.9606225
2015-07-28,-1350.5210886396092,0b21e6c4-230b-4a54-be50-a258347ccdf1,47.7052195,-123.9606225
2015-07-29,-818.9429978984133,0b21e6c4-230b-4a54-be50-a258347ccdf1,47.7052195,-123.9606225
2015-07-30,-981.9044597287044,0b21e6c4-230b-4a54-be50-a258347ccdf1,47.7052195,-123.9606225
2015-07-31,-1298.2218264690612,0b21e6c4-230b-4a54-be50-a258347ccdf1,47.7052195,-123.9606225
2015-08-01,3249.7826996733875,0b21e6c4-230b-4a54-be50-a258347ccdf1,47.7052195,-123.9606225
2015-08-02,529.3623461339008,0b21e6c4-230b-4a54-be50-a258347ccdf1,47.7052195,-123.9606225
2015-08-03,495.168017686072,0b21e6c4-230b-4a54-be50-a258347ccdf1,47.7052195,-123.9606225
2015-08-04,-1397.549237151668,0b21e6c4-230b-4a54-be50-a258347ccdf1,47.7052195,-123.9606225
2015-08-05,673.040953628647,0b21e6c4-230b-4a54-be50-a258347ccdf1,47.7052195,-123.9606225
2015-08-06,-846.6709380714541,0b21e6c4-230b-4a54-be50-a258347ccdf1,47.7052195,-123.9606225
2015-08-07,100.44867036036274,0b21e6c4-230b-4a54-be50-a258347ccdf1,47.7052195,-123.9606225
2015-08-08,4998.695843227164,0b21e6c4-230b-4a54-be50-a258347ccdf1,47.7052195,-123.9606225
2015-08-09,-1217.7909104142211,0b21e6c4-230b-4a54-be50-a258347ccdf1,47.7052195,-123.9606225
2015-08-10,-472.07552062010376,0b21e6c4-230b-4a54-be50-a258347ccdf1,47.7052195,-123.9606225
2015-08-11,-1223.3728222204024,0b21e6c4-230b-4a54-be50-a258347ccdf1,47.7052195,-123.9606225
2015-08-12,1867.7326755642898,0b21e6c4-230b-4a54-be50-a258347ccdf1,47.7052195,-123.9606225
2015-08-13,-642.5559467598272,0b21e6c4-230b-4a54-be50-a258347ccdf1,47.7052195,-123.9606225
2015-08-14,5873.822329575951,0b21e6c4-230b-4a54-be50-a258347ccdf1,47.7052195,-123.9606225
2015-08-15,267.1589654011661,0b21e6c4-230b-4a54-be50-a258347ccdf1,47.7052195,-123.9606225
2015-08-16,-920.7522903645475,0b21e6c4-230b-4a54-be50-a258347ccdf1,47.7052195,-123.9606225
2015-08-17,1112.4948415622687,0b21e6c4-230b-4a54-be50-a258347ccdf1,47.7052195,-123.9606225
2015-08-18,-1418.0654812267426,0b21e6c4-230b-4a54-be50-a258347ccdf1,47.7052195,-123.9606225
2015-08-19,232.3155380878298,0b21e6c4-230b-4a54-be50-a258347ccdf1,47.7052195,-123.9606225
2015-08-20,-426.017763403295,0b21e6c4-230b-4a54-be50-a258347ccdf1,47.7052195,-123.9606225
2015-08-21,-874.8463113076223,0b21e6c4-230b-4a54-be50-a258347ccdf1,47.7052195,-123.9606225
2015-08-22,-931.2201115387057,0b21e6c4-230b-4a54-be50-a258347ccdf1,47.7052195,-123.9606225
2015-08-23,-289.50157846374975,0b21e6c4-230b-4a54-be50-a258347ccdf1,47.7052195,-123.9606225
2015-08-24,2135.738407161767,0b21e6c4-230b-4a54-be50-a258347ccdf1,47.7052195,-123.9606225
2015-08-25,-755.4287371380212,0b21e6c4-230b-4a54-be50-a258347ccdf1,47.7052195,-123.9606225
2015-08-26,1761.3534030222809,0b21e6c4-230b-4a54-be50-a258347ccdf1,47.7052195,-123.9606225
2015-08-27,-1413.357424238288,0b21e6c4-230b-4a54-be50-a258347ccdf1,47.7052195,-123.9606225
2015-08-28,1227.9706414840277,0b21e6c4-230b-4a54-be50-a258347ccdf1,47.7052195,-123.9606225
2015-08-29,3052.9789977892365,0b21e6c4-230b-4a54-be50-a258347ccdf1,47.7052195,-123.9606225
2015-08-30,1673.8093015639083,0b21e6c4-230b-4a54-be50-a258347ccdf1,47.7052195,-123.9606225
2015-08-31,4187.653138277061,0b21e6c4-230b-4a54-be50-a258347ccdf1,47.7052195,-123.9606225
2015-09-01,4106.594011845297,0b21e6c4-230b-4a54-be50-a258347ccdf1,47.7052195,-123.9606225
2015-09-02,1760.0463213151725,0b21e6c4-230b-4a54-be50-a258347ccdf1,47.7052195,-123.9606225
2015-09-03,361.70459983442026,0b21e6c4-230b-4a54-be50-a258347ccdf1,47.7052195,-123.9606225
2015-09-04,2623.712501250943,0b21e6c4-230b-4a54-be50-a258347ccdf1,47.7052195,-123.9606225
2015-09-05,0.9859257439705036,0b21e6c4-230b-4a54-be50-a258347ccdf1,47.7052195,-123.9606225
2015-09-06,749.0392432471771,0b21e6c4-230b-4a54-be50-a258347ccdf1,47.7052195,-123.9606225
2015-09-07,-555.4218046344057,0b21e6c4-230b-4a54-be50-a258347ccdf1,47.7052195,-123.9606225
2015-09-08,1969.6207502024245,0b21e6c4-230b-4a54-be50-a258347ccdf1,47.7052195,-123.9606225
2015-09-09,1024.3762475322287,0b21e6c4-230b-4a54-be50-a258347ccdf1,47.7052195,-123.9606225
2015-09-10,-985.5791779251614,0b21e6c4-230b-4a54-be50-a258347ccdf1,47.7052195,-123.9606225
2015-09-11,483.64067887587856,0b21e6c4-230b-4a54-be50-a258347ccdf1,47.7052195,-123.9606225
2015-09-12,-1193.5239316939133,0b21e6c4-230b-4a54-be50-a258347ccdf1,47.7052195,-123.9606225
2015-09-13,91.00988018231926,0b21e6c4-230b-4a54-be50-a258347ccdf1,47.7052195,-123.9606225
2015-09-14,3964.272364602381,0b21e6c4-230b-4a54-be50-a258347ccdf1,47.7052195,-123.9606225
2015-09-15,877.8834711646056,0b21e6c4-230b-4a54-be50-a258347ccdf1,47.7052195,-123.9606225
2015-09-16,885.2363829071021,0b21e6c4-230b-4a54-be50-a258347ccdf1,47.7052195,-123.9606225
2015-09-17,2812.409604519771,0b21e6c4-230b-4a54-be50-a258347ccdf1,47.7052195,-123.9606225
2015-09-18,2535.840602454579,0b21e6c4-230b-4a54-be50-a258347ccdf1,47.7052195,-123.9606225
2015-09-19,2867.819122610694,0b21e6c4-230b-4a54-be50-a258347ccdf1,47.7052195,-123.9606225
2015-09-20,3235.3887478733927,0b21e6c4-230b-4a54-be50-a258347ccdf1,47.7052195,-123.9606225
2015-09-21,-380.74792343313567,0b21e6c4-230b-4a54-be50-a258347ccdf1,47.7052195,-123.9606225
2015-09-22,-869.2547740567879,0b21e6c4-230b-4a54-be50-a258347ccdf1,47.7052195,-123.9606225
2015-09-23,-276.5505699755268,0b21e6c4-230b-4a54-be50-a258347ccdf1,47.7052195,-123.9606225
2015-09-24,0.1330321970214057,0b21e6c4-230b-4a54-be50-a258347ccdf1,47.7052195,-123.9606225
2015-09-25,-107.5804425157164,0b21e6c4-230b-4a54-be50-a258347ccdf1,47.7052195,-123.9606225
2015-09-26,-568.4110010280482,0b21e6c4-230b-4a54-be50-a258347ccdf1,47.7052195,-123.9606225
2015-09-27,631.5188414894872,0b21e6c4-230b-4a54-be50-a258347ccdf1,47.7052195,-123.9606225
2015-09-28,-962.8260050765573,0b21e6c4-230b-4a54-be50-a258347ccdf1,47.7052195,-123.9606225
2015-09-29,249.51975126686472,0b21e6c4-230b-4a54-be50-a258347ccdf1,47.7052195,-123.9606225
2015-09-30,-76.57814532783813,0b21e6c4-230b-4a54-be50-a258347ccdf1,47.7052195,-123.9606225
2015-10-01,430.0898905537817,0b21e6c4-230b-4a54-be50-a258347ccdf1,47.7052195,-123.9606225
2015-10-02,426.79552298552517,0b21e6c4-230b-4a54-be50-a258347ccdf1,47.7052195,-123.9606225
2015-10-03,-509.9916482436743,0b21e6c4-230b-4a54-be50-a258347ccdf1,47.7052195,-123.9606225
2015-10-04,1191.8680185958483,0b21e6c4-230b-4a54-be50-a258347ccdf1,47.7052195,-123.9606225
2015-10-05,174.30325154434672,0b21e6c4-230b-4a54-be50-a258347ccdf1,47.7052195,-123.9606225
2015-10-06,3743.3294804261377,0b21e6c4-230b-4a54-be50-a258347ccdf1,47.7052195,-123.9606225
2015-10-07,5102.233066768557,0b21e6c4-230b-4a54-be50-a258347ccdf1,47.7052195,-123.9606225
2015-10-08,1844.3330513023448,0b21e6c4-230b-4a54-be50-a258347ccdf1,47.7052195,-123.9606225
2015-10-09,3602.501946923587,0b21e6c4-230b-4a54-be50-a258347ccdf1,47.7052195,-123.9606225
2015-10-10,5047.485184275409,0b21e6c4-230b-4a54-be50-a258347ccdf1,47.7052195,-123.9606225
2015-10-11,580.273497275217,0b21e6c4-230b-4a54-be50-a258347ccdf1,47.7052195,-123.9606225
2015-10-12,2644.163164023763,0b21e6c4-230b-4a54-be50-a258347ccdf1,47.7052195,-123.9606225
2015-10-13,84.41330276481355,0b21e6c4-230b-4a54-be50-a258347ccdf1,47.7052195,-123.9606225
2015-10-14,-649.8944612753255,0b21e6c4-230b-4a54-be50-a258347ccdf1,47.7052195,-123.9606225
2015-10-15,338.3695151796355,0b21e6c4-230b-4a54-be50-a258347ccdf1,47.7052195,-123.9606225
2015-10-16,-28.050337982295748,0b21e6c4-230b-4a54-be50-a258347ccdf1,47.7052195,-123.9606225
2015-10-17,-495.72655731142544,0b21e6c4-230b-4a54-be50-a258347ccdf1,47.7052195,-123.9606225
2015-10-18,843.3537032488149,0b21e6c4-230b-4a54-be50-a258347ccdf1,47.7052195,-123.9606225
2015-10-19,-191.4298834575179,0b21e6c4-230b-4a54-be50-a258347ccdf1,47.7052195,-123.9606225
2015-10-20,-32.49501441997141,0b21e6c4-230b-4a54-be50-a258347ccdf1,47.7052195,-123.9606225
2015-10-21,2580.8678593848067,0b21e6c4-230b-4a54-be50-a258347ccdf1,47.7052195,-123.9606225
2015-10-22,1070.2698536168195,0b21e6c4-230b-4a54-be50-a258347ccdf1,47.7052195,-123.9606225
2015-10-23,-125.55319923214785,0b21e6c4-230b-4a54-be50-a258347ccdf1,47.7052195,-123.9606225
2015-10-24,4142.188351210457,0b21e6c4-230b-4a54-be50-a258347ccdf1,47.7052195,-123.9606225
2015-10-25,1987.760050765578,0b21e6c4-230b-4a54-be50-a258347ccdf1,47.7052195,-123.9606225
2015-10-26,2595.619508356304,0b21e6c4-230b-4a54-be50-a258347ccdf1,47.7052195,-123.9606225
2015-10-27,1874.7226316220417,0b21e6c4-230b-4a54-be50-a258347ccdf1,47.7052195,-123.9606225
2015-10-28,3079.7225360954158,0b21e6c4-230b-4a54-be50-a258347ccdf1,47.7052195,-123.9606225
2015-10-29,1690.165019969613,0b21e6c4-230b-4a54-be50-a258347ccdf1,47.7052195,-123.9606225
2015-10-30,3487.166530200059,0b21e6c4-230b-4a54-be50-a258347ccdf1,47.7052195,-123.9606225
2015-10-31,4637.6508592847285,0b21e6c4-230b-4a54-be50-a258347ccdf1,47.7052195,-123.9606225
2015-11-01,5340.587911787983,0b21e6c4-230b-4a54-be50-a258347ccdf1,47.7052195,-123.9606225
2015-11-02,914.7771636780469,0b21e6c4-230b-4a54-be50-a258347ccdf1,47.7052195,-123.9606225
2015-11-03,411.85853416668897,0b21e6c4-230b-4a54-be50-a258347ccdf1,47.7052195,-123.9606225
2015-11-04,594.0986699054737,0b21e6c4-230b-4a54-be50-a258347ccdf1,47.7052195,-123.9606225
2015-11-05,1106.9647051866402,0b21e6c4-230b-4a54-be50-a258347ccdf1,47.7052195,-123.9606225
2015-11-06,2240.799512359324,0b21e6c4-230b-4a54-be50-a258347ccdf1,47.7052195,-123.9606225
2015-11-07,3501.5593948160854,0b21e6c4-230b-4a54-be50-a258347ccdf1,47.7052195,-123.9606225
2015-11-08,2748.322470591442,0b21e6c4-230b-4a54-be50-a258347ccdf1,47.7052195,-123.9606225
2015-11-09,361.73018732316183,0b21e6c4-230b-4a54-be50-a258347ccdf1,47.7052195,-123.9606225
2015-11-10,1214.6378039793656,0b21e6c4-230b-4a54-be50-a258347ccdf1,47.7052195,-123.9606225
2015-11-11,2467.0770490460945,0b21e6c4-230b-4a54-be50-a258347ccdf1,47.7052195,-123.9606225
2015-11-12,3819.8605538724623,0b21e6c4-230b-4a54-be50-a258347ccdf1,47.7052195,-123.9606225
2015-11-13,4187.600248369222,0b21e6c4-230b-4a54-be50-a258347ccdf1,47.7052195,-123.9606225
2015-11-14,3168.5204108554626,0b21e6c4-230b-4a54-be50-a258347ccdf1,47.7052195,-123.9606225
2015-11-15,1497.1429169282276,0b21e6c4-230b-4a54-be50-a258347ccdf1,47.7052195,-123.9606225
2015-11-16,4074.367031487393,0b21e6c4-230b-4a54-be50-a258347ccdf1,47.7052195,-123.9606225
2015-11-17,3252.1108927645387,0b21e6c4-230b-4a54-be50-a258347ccdf1,47.7052195,-123.9606225
2015-11-18,4153.292975608862,0b21e6c4-230b-4a54-be50-a258347ccdf1,47.7052195,-123.9606225
2015-11-19,1471.0634842653992,0b21e6c4-230b-4a54-be50-a258347ccdf1,47.7052195,-123.9606225
2015-11-20,802.0292220493639,0b21e6c4-230b-4a54-be50-a258347ccdf1,47.7052195,-123.9606225
2015-11-21,2303.115368869236,0b21e6c4-230b-4a54-be50-a258347ccdf1,47.7052195,-123.9606225
2015-11-22,-403.8535030977916,0b21e6c4-230b-4a54-be50-a258347ccdf1,47.7052195,-123.9606225
2015-11-23,4067.22061646515,0b21e6c4-230b-4a54-be50-a258347ccdf1,47.7052195,-123.9606225
2015-11-24,2733.897854744943,0b21e6c4-230b-4a54-be50-a258347ccdf1,47.7052195,-123.9606225
2015-11-25,587.2095308278059,0b21e6c4-230b-4a54-be50-a258347ccdf1,47.7052195,-123.9606225
2015-11-26,757.6923860731279,0b21e6c4-230b-4a54-be50-a258347ccdf1,47.7052195,-123.9606225
2015-11-27,769.5239589872358,0b21e6c4-230b-4a54-be50-a258347ccdf1,47.7052195,-123.9606225
2015-11-28,2706.51144045052,0b21e6c4-230b-4a54-be50-a258347ccdf1,47.7052195,-123.9606225
2015-11-29,393.0655130689518,0b21e6c4-230b-4a54-be50-a258347ccdf1,47.7052195,-123.9606225
2015-11-30,2050.5623970814327,0b21e6c4-230b-4a54-be50-a258347ccdf1,47.7052195,-123.9606225
2015-12-01,3462.307190880389,0b21e6c4-230b-4a54-be50-a258347ccdf1,47.7052195,-123.9606225
2015-12-02,2776.4719606612243,0b21e6c4-230b-4a54-be50-a258347ccdf1,47.7052195,-123.9606225
2015-12-03,3346.9930220075125,0b21e6c4-230b-4a54-be50-a258347ccdf1,47.7052195,-123.9606225
2015-12-04,1111.9255802105224,0b21e6c4-230b-4a54-be50-a258347ccdf1,47.7052195,-123.9606225
2015-12-05,3882.326282558657,0b21e6c4-230b-4a54-be50-a258347ccdf1,47.7052195,-123.9606225
2015-12-06,3391.879786566227,0b21e6c4-230b-4a54-be50-a258347ccdf1,47.7052195,-123.9606225
2015-12-07,2756.516362346132,0b21e6c4-230b-4a54-be50-a258347ccdf1,47.7052195,-123.9606225
2015-12-08,4330.777136384725,0b21e6c4-230b-4a54-be50-a258347ccdf1,47.7052195,-123.9606225
2015-12-09,3596.2562433472517,0b21e6c4-230b-4a54-be50-a258347ccdf1,47.7052195,-123.9606225
2015-12-10,3881.6161103378004,0b21e6c4-230b-4a54-be50-a258347ccdf1,47.7052195,-123.9606225
2015-12-11,2805.3718896985906,0b21e6c4-230b-4a54-be50-a258347ccdf1,47.7052195,-123.9606225
2015-12-12,3729.4645459755993,0b21e6c4-230b-4a54-be50-a258347ccdf1,47.7052195,-123.9606225
2015-12-13,4280.202475504241,0b21e6c4-230b-4a54-be50-a258347ccdf1,47.7052195,-123.9606225
2015-12-14,3772.005481408694,0b21e6c4-230b-4a54-be50-a258347ccdf1,47.7052195,-123.9606225
2015-12-15,1682.1129488614124,0b21e6c4-230b-4a54-be50-a258347ccdf1,47.7052195,-123.9606225
2015-12-16,1869.7504708097922,0b21e6c4-230b-4a54-be50-a258347ccdf1,47.7052195,-123.9606225
2015-12-17,2218.375801741314,0b21e6c4-230b-4a54-be50-a258347ccdf1,47.7052195,-123.9606225
2015-12-18,2205.295959678666,0b21e6c4-230b-4a54-be50-a258347ccdf1,47.7052195,-123.9606225
2015-12-19,6052.6006304757175,0b21e6c4-230b-4a54-be50-a258347ccdf1,47.7052195,-123.9606225
2015-12-20,1245.4336726802942,0b21e6c4-230b-4a54-be50-a258347ccdf1,47.7052195,-123.9606225
2015-12-21,4352.921299707959,0b21e6c4-230b-4a54-be50-a258347ccdf1,47.7052195,-123.9606225
2015-12-22,4853.012823312132,0b21e6c4-230b-4a54-be50-a258347ccdf1,47.7052195,-123.9606225
2015-12-23,3805.034826278007,0b21e6c4-230b-4a54-be50-a258347ccdf1,47.7052195,-123.9606225
2015-12-24,3550.857069425108,0b21e6c4-230b-4a54-be50-a258347ccdf1,47.7052195,-123.9606225
2015-12-25,5807.307568438001,0b21e6c4-230b-4a54-be50-a258347ccdf1,47.7052195,-123.9606225
2015-12-26,3865.2500523121967,0b21e6c4-230b-4a54-be50-a258347ccdf1,47.7052195,-123.9606225
2015-12-27,3364.745558011953,0b21e6c4-230b-4a54-be50-a258347ccdf1,47.7052195,-123.9606225
2015-12-28,2434.4074619940493,0b21e6c4-230b-4a54-be50-a258347ccdf1,47.7052195,-123.9606225
2015-12-29,3801.1137995032586,0b21e6c4-230b-4a54-be50-a258347ccdf1,47.7052195,-123.9606225
2015-12-30,3148.538765614053,0b21e6c4-230b-4a54-be50-a258347ccdf1,47.7052195,-123.9606225
2015-12-31,2904.4713556592687,0b21e6c4-230b-4a54-be50-a258347ccdf1,47.7052195,-123.9606225
2016-01-01,3105.5428778078003,0b21e6c4-230b-4a54-be50-a258347ccdf1,47.7052195,-123.9606225
2016-01-02,1199.839979257074,0b21e6c4-230b-4a54-be50-a258347ccdf1,47.7052195,-123.9606225
2016-01-03,2548.502278992331,0b21e6c4-230b-4a54-be50-a258347ccdf1,47.7052195,-123.9606225
2016-01-04,1259.6586333324228,0b21e6c4-230b-4a54-be50-a258347ccdf1,47.7052195,-123.9606225
2016-01-05,4387.114973116077,0b21e6c4-230b-4a54-be50-a258347ccdf1,47.7052195,-123.9606225
2016-01-06,1550.5672325481937,0b21e6c4-230b-4a54-be50-a258347ccdf1,47.7052195,-123.9606225
2016-01-07,4250.088653256545,0b21e6c4-230b-4a54-be50-a258347ccdf1,47.7052195,-123.9606225
2016-01-08,3881.0030477542127,0b21e6c4-230b-4a54-be50-a258347ccdf1,47.7052195,-123.9606225
2016-01-09,1874.7755897631826,0b21e6c4-230b-4a54-be50-a258347ccdf1,47.7052195,-123.9606225
2016-01-10,1755.0139013983264,0b21e6c4-230b-4a54-be50-a258347ccdf1,47.7052195,-123.9606225
2016-01-11,3436.8654939636262,0b21e6c4-230b-4a54-be50-a258347ccdf1,47.7052195,-123.9606225
2016-01-12,4151.238962125965,0b21e6c4-230b-4a54-be50-a258347ccdf1,47.7052195,-123.9606225
2016-01-13,1463.5500059135525,0b21e6c4-230b-4a54-be50-a258347ccdf1,47.7052195,-123.9606225
2016-01-14,1081.38912088212,0b21e6c4-230b-4a54-be50-a258347ccdf1,47.7052195,-123.9606225
2016-01-15,1808.7892227771858,0b21e6c4-230b-4a54-be50-a258347ccdf1,47.7052195,-123.9606225
2016-01-16,2597.631995050811,0b21e6c4-230b-4a54-be50-a258347ccdf1,47.7052195,-123.9606225
2016-01-17,2877.928446009261,0b21e6c4-230b-4a54-be50-a258347ccdf1,47.7052195,-123.9606225
2016-01-18,3198.3893255820294,0b21e6c4-230b-4a54-be50-a258347ccdf1,47.7052195,-123.9606225
2016-01-19,2839.658396790303,0b21e6c4-230b-4a54-be50-a258347ccdf1,47.7052195,-123.9606225
2016-01-20,2582.4699318576736,0b21e6c4-230b-4a54-be50-a258347ccdf1,47.7052195,-123.9606225
2016-01-21,3523.638973043294,0b21e6c4-230b-4a54-be50-a258347ccdf1,47.7052195,-123.9606225
2016-01-22,7258.864616028456,0b21e6c4-230b-4a54-be50-a258347ccdf1,47.7052195,-123.9606225
2016-01-23,662.3876652383155,0b21e6c4-230b-4a54-be50-a258347ccdf1,47.7052195,-123.9606225
2016-01-24,1395.4212041813355,0b21e6c4-230b-4a54-be50-a258347ccdf1,47.7052195,-123.9606225
2016-01-25,2069.313777668604,0b21e6c4-230b-4a54-be50-a258347ccdf1,47.7052195,-123.9606225
2016-01-26,3236.6580419771244,0b21e6c4-230b-4a54-be50-a258347ccdf1,47.7052195,-123.9606225
2016-01-27,4215.15745517072,0b21e6c4-230b-4a54-be50-a258347ccdf1,47.7052195,-123.9606225
2016-01-28,2088.557083981548,0b21e6c4-230b-4a54-be50-a258347ccdf1,47.7052195,-123.9606225
2016-01-29,5839.965787821718,0b21e6c4-230b-4a54-be50-a258347ccdf1,47.7052195,-123.9606225
2016-01-30,2525.2394716012977,0b21e6c4-230b-4a54-be50-a258347ccdf1,47.7052195,-123.9606225
2016-01-31,2241.575516071215,0b21e6c4-230b-4a54-be50-a258347ccdf1,47.7052195,-123.9606225
2016-02-01,1576.492639901015,0b21e6c4-230b-4a54-be50-a258347ccdf1,47.7052195,-123.9606225
2016-02-02,1396.4653101885958,0b21e6c4-230b-4a54-be50-a258347ccdf1,47.7052195,-123.9606225
2016-02-03,5441.974999317662,0b21e6c4-230b-4a54-be50-a258347ccdf1,47.7052195,-123.9606225
2016-02-04,2714.7699173012356,0b21e6c4-230b-4a54-be50-a258347ccdf1,47.7052195,-123.9606225
2016-02-05,4975.0355677465695,0b21e6c4-230b-4a54-be50-a258347ccdf1,47.7052195,-123.9606225
2016-02-06,647.4882547740565,0b21e6c4-230b-4a54-be50-a258347ccdf1,47.7052195,-123.9606225
2016-02-07,359.4327174140484,0b21e6c4-230b-4a54-be50-a258347ccdf1,47.7052195,-123.9606225
2016-02-08,155.51015311553257,0b21e6c4-230b-4a54-be50-a258347ccdf1,47.7052195,-123.9606225
2016-02-09,862.8454925079825,0b21e6c4-230b-4a54-be50-a258347ccdf1,47.7052195,-123.9606225
2016-02-10,2128.872358233938,0b21e6c4-230b-4a54-be50-a258347ccdf1,47.7052195,-123.9606225
2016-02-11,4212.835002774817,0b21e6c4-230b-4a54-be50-a258347ccdf1,47.7052195,-123.9606225
2016-02-12,2180.884353648661,0b21e6c4-230b-4a54-be50-a258347ccdf1,47.7052195,-123.9606225
2016-02-13,3991.1501905983587,0b21e6c4-230b-4a54-be50-a258347ccdf1,47.7052195,-123.9606225
2016-02-14,1743.7154853207405,0b21e6c4-230b-4a54-be50-a258347ccdf1,47.7052195,-123.9606225
2016-02-15,5192.794822456939,0b21e6c4-230b-4a54-be50-a258347ccdf1,47.7052195,-123.9606225
2016-02-16,1766.3440323152913,0b21e6c4-230b-4a54-be50-a258347ccdf1,47.7052195,-123.9606225
2016-02-17,4696.476091050517,0b21e6c4-230b-4a54-be50-a258347ccdf1,47.7052195,-123.9606225
2016-02-28,3729.6603846538737,0b21e6c4-230b-4a54-be50-a258347ccdf1,47.7052195,-123.9606225
2016-02-29,1777.2497475367777,0b21e6c4-230b-4a54-be50-a258347ccdf1,47.7052195,-123.9606225
2016-03-01,3406.3240399574192,0b21e6c4-230b-4a54-be50-a258347ccdf1,47.7052195,-123.9606225
2016-03-02,4759.793171211003,0b21e6c4-230b-4a54-be50-a258347ccdf1,47.7052195,-123.9606225
2016-03-03,3937.4402503707306,0b21e6c4-230b-4a54-be50-a258347ccdf1,47.7052195,-123.9606225
2016-03-04,5013.156572686663,0b21e6c4-230b-4a54-be50-a258347ccdf1,47.7052195,-123.9606225
2016-03-05,1311.2644995769538,0b21e6c4-230b-4a54-be50-a258347ccdf1,47.7052195,-123.9606225
2016-03-06,2885.076817052866,0b21e6c4-230b-4a54-be50-a258347ccdf1,47.7052195,-123.9606225
2016-03-07,3799.4318076366694,0b21e6c4-230b-4a54-be50-a258347ccdf1,47.7052195,-123.9606225
2016-03-08,3444.311653338421,0b21e6c4-230b-4a54-be50-a258347ccdf1,47.7052195,-123.9606225
2016-03-09,5200.880291492667,0b21e6c4-230b-4a54-be50-a258347ccdf1,47.7052195,-123.9606225
2016-03-10,4719.712787153708,0b21e6c4-230b-4a54-be50-a258347ccdf1,47.7052195,-123.9606225
2016-03-11,5607.569961880322,0b21e6c4-230b-4a54-be50-a258347ccdf1,47.7052195,-123.9606225
2016-03-12,3143.829944412602,0b21e6c4-230b-4a54-be50-a258347ccdf1,47.7052195,-123.9606225
2016-03-13,3440.621682724237,0b21e6c4-230b-4a54-be50-a258347ccdf1,47.7052195,-123.9606225
2016-03-14,3330.412875169444,0b21e6c4-230b-4a54-be50-a258347ccdf1,47.7052195,-123.9606225
2016-03-15,788.632654639409,0b21e6c4-230b-4a54-be50-a258347ccdf1,47.7052195,-123.9606225
2016-03-16,2150.9978028876326,0b21e6c4-230b-4a54-be50-a258347ccdf1,47.7052195,-123.9606225
2016-03-17,453.5105670642389,0b21e6c4-230b-4a54-be50-a258347ccdf1,47.7052195,-123.9606225
2016-03-18,2821.8275653447595,0b21e6c4-230b-4a54-be50-a258347ccdf1,47.7052195,-123.9606225
2016-03-19,2353.337186240526,0b21e6c4-230b-4a54-be50-a258347ccdf1,47.7052195,-123.9606225
2016-03-20,4379.4300881574245,0b21e6c4-230b-4a54-be50-a258347ccdf1,47.7052195,-123.9606225
2016-03-21,4728.975886350608,0b21e6c4-230b-4a54-be50-a258347ccdf1,47.7052195,-123.9606225
2016-03-22,3658.110164942636,0b21e6c4-230b-4a54-be50-a258347ccdf1,47.7052195,-123.9606225
2016-03-23,3908.1223013728527,0b21e6c4-230b-4a54-be50-a258347ccdf1,47.7052195,-123.9606225
2016-03-24,1974.2402039720873,0b21e6c4-230b-4a54-be50-a258347ccdf1,47.7052195,-123.9606225
2016-03-25,1802.522535185639,0b21e6c4-230b-4a54-be50-a258347ccdf1,47.7052195,-123.9606225
2016-03-26,-164.7285588216564,0b21e6c4-230b-4a54-be50-a258347ccdf1,47.7052195,-123.9606225
2016-03-27,4260.508338109661,0b21e6c4-230b-4a54-be50-a258347ccdf1,47.7052195,-123.9606225
2016-03-28,1033.6162740977272,0b21e6c4-230b-4a54-be50-a258347ccdf1,47.7052195,-123.9606225
2016-03-29,-555.6507956003163,0b21e6c4-230b-4a54-be50-a258347ccdf1,47.7052195,-123.9606225
2016-03-30,-44.368309724610356,0b21e6c4-230b-4a54-be50-a258347ccdf1,47.7052195,-123.9606225
2016-03-31,-1075.2833046753453,0b21e6c4-230b-4a54-be50-a258347ccdf1,47.7052195,-123.9606225
2016-04-01,22.33883293758008,0b21e6c4-230b-4a54-be50-a258347ccdf1,47.7052195,-123.9606225
2016-04-02,143.78386418843306,0b21e6c4-230b-4a54-be50-a258347ccdf1,47.7052195,-123.9606225
2016-04-03,755.9054923260278,0b21e6c4-230b-4a54-be50-a258347ccdf1,47.7052195,-123.9606225
2016-04-04,3176.516744452631,0b21e6c4-230b-4a54-be50-a258347ccdf1,47.7052195,-123.9606225
2016-04-05,1519.2824585823823,0b21e6c4-230b-4a54-be50-a258347ccdf1,47.7052195,-123.9606225
2016-04-06,1460.179298925553,0b21e6c4-230b-4a54-be50-a258347ccdf1,47.7052195,-123.9606225
2016-04-07,-1769.3430588534966,0b21e6c4-230b-4a54-be50-a258347ccdf1,47.7052195,-123.9606225
2016-04-08,-64.28272241782436,0b21e6c4-230b-4a54-be50-a258347ccdf1,47.7052195,-123.9606225
2016-04-09,-930.0857192245053,0b21e6c4-230b-4a54-be50-a258347ccdf1,47.7052195,-123.9606225
2016-04-10,568.7783554864126,0b21e6c4-230b-4a54-be50-a258347ccdf1,47.7052195,-123.9606225
2016-04-11,1225.0135920740179,0b21e6c4-230b-4a54-be50-a258347ccdf1,47.7052195,-123.9606225
2016-04-12,6616.776831609302,0b21e6c4-230b-4a54-be50-a258347ccdf1,47.7052195,-123.9606225
2016-04-13,2564.9247796064305,0b21e6c4-230b-4a54-be50-a258347ccdf1,47.7052195,-123.9606225
2016-04-14,825.2825404623486,0b21e6c4-230b-4a54-be50-a258347ccdf1,47.7052195,-123.9606225
2016-04-15,647.0767943084321,0b21e6c4-230b-4a54-be50-a258347ccdf1,47.7052195,-123.9606225
2016-04-16,22.36780024927899,0b21e6c4-230b-4a54-be50-a258347ccdf1,47.7052195,-123.9606225
2016-04-17,2418.6446864452255,0b21e6c4-230b-4a54-be50-a258347ccdf1,47.7052195,-123.9606225
2016-04-18,-350.5800149203488,0b21e6c4-230b-4a54-be50-a258347ccdf1,47.7052195,-123.9606225
2016-04-19,-902.9405596950422,0b21e6c4-230b-4a54-be50-a258347ccdf1,47.7052195,-123.9606225
2016-04-20,1010.3072227225988,0b21e6c4-230b-4a54-be50-a258347ccdf1,47.7052195,-123.9606225
2016-04-21,-1179.3945067641937,0b21e6c4-230b-4a54-be50-a258347ccdf1,47.7052195,-123.9606225
2016-04-22,3543.2713729450415,0b21e6c4-230b-4a54-be50-a258347ccdf1,47.7052195,-123.9606225
2016-04-23,2780.942233685416,0b21e6c4-230b-4a54-be50-a258347ccdf1,47.7052195,-123.9606225
2016-04-24,5746.786729987167,0b21e6c4-230b-4a54-be50-a258347ccdf1,47.7052195,-123.9606225
2016-04-25,2350.5268156881993,0b21e6c4-230b-4a54-be50-a258347ccdf1,47.7052195,-123.9606225
2016-04-26,2357.8833165024494,0b21e6c4-230b-4a54-be50-a258347ccdf1,47.7052195,-123.9606225
2016-04-27,314.8360626654657,0b21e6c4-230b-4a54-be50-a258347ccdf1,47.7052195,-123.9606225
2016-04-28,1341.9843108891248,0b21e6c4-230b-4a54-be50-a258347ccdf1,47.7052195,-123.9606225
2016-04-29,537.052689756816,0b21e6c4-230b-4a54-be50-a258347ccdf1,47.7052195,-123.9606225
2016-04-30,-1634.6475385973047,0b21e6c4-230b-4a54-be50-a258347ccdf1,47.7052195,-123.9606225
2016-05-01,-620.7395034435065,0b21e6c4-230b-4a54-be50-a258347ccdf1,47.7052195,-123.9606225
2016-05-02,-2019.5613189952403,0b21e6c4-230b-4a54-be50-a258347ccdf1,47.7052195,-123.9606225
2016-05-03,1083.157573441778,0b21e6c4-230b-4a54-be50-a258347ccdf1,47.7052195,-123.9606225
2016-05-04,1090.3744325263604,0b21e6c4-230b-4a54-be50-a258347ccdf1,47.7052195,-123.9606225
2016-05-05,-13.349654739485208,0b21e6c4-230b-4a54-be50-a258347ccdf1,47.7052195,-123.9606225
2016-05-06,244.69262261524605,0b21e6c4-230b-4a54-be50-a258347ccdf1,47.7052195,-123.9606225
2016-05-07,-2168.7208257139478,0b21e6c4-230b-4a54-be50-a258347ccdf1,47.7052195,-123.9606225
2016-05-08,-129.2534594284778,0b21e6c4-230b-4a54-be50-a258347ccdf1,47.7052195,-123.9606225
2016-05-09,-414.63923687873546,0b21e6c4-230b-4a54-be50-a258347ccdf1,47.7052195,-123.9606225
2016-05-10,475.824649508265,0b21e6c4-230b-4a54-be50-a258347ccdf1,47.7052195,-123.9606225
2016-05-11,-1826.1449411828912,0b21e6c4-230b-4a54-be50-a258347ccdf1,47.7052195,-123.9606225
2016-05-12,-1320.1374946550575,0b21e6c4-230b-4a54-be50-a258347ccdf1,47.7052195,-123.9606225
2016-05-13,-260.3679276181117,0b21e6c4-230b-4a54-be50-a258347ccdf1,47.7052195,-123.9606225
2016-05-14,5871.720661954018,0b21e6c4-230b-4a54-be50-a258347ccdf1,47.7052195,-123.9606225
2016-05-15,1346.417073792042,0b21e6c4-230b-4a54-be50-a258347ccdf1,47.7052195,-123.9606225
2016-05-16,-67.57605738875695,0b21e6c4-230b-4a54-be50-a258347ccdf1,47.7052195,-123.9606225
2016-05-17,2556.0763621641768,0b21e6c4-230b-4a54-be50-a258347ccdf1,47.7052195,-123.9606225
2016-05-18,4122.075461484571,0b21e6c4-230b-4a54-be50-a258347ccdf1,47.7052195,-123.9606225
2016-05-19,5181.059740531491,0b21e6c4-230b-4a54-be50-a258347ccdf1,47.7052195,-123.9606225
2016-05-20,861.5213934150318,0b21e6c4-230b-4a54-be50-a258347ccdf1,47.7052195,-123.9606225
2016-05-21,5425.255929474054,0b21e6c4-230b-4a54-be50-a258347ccdf1,47.7052195,-123.9606225
2016-05-22,3237.846588789722,0b21e6c4-230b-4a54-be50-a258347ccdf1,47.7052195,-123.9606225
2016-05-23,1246.215403440777,0b21e6c4-230b-4a54-be50-a258347ccdf1,47.7052195,-123.9606225
2016-05-24,1544.8116760828618,0b21e6c4-230b-4a54-be50-a258347ccdf1,47.7052195,-123.9606225
2016-05-25,766.3650845638073,0b21e6c4-230b-4a54-be50-a258347ccdf1,47.7052195,-123.9606225
2016-05-26,1467.1463786311483,0b21e6c4-230b-4a54-be50-a258347ccdf1,47.7052195,-123.9606225
2016-05-27,1370.0873750193314,0b21e6c4-230b-4a54-be50-a258347ccdf1,47.7052195,-123.9606225
2016-05-28,3791.9775284987736,0b21e6c4-230b-4a54-be50-a258347ccdf1,47.7052195,-123.9606225
2016-05-29,-632.8437775776266,0b21e6c4-230b-4a54-be50-a258347ccdf1,47.7052195,-123.9606225
2016-05-30,-833.2107453806047,0b21e6c4-230b-4a54-be50-a258347ccdf1,47.7052195,-123.9606225
2016-05-31,560.3532347134653,0b21e6c4-230b-4a54-be50-a258347ccdf1,47.7052195,-123.9606225
2016-06-01,1909.7972834047503,0b21e6c4-230b-4a54-be50-a258347ccdf1,47.7052195,-123.9606225
2016-06-02,2280.6174431616573,0b21e6c4-230b-4a54-be50-a258347ccdf1,47.7052195,-123.9606225
2016-06-03,-1828.4503307040754,0b21e6c4-230b-4a54-be50-a258347ccdf1,47.7052195,-123.9606225
2016-06-04,-914.180331522876,0b21e6c4-230b-4a54-be50-a258347ccdf1,47.7052195,-123.9606225
2016-06-05,-1337.4340820801149,0b21e6c4-230b-4a54-be50-a258347ccdf1,47.7052195,-123.9606225
2016-06-06,-937.359675937298,0b21e6c4-230b-4a54-be50-a258347ccdf1,47.7052195,-123.9606225
2016-06-07,1740.7852925389147,0b21e6c4-230b-4a54-be50-a258347ccdf1,47.7052195,-123.9606225
2016-06-08,3540.261579191572,0b21e6c4-230b-4a54-be50-a258347ccdf1,47.7052195,-123.9606225
2016-06-09,529.8720943985005,0b21e6c4-230b-4a54-be50-a258347ccdf1,47.7052195,-123.9606225
2016-06-10,6567.709107781322,0b21e6c4-230b-4a54-be50-a258347ccdf1,47.7052195,-123.9606225
2016-06-11,3863.283523021919,0b21e6c4-230b-4a54-be50-a258347ccdf1,47.7052195,-123.9606225
2016-06-12,109.30384744852918,0b21e6c4-230b-4a54-be50-a258347ccdf1,47.7052195,-123.9606225
2016-06-13,1712.3265372963228,0b21e6c4-230b-4a54-be50-a258347ccdf1,47.7052195,-123.9606225
2016-06-14,2600.6919812221936,0b21e6c4-230b-4a54-be50-a258347ccdf1,47.7052195,-123.9606225
2016-06-15,1195.8687054777693,0b21e6c4-230b-4a54-be50-a258347ccdf1,47.7052195,-123.9606225
2016-06-16,1201.7387028394137,0b21e6c4-230b-4a54-be50-a258347ccdf1,47.7052195,-123.9606225
2016-06-17,3489.237456444408,0b21e6c4-230b-4a54-be50-a258347ccdf1,47.7052195,-123.9606225
2016-06-18,4891.870493190312,0b21e6c4-230b-4a54-be50-a258347ccdf1,47.7052195,-123.9606225
2016-06-19,901.8516153097321,0b21e6c4-230b-4a54-be50-a258347ccdf1,47.7052195,-123.9606225
2016-06-20,-189.8703612725963,0b21e6c4-230b-4a54-be50-a258347ccdf1,47.7052195,-123.9606225
2016-06-21,234.71147320250725,0b21e6c4-230b-4a54-be50-a258347ccdf1,47.7052195,-123.9606225
2016-06-22,1890.9585368960204,0b21e6c4-230b-4a54-be50-a258347ccdf1,47.7052195,-123.9606225
2016-06-23,2106.227808255318,0b21e6c4-230b-4a54-be50-a258347ccdf1,47.7052195,-123.9606225
2016-06-24,3203.734217636944,0b21e6c4-230b-4a54-be50-a258347ccdf1,47.7052195,-123.9606225
2016-06-25,-700.5700028203092,0b21e6c4-230b-4a54-be50-a258347ccdf1,47.7052195,-123.9606225
2016-06-26,-1735.6419252708845,0b21e6c4-230b-4a54-be50-a258347ccdf1,47.7052195,-123.9606225
2016-06-27,0.43715712765085607,0b21e6c4-230b-4a54-be50-a258347ccdf1,47.7052195,-123.9606225
2016-06-28,-1205.9861759327484,0b21e6c4-230b-4a54-be50-a258347ccdf1,47.7052195,-123.9606225
2016-06-29,-251.21106835157434,0b21e6c4-230b-4a54-be50-a258347ccdf1,47.7052195,-123.9606225
2016-06-30,-118.38229755178897,0b21e6c4-230b-4a54-be50-a258347ccdf1,47.7052195,-123.9606225
2016-07-01,2017.2066240890836,0b21e6c4-230b-4a54-be50-a258347ccdf1,47.7052195,-123.9606225
2016-07-02,165.87618839669918,0b21e6c4-230b-4a54-be50-a258347ccdf1,47.7052195,-123.9606225
2016-07-03,-690.7797019569307,0b21e6c4-230b-4a54-be50-a258347ccdf1,47.7052195,-123.9606225
2016-07-04,1819.9314755679259,0b21e6c4-230b-4a54-be50-a258347ccdf1,47.7052195,-123.9606225
2016-07-05,697.8250088703294,0b21e6c4-230b-4a54-be50-a258347ccdf1,47.7052195,-123.9606225
2016-07-06,105.05036982450382,0b21e6c4-230b-4a54-be50-a258347ccdf1,47.7052195,-123.9606225
2016-07-07,4324.454351920084,0b21e6c4-230b-4a54-be50-a258347ccdf1,47.7052195,-123.9606225
2016-07-08,3112.888233849177,0b21e6c4-230b-4a54-be50-a258347ccdf1,47.7052195,-123.9606225
2016-07-09,5138.214825732138,0b21e6c4-230b-4a54-be50-a258347ccdf1,47.7052195,-123.9606225
2016-07-10,661.6496037919517,0b21e6c4-230b-4a54-be50-a258347ccdf1,47.7052195,-123.9606225
2016-07-11,768.9438257958276,0b21e6c4-230b-4a54-be50-a258347ccdf1,47.7052195,-123.9606225
2016-07-12,1504.9388675091197,0b21e6c4-230b-4a54-be50-a258347ccdf1,47.7052195,-123.9606225
2016-07-13,-139.10395571203728,0b21e6c4-230b-4a54-be50-a258347ccdf1,47.7052195,-123.9606225
2016-07-14,-1145.5179226143348,0b21e6c4-230b-4a54-be50-a258347ccdf1,47.7052195,-123.9606225
2016-07-15,-743.6217191153315,0b21e6c4-230b-4a54-be50-a258347ccdf1,47.7052195,-123.9606225
2016-07-16,-471.36794126477236,0b21e6c4-230b-4a54-be50-a258347ccdf1,47.7052195,-123.9606225
2016-07-17,567.5263153106434,0b21e6c4-230b-4a54-be50-a258347ccdf1,47.7052195,-123.9606225
2016-07-18,1496.0066095326463,0b21e6c4-230b-4a54-be50-a258347ccdf1,47.7052195,-123.9606225
2016-07-19,3071.3413484720263,0b21e6c4-230b-4a54-be50-a258347ccdf1,47.7052195,-123.9606225
2016-07-20,-152.62438476304828,0b21e6c4-230b-4a54-be50-a258347ccdf1,47.7052195,-123.9606225
2016-07-21,-1566.1105515980237,0b21e6c4-230b-4a54-be50-a258347ccdf1,47.7052195,-123.9606225
2016-07-22,1532.7570212069102,0b21e6c4-230b-4a54-be50-a258347ccdf1,47.7052195,-123.9606225
2016-07-23,144.86465241955287,0b21e6c4-230b-4a54-be50-a258347ccdf1,47.7052195,-123.9606225
2016-07-24,-891.4917528680733,0b21e6c4-230b-4a54-be50-a258347ccdf1,47.7052195,-123.9606225
2016-07-25,13.085396253536782,0b21e6c4-230b-4a54-be50-a258347ccdf1,47.7052195,-123.9606225
2016-07-26,-1494.8183402021511,0b21e6c4-230b-4a54-be50-a258347ccdf1,47.7052195,-123.9606225
2016-07-27,406.63793589708575,0b21e6c4-230b-4a54-be50-a258347ccdf1,47.7052195,-123.9606225
2016-07-28,-1899.4865307459243,0b21e6c4-230b-4a54-be50-a258347ccdf1,47.7052195,-123.9606225
2016-07-29,-365.322029349418,0b21e6c4-230b-4a54-be50-a258347ccdf1,47.7052195,-123.9606225
2016-07-30,-1211.5432508165245,0b21e6c4-230b-4a54-be50-a258347ccdf1,47.7052195,-123.9606225
2016-07-31,-482.9064475922736,0b21e6c4-230b-4a54-be50-a258347ccdf1,47.7052195,-123.9606225
2016-08-01,-828.611697917519,0b21e6c4-230b-4a54-be50-a258347ccdf1,47.7052195,-123.9606225
2016-08-02,2407.39318303811,0b21e6c4-230b-4a54-be50-a258347ccdf1,47.7052195,-123.9606225
2016-08-03,-63.715112312017226,0b21e6c4-230b-4a54-be50-a258347ccdf1,47.7052195,-123.9606225
2016-08-04,-1794.4358424993393,0b21e6c4-230b-4a54-be50-a258347ccdf1,47.7052195,-123.9606225
2016-08-05,65.46921768243305,0b21e6c4-230b-4a54-be50-a258347ccdf1,47.7052195,-123.9606225
2016-08-06,-3.3163523385827336,0b21e6c4-230b-4a54-be50-a258347ccdf1,47.7052195,-123.9606225
2016-08-07,2857.8032651910075,0b21e6c4-230b-4a54-be50-a258347ccdf1,47.7052195,-123.9606225
2016-08-08,1070.0846456872,0b21e6c4-230b-4a54-be50-a258347ccdf1,47.7052195,-123.9606225
2016-08-09,258.7170774311524,0b21e6c4-230b-4a54-be50-a258347ccdf1,47.7052195,-123.9606225
2016-08-10,69.44895694023661,0b21e6c4-230b-4a54-be50-a258347ccdf1,47.7052195,-123.9606225
2016-08-11,-1413.6738584568352,0b21e6c4-230b-4a54-be50-a258347ccdf1,47.7052195,-123.9606225
2016-08-12,511.73789768643564,0b21e6c4-230b-4a54-be50-a258347ccdf1,47.7052195,-123.9606225
2016-08-13,-1625.4302064284864,0b21e6c4-230b-4a54-be50-a258347ccdf1,47.7052195,-123.9606225
2016-08-14,-193.65983423856164,0b21e6c4-230b-4a54-be50-a258347ccdf1,47.7052195,-123.9606225
2016-08-15,-1467.1030322879992,0b21e6c4-230b-4a54-be50-a258347ccdf1,47.7052195,-123.9606225
2016-08-16,-681.7515852870795,0b21e6c4-230b-4a54-be50-a258347ccdf1,47.7052195,-123.9606225
2016-08-17,-851.132854790432,0b21e6c4-230b-4a54-be50-a258347ccdf1,47.7052195,-123.9606225
2016-08-18,-1048.9785883894208,0b21e6c4-230b-4a54-be50-a258347ccdf1,47.7052195,-123.9606225
2016-08-19,633.6507865025425,0b21e6c4-230b-4a54-be50-a258347ccdf1,47.7052195,-123.9606225
2016-08-20,-1608.2747527679967,0b21e6c4-230b-4a54-be50-a258347ccdf1,47.7052195,-123.9606225
2016-08-21,347.56834702548235,0b21e6c4-230b-4a54-be50-a258347ccdf1,47.7052195,-123.9606225
2016-08-22,-990.4366703967529,0b21e6c4-230b-4a54-be50-a258347ccdf1,47.7052195,-123.9606225
2016-08-23,-517.3304584368204,0b21e6c4-230b-4a54-be50-a258347ccdf1,47.7052195,-123.9606225
2016-08-24,-1195.705737056142,0b21e6c4-230b-4a54-be50-a258347ccdf1,47.7052195,-123.9606225
2016-08-25,-1014.9893237624749,0b21e6c4-230b-4a54-be50-a258347ccdf1,47.7052195,-123.9606225
2016-08-26,1211.8995241864318,0b21e6c4-230b-4a54-be50-a258347ccdf1,47.7052195,-123.9606225
2016-08-27,-307.69311389502985,0b21e6c4-230b-4a54-be50-a258347ccdf1,47.7052195,-123.9606225
2016-08-28,4601.466865907912,0b21e6c4-230b-4a54-be50-a258347ccdf1,47.7052195,-123.9606225
2016-08-29,-1025.9303929328487,0b21e6c4-230b-4a54-be50-a258347ccdf1,47.7052195,-123.9606225
2016-08-30,-19.61786165925194,0b21e6c4-230b-4a54-be50-a258347ccdf1,47.7052195,-123.9606225
2016-08-31,268.9307340993657,0b21e6c4-230b-4a54-be50-a258347ccdf1,47.7052195,-123.9606225
2016-09-01,4890.0672325481955,0b21e6c4-230b-4a54-be50-a258347ccdf1,47.7052195,-123.9606225
2016-09-02,2521.5743242628505,0b21e6c4-230b-4a54-be50-a258347ccdf1,47.7052195,-123.9606225
2016-09-03,249.14606475795347,0b21e6c4-230b-4a54-be50-a258347ccdf1,47.7052195,-123.9606225
2016-09-04,697.0662363419668,0b21e6c4-230b-4a54-be50-a258347ccdf1,47.7052195,-123.9606225
2016-09-05,3551.4600289309196,0b21e6c4-230b-4a54-be50-a258347ccdf1,47.7052195,-123.9606225
2016-09-06,1789.0770444972106,0b21e6c4-230b-4a54-be50-a258347ccdf1,47.7052195,-123.9606225
2016-09-07,817.7390985925745,0b21e6c4-230b-4a54-be50-a258347ccdf1,47.7052195,-123.9606225
2016-09-08,-130.46361800267465,0b21e6c4-230b-4a54-be50-a258347ccdf1,47.7052195,-123.9606225
2016-09-09,156.2340356814687,0b21e6c4-230b-4a54-be50-a258347ccdf1,47.7052195,-123.9606225
2016-09-10,-805.2346088412162,0b21e6c4-230b-4a54-be50-a258347ccdf1,47.7052195,-123.9606225
2016-09-11,50.106525833128586,0b21e6c4-230b-4a54-be50-a258347ccdf1,47.7052195,-123.9606225
2016-09-12,-1438.7131699373158,0b21e6c4-230b-4a54-be50-a258347ccdf1,47.7052195,-123.9606225
2016-09-13,360.15790096163454,0b21e6c4-230b-4a54-be50-a258347ccdf1,47.7052195,-123.9606225
2016-09-14,-997.2609741896152,0b21e6c4-230b-4a54-be50-a258347ccdf1,47.7052195,-123.9606225
2016-09-15,-23.040134829007407,0b21e6c4-230b-4a54-be50-a258347ccdf1,47.7052195,-123.9606225
2016-09-16,1264.910268657259,0b21e6c4-230b-4a54-be50-a258347ccdf1,47.7052195,-123.9606225
2016-09-17,5657.573564598744,0b21e6c4-230b-4a54-be50-a258347ccdf1,47.7052195,-123.9606225
2016-09-18,-422.2054959651372,0b21e6c4-230b-4a54-be50-a258347ccdf1,47.7052195,-123.9606225
2016-09-19,1676.9145764531406,0b21e6c4-230b-4a54-be50-a258347ccdf1,47.7052195,-123.9606225
2016-09-20,5411.101922359591,0b21e6c4-230b-4a54-be50-a258347ccdf1,47.7052195,-123.9606225
2016-09-21,-968.6003393469612,0b21e6c4-230b-4a54-be50-a258347ccdf1,47.7052195,-123.9606225
2016-09-22,-364.20441787894475,0b21e6c4-230b-4a54-be50-a258347ccdf1,47.7052195,-123.9606225
2016-09-23,1874.95296905847,0b21e6c4-230b-4a54-be50-a258347ccdf1,47.7052195,-123.9606225
2016-09-24,388.79351237752115,0b21e6c4-230b-4a54-be50-a258347ccdf1,47.7052195,-123.9606225
2016-09-25,162.48236851442448,0b21e6c4-230b-4a54-be50-a258347ccdf1,47.7052195,-123.9606225
2016-09-26,-774.7003375274065,0b21e6c4-230b-4a54-be50-a258347ccdf1,47.7052195,-123.9606225
2016-09-27,1062.9588780625375,0b21e6c4-230b-4a54-be50-a258347ccdf1,47.7052195,-123.9606225
2016-09-28,-674.6882556838339,0b21e6c4-230b-4a54-be50-a258347ccdf1,47.7052195,-123.9606225
2016-09-29,1342.7528635242945,0b21e6c4-230b-4a54-be50-a258347ccdf1,47.7052195,-123.9606225
2016-09-30,854.854976937142,0b21e6c4-230b-4a54-be50-a258347ccdf1,47.7052195,-123.9606225
2016-10-01,4318.224483019003,0b21e6c4-230b-4a54-be50-a258347ccdf1,47.7052195,-123.9606225
2016-10-02,-143.0086019451039,0b21e6c4-230b-4a54-be50-a258347ccdf1,47.7052195,-123.9606225
2016-10-03,3113.0156072309082,0b21e6c4-230b-4a54-be50-a258347ccdf1,47.7052195,-123.9606225
2016-10-04,4452.409367977652,0b21e6c4-230b-4a54-be50-a258347ccdf1,47.7052195,-123.9606225
2016-10-05,2007.3117807072606,0b21e6c4-230b-4a54-be50-a258347ccdf1,47.7052195,-123.9606225
2016-10-06,4630.319209039544,0b21e6c4-230b-4a54-be50-a258347ccdf1,47.7052195,-123.9606225
2016-10-07,568.160016194037,0b21e6c4-230b-4a54-be50-a258347ccdf1,47.7052195,-123.9606225
2016-10-08,4048.4630903317943,0b21e6c4-230b-4a54-be50-a258347ccdf1,47.7052195,-123.9606225
2016-10-09,2190.2152396808497,0b21e6c4-230b-4a54-be50-a258347ccdf1,47.7052195,-123.9606225
2016-10-10,22.286566227244247,0b21e6c4-230b-4a54-be50-a258347ccdf1,47.7052195,-123.9606225
2016-10-11,-216.06035918010852,0b21e6c4-230b-4a54-be50-a258347ccdf1,47.7052195,-123.9606225
2016-10-12,-1270.351497038673,0b21e6c4-230b-4a54-be50-a258347ccdf1,47.7052195,-123.9606225
2016-10-13,2416.38437184421,0b21e6c4-230b-4a54-be50-a258347ccdf1,47.7052195,-123.9606225
2016-10-14,3989.656827424327,0b21e6c4-230b-4a54-be50-a258347ccdf1,47.7052195,-123.9606225
2016-10-15,4845.418529435845,0b21e6c4-230b-4a54-be50-a258347ccdf1,47.7052195,-123.9606225
2016-10-16,5678.634319532006,0b21e6c4-230b-4a54-be50-a258347ccdf1,47.7052195,-123.9606225
2016-10-17,6137.530732279804,0b21e6c4-230b-4a54-be50-a258347ccdf1,47.7052195,-123.9606225
2016-10-18,6009.263535212927,0b21e6c4-230b-4a54-be50-a258347ccdf1,47.7052195,-123.9606225
2016-10-19,4963.9518864233905,0b21e6c4-230b-4a54-be50-a258347ccdf1,47.7052195,-123.9606225
2016-10-20,660.4760455616508,0b21e6c4-230b-4a54-be50-a258347ccdf1,47.7052195,-123.9606225
2016-10-21,3174.2156035917988,0b21e6c4-230b-4a54-be50-a258347ccdf1,47.7052195,-123.9606225
2016-10-22,1172.822411455916,0b21e6c4-230b-4a54-be50-a258347ccdf1,47.7052195,-123.9606225
2016-10-23,1532.1774293330411,0b21e6c4-230b-4a54-be50-a258347ccdf1,47.7052195,-123.9606225
2016-10-24,3592.315506245619,0b21e6c4-230b-4a54-be50-a258347ccdf1,47.7052195,-123.9606225
2016-10-25,5745.14307159038,0b21e6c4-230b-4a54-be50-a258347ccdf1,47.7052195,-123.9606225
2016-10-26,4988.597755579206,0b21e6c4-230b-4a54-be50-a258347ccdf1,47.7052195,-123.9606225
2016-10-27,5853.925284532872,0b21e6c4-230b-4a54-be50-a258347ccdf1,47.7052195,-123.9606225
2016-10-28,2039.5945304184056,0b21e6c4-230b-4a54-be50-a258347ccdf1,47.7052195,-123.9606225
2016-10-29,800.5845501605751,0b21e6c4-230b-4a54-be50-a258347ccdf1,47.7052195,-123.9606225
2016-10-30,4435.849445490684,0b21e6c4-230b-4a54-be50-a258347ccdf1,47.7052195,-123.9606225
2016-10-31,-118.91444453542206,0b21e6c4-230b-4a54-be50-a258347ccdf1,47.7052195,-123.9606225
2016-11-01,1899.9641456735537,0b21e6c4-230b-4a54-be50-a258347ccdf1,47.7052195,-123.9606225
2016-11-02,2666.7544829280264,0b21e6c4-230b-4a54-be50-a258347ccdf1,47.7052195,-123.9606225
2016-11-03,733.2916154916888,0b21e6c4-230b-4a54-be50-a258347ccdf1,47.7052195,-123.9606225
2016-11-04,1878.5234040230334,0b21e6c4-230b-4a54-be50-a258347ccdf1,47.7052195,-123.9606225
2016-11-05,4449.470109264262,0b21e6c4-230b-4a54-be50-a258347ccdf1,47.7052195,-123.9606225
2016-11-06,1051.0830262834681,0b21e6c4-230b-4a54-be50-a258347ccdf1,47.7052195,-123.9606225
2016-11-07,3239.4757407862267,0b21e6c4-230b-4a54-be50-a258347ccdf1,47.7052195,-123.9606225
2016-11-08,1990.9948006222864,0b21e6c4-230b-4a54-be50-a258347ccdf1,47.7052195,-123.9606225
2016-11-09,972.8099202125231,0b21e6c4-230b-4a54-be50-a258347ccdf1,47.7052195,-123.9606225
2016-11-10,641.1962753714158,0b21e6c4-230b-4a54-be50-a258347ccdf1,47.7052195,-123.9606225
2016-11-11,5053.500691430804,0b21e6c4-230b-4a54-be50-a258347ccdf1,47.7052195,-123.9606225
2016-11-12,4304.485084199893,0b21e6c4-230b-4a54-be50-a258347ccdf1,47.7052195,-123.9606225
2016-11-13,3197.202125239954,0b21e6c4-230b-4a54-be50-a258347ccdf1,47.7052195,-123.9606225
2016-11-14,1418.5712537642037,0b21e6c4-230b-4a54-be50-a258347ccdf1,47.7052195,-123.9606225
2016-11-15,3142.948620322605,0b21e6c4-230b-4a54-be50-a258347ccdf1,47.7052195,-123.9606225
2016-11-16,4121.4238834757125,0b21e6c4-230b-4a54-be50-a258347ccdf1,47.7052195,-123.9606225
2016-11-17,1184.6979857528859,0b21e6c4-230b-4a54-be50-a258347ccdf1,47.7052195,-123.9606225
2016-11-18,2773.682960779495,0b21e6c4-230b-4a54-be50-a258347ccdf1,47.7052195,-123.9606225
2016-11-19,2692.003443507373,0b21e6c4-230b-4a54-be50-a258347ccdf1,47.7052195,-123.9606225
2016-11-20,2177.1630639482514,0b21e6c4-230b-4a54-be50-a258347ccdf1,47.7052195,-123.9606225
2016-11-21,779.502442752258,0b21e6c4-230b-4a54-be50-a258347ccdf1,47.7052195,-123.9606225
2016-11-22,4356.179044187887,0b21e6c4-230b-4a54-be50-a258347ccdf1,47.7052195,-123.9606225
2016-11-23,4009.272769453313,0b21e6c4-230b-4a54-be50-a258347ccdf1,47.7052195,-123.9606225
2016-11-24,3465.7240281303134,0b21e6c4-230b-4a54-be50-a258347ccdf1,47.7052195,-123.9606225
2016-11-25,2001.6297388029134,0b21e6c4-230b-4a54-be50-a258347ccdf1,47.7052195,-123.9606225
2016-11-26,5164.578786720885,0b21e6c4-230b-4a54-be50-a258347ccdf1,47.7052195,-123.9606225
2016-11-27,3183.932094216544,0b21e6c4-230b-4a54-be50-a258347ccdf1,47.7052195,-123.9606225
2016-11-28,532.0191189715873,0b21e6c4-230b-4a54-be50-a258347ccdf1,47.7052195,-123.9606225
2016-11-29,49.689629447674115,0b21e6c4-230b-4a54-be50-a258347ccdf1,47.7052195,-123.9606225
2016-11-30,3997.4118744143284,0b21e6c4-230b-4a54-be50-a258347ccdf1,47.7052195,-123.9606225
2016-12-01,2087.8814150677317,0b21e6c4-230b-4a54-be50-a258347ccdf1,47.7052195,-123.9606225
2016-12-02,2445.4092360599343,0b21e6c4-230b-4a54-be50-a258347ccdf1,47.7052195,-123.9606225
2016-12-03,3199.7906693232167,0b21e6c4-230b-4a54-be50-a258347ccdf1,47.7052195,-123.9606225
2016-12-04,682.5593265827855,0b21e6c4-230b-4a54-be50-a258347ccdf1,47.7052195,-123.9606225
2016-12-05,6963.211291247024,0b21e6c4-230b-4a54-be50-a258347ccdf1,47.7052195,-123.9606225
2016-12-06,6909.432817489557,0b21e6c4-230b-4a54-be50-a258347ccdf1,47.7052195,-123.9606225
2016-12-07,4654.3165070007335,0b21e6c4-230b-4a54-be50-a258347ccdf1,47.7052195,-123.9606225
2016-12-08,4407.069029358513,0b21e6c4-230b-4a54-be50-a258347ccdf1,47.7052195,-123.9606225
2016-12-09,1608.8117215717295,0b21e6c4-230b-4a54-be50-a258347ccdf1,47.7052195,-123.9606225
2016-12-10,7372.305316738994,0b21e6c4-230b-4a54-be50-a258347ccdf1,47.7052195,-123.9606225
2016-12-11,2133.592583494819,0b21e6c4-230b-4a54-be50-a258347ccdf1,47.7052195,-123.9606225
2016-12-12,957.2013610269561,0b21e6c4-230b-4a54-be50-a258347ccdf1,47.7052195,-123.9606225
2016-12-13,574.813322779916,0b21e6c4-230b-4a54-be50-a258347ccdf1,47.7052195,-123.9606225
2016-12-14,2511.2367331713895,0b21e6c4-230b-4a54-be50-a258347ccdf1,47.7052195,-123.9606225
2016-12-15,3047.8358170255724,0b21e6c4-230b-4a54-be50-a258347ccdf1,47.7052195,-123.9606225
2016-12-16,2084.5252781644303,0b21e6c4-230b-4a54-be50-a258347ccdf1,47.7052195,-123.9606225
2016-12-17,343.68838760155364,0b21e6c4-230b-4a54-be50-a258347ccdf1,47.7052195,-123.9606225
2016-12-18,1596.5811703376185,0b21e6c4-230b-4a54-be50-a258347ccdf1,47.7052195,-123.9606225
2016-12-19,703.5103760109895,0b21e6c4-230b-4a54-be50-a258347ccdf1,47.7052195,-123.9606225
2016-12-20,1206.145982877989,0b21e6c4-230b-4a54-be50-a258347ccdf1,47.7052195,-123.9606225
2016-12-21,2591.2948861413597,0b21e6c4-230b-4a54-be50-a258347ccdf1,47.7052195,-123.9606225
2016-12-22,3808.916641647786,0b21e6c4-230b-4a54-be50-a258347ccdf1,47.7052195,-123.9606225
2016-12-23,971.5427140478713,0b21e6c4-230b-4a54-be50-a258347ccdf1,47.7052195,-123.9606225
2016-12-24,5786.354772237229,0b21e6c4-230b-4a54-be50-a258347ccdf1,47.7052195,-123.9606225
2016-12-25,4813.9603837440945,0b21e6c4-230b-4a54-be50-a258347ccdf1,47.7052195,-123.9606225
2016-12-26,3430.4638318003563,0b21e6c4-230b-4a54-be50-a258347ccdf1,47.7052195,-123.9606225
2016-12-27,5019.621300617735,0b21e6c4-230b-4a54-be50-a258347ccdf1,47.7052195,-123.9606225
2016-12-28,3855.3696971351096,0b21e6c4-230b-4a54-be50-a258347ccdf1,47.7052195,-123.9606225
2016-12-29,3600.7420189779564,0b21e6c4-230b-4a54-be50-a258347ccdf1,47.7052195,-123.9606225
2016-12-30,1919.1665620422666,0b21e6c4-230b-4a54-be50-a258347ccdf1,47.7052195,-123.9606225
2016-12-31,1335.3795136330127,0b21e6c4-230b-4a54-be50-a258347ccdf1,47.7052195,-123.9606225
2017-01-01,1886.9392814578273,0b21e6c4-230b-4a54-be50-a258347ccdf1,47.7052195,-123.9606225
2017-01-02,6186.396653838804,0b21e6c4-230b-4a54-be50-a258347ccdf1,47.7052195,-123.9606225
2017-01-03,5155.055264426789,0b21e6c4-230b-4a54-be50-a258347ccdf1,47.7052195,-123.9606225
2017-01-04,2139.11283513924,0b21e6c4-230b-4a54-be50-a258347ccdf1,47.7052195,-123.9606225
2017-01-05,2763.4470918966094,0b21e6c4-230b-4a54-be50-a258347ccdf1,47.7052195,-123.9606225
2017-01-06,1192.8946614263477,0b21e6c4-230b-4a54-be50-a258347ccdf1,47.7052195,-123.9606225
2017-01-07,1713.4856892018522,0b21e6c4-230b-4a54-be50-a258347ccdf1,47.7052195,-123.9606225
2017-01-08,3148.6990911323996,0b21e6c4-230b-4a54-be50-a258347ccdf1,47.7052195,-123.9606225
2017-01-09,2544.5383653120075,0b21e6c4-230b-4a54-be50-a258347ccdf1,47.7052195,-123.9606225
2017-01-10,4725.02888543173,0b21e6c4-230b-4a54-be50-a258347ccdf1,47.7052195,-123.9606225
2017-01-11,898.4622897277031,0b21e6c4-230b-4a54-be50-a258347ccdf1,47.7052195,-123.9606225
2017-01-12,2595.5358634242193,0b21e6c4-230b-4a54-be50-a258347ccdf1,47.7052195,-123.9606225
2017-01-13,2035.4802123420372,0b21e6c4-230b-4a54-be50-a258347ccdf1,47.7052195,-123.9606225
2017-01-14,1292.2978110756287,0b21e6c4-230b-4a54-be50-a258347ccdf1,47.7052195,-123.9606225
2017-01-15,955.1348290073412,0b21e6c4-230b-4a54-be50-a258347ccdf1,47.7052195,-123.9606225
2017-01-16,1068.743219884094,0b21e6c4-230b-4a54-be50-a258347ccdf1,47.7052195,-123.9606225
2017-01-17,3496.9319532010495,0b21e6c4-230b-4a54-be50-a258347ccdf1,47.7052195,-123.9606225
2017-01-18,3331.7198295077183,0b21e6c4-230b-4a54-be50-a258347ccdf1,47.7052195,-123.9606225
2017-01-19,4031.0849959514867,0b21e6c4-230b-4a54-be50-a258347ccdf1,47.7052195,-123.9606225
2017-01-20,2044.523517745208,0b21e6c4-230b-4a54-be50-a258347ccdf1,47.7052195,-123.9606225
2017-01-21,6522.44982577763,0b21e6c4-230b-4a54-be50-a258347ccdf1,47.7052195,-123.9606225
2017-01-22,2524.052935396708,0b21e6c4-230b-4a54-be50-a258347ccdf1,47.7052195,-123.9606225
2017-01-23,1854.5330931521048,0b21e6c4-230b-4a54-be50-a258347ccdf1,47.7052195,-123.9606225
2017-01-24,487.95413357351424,0b21e6c4-230b-4a54-be50-a258347ccdf1,47.7052195,-123.9606225
2017-01-25,-250.01384226279822,0b21e6c4-230b-4a54-be50-a258347ccdf1,47.7052195,-123.9606225
2017-01-26,249.27485739239583,0b21e6c4-230b-4a54-be50-a258347ccdf1,47.7052195,-123.9606225
2017-01-27,-39.384330904227596,0b21e6c4-230b-4a54-be50-a258347ccdf1,47.7052195,-123.9606225
2017-01-28,1420.9229327583519,0b21e6c4-230b-4a54-be50-a258347ccdf1,47.7052195,-123.9606225
2017-01-29,2740.140510567063,0b21e6c4-230b-4a54-be50-a258347ccdf1,47.7052195,-123.9606225
2017-01-30,3293.4011253946137,0b21e6c4-230b-4a54-be50-a258347ccdf1,47.7052195,-123.9606225
2017-01-31,1243.6513050756475,0b21e6c4-230b-4a54-be50-a258347ccdf1,47.7052195,-123.9606225
2017-02-01,1121.4996224423876,0b21e6c4-230b-4a54-be50-a258347ccdf1,47.7052195,-123.9606225
2017-02-02,2027.4010298679884,0b21e6c4-230b-4a54-be50-a258347ccdf1,47.7052195,-123.9606225
2017-02-03,5623.8354940546005,0b21e6c4-230b-4a54-be50-a258347ccdf1,47.7052195,-123.9606225
2017-02-04,3314.987713456514,0b21e6c4-230b-4a54-be50-a258347ccdf1,47.7052195,-123.9606225
2017-02-05,4756.240390476448,0b21e6c4-230b-4a54-be50-a258347ccdf1,47.7052195,-123.9606225
2017-02-06,2263.4786475249493,0b21e6c4-230b-4a54-be50-a258347ccdf1,47.7052195,-123.9606225
2017-02-07,5587.668404341457,0b21e6c4-230b-4a54-be50-a258347ccdf1,47.7052195,-123.9606225
2017-02-08,3950.7153306585865,0b21e6c4-230b-4a54-be50-a258347ccdf1,47.7052195,-123.9606225
2017-02-09,3194.6600798784525,0b21e6c4-230b-4a54-be50-a258347ccdf1,47.7052195,-123.9606225
2017-02-10,5241.364966292746,0b21e6c4-230b-4a54-be50-a258347ccdf1,47.7052195,-123.9606225
2017-02-11,3344.866444680985,0b21e6c4-230b-4a54-be50-a258347ccdf1,47.7052195,-123.9606225
2017-02-12,2302.4137894957084,0b21e6c4-230b-4a54-be50-a258347ccdf1,47.7052195,-123.9606225
2017-02-13,1169.2950089613068,0b21e6c4-230b-4a54-be50-a258347ccdf1,47.7052195,-123.9606225
2017-02-14,965.7667876670579,0b21e6c4-230b-4a54-be50-a258347ccdf1,47.7052195,-123.9606225
2017-02-15,3959.0918420262547,0b21e6c4-230b-4a54-be50-a258347ccdf1,47.7052195,-123.9606225
2017-02-16,636.5505108399973,0b21e6c4-230b-4a54-be50-a258347ccdf1,47.7052195,-123.9606225
2017-02-17,17.0982195656722,0b21e6c4-230b-4a54-be50-a258347ccdf1,47.7052195,-123.9606225
2017-02-18,903.6306986180477,0b21e6c4-230b-4a54-be50-a258347ccdf1,47.7052195,-123.9606225
2017-02-19,5674.583472074379,0b21e6c4-230b-4a54-be50-a258347ccdf1,47.7052195,-123.9606225
2017-02-20,3182.6719661198904,0b21e6c4-230b-4a54-be50-a258347ccdf1,47.7052195,-123.9606225
2017-02-21,267.14893510557937,0b21e6c4-230b-4a54-be50-a258347ccdf1,47.7052195,-123.9606225
2017-02-22,1089.519778560185,0b21e6c4-230b-4a54-be50-a258347ccdf1,47.7052195,-123.9606225
2017-02-23,934.1735764258476,0b21e6c4-230b-4a54-be50-a258347ccdf1,47.7052195,-123.9606225
2017-02-24,950.8690648398334,0b21e6c4-230b-4a54-be50-a258347ccdf1,47.7052195,-123.9606225
2017-02-25,254.7745480680875,0b21e6c4-230b-4a54-be50-a258347ccdf1,47.7052195,-123.9606225
2017-02-26,2799.2113321870133,0b21e6c4-230b-4a54-be50-a258347ccdf1,47.7052195,-123.9606225
2017-02-27,3459.0708534621563,0b21e6c4-230b-4a54-be50-a258347ccdf1,47.7052195,-123.9606225
2017-02-28,3400.4798529799714,0b21e6c4-230b-4a54-be50-a258347ccdf1,47.7052195,-123.9606225
2017-03-01,2929.6363164933496,0b21e6c4-230b-4a54-be50-a258347ccdf1,47.7052195,-123.9606225
2017-03-02,3929.6125804015765,0b21e6c4-230b-4a54-be50-a258347ccdf1,47.7052195,-123.9606225
2017-03-03,4272.863051211365,0b21e6c4-230b-4a54-be50-a258347ccdf1,47.7052195,-123.9606225
2017-03-04,4497.305898996513,0b21e6c4-230b-4a54-be50-a258347ccdf1,47.7052195,-123.9606225
2017-03-05,4068.2051957385993,0b21e6c4-230b-4a54-be50-a258347ccdf1,47.7052195,-123.9606225
2017-03-06,3450.015570839817,0b21e6c4-230b-4a54-be50-a258347ccdf1,47.7052195,-123.9606225
2017-03-07,5484.192031259945,0b21e6c4-230b-4a54-be50-a258347ccdf1,47.7052195,-123.9606225
2017-03-08,1763.118639518909,0b21e6c4-230b-4a54-be50-a258347ccdf1,47.7052195,-123.9606225
2017-03-09,6158.702607421963,0b21e6c4-230b-4a54-be50-a258347ccdf1,47.7052195,-123.9606225
2017-03-10,2033.603632741067,0b21e6c4-230b-4a54-be50-a258347ccdf1,47.7052195,-123.9606225
2017-03-11,4936.840566063476,0b21e6c4-230b-4a54-be50-a258347ccdf1,47.7052195,-123.9606225
2017-03-12,4032.800758754332,0b21e6c4-230b-4a54-be50-a258347ccdf1,47.7052195,-123.9606225
2017-03-13,4698.743692968327,0b21e6c4-230b-4a54-be50-a258347ccdf1,47.7052195,-123.9606225
2017-03-14,4403.899560577522,0b21e6c4-230b-4a54-be50-a258347ccdf1,47.7052195,-123.9606225
2017-03-15,510.8309542654908,0b21e6c4-230b-4a54-be50-a258347ccdf1,47.7052195,-123.9606225
2017-03-16,4064.9704504307806,0b21e6c4-230b-4a54-be50-a258347ccdf1,47.7052195,-123.9606225
2017-03-17,5091.433945613505,0b21e6c4-230b-4a54-be50-a258347ccdf1,47.7052195,-123.9606225
2017-03-18,994.9634269494251,0b21e6c4-230b-4a54-be50-a258347ccdf1,47.7052195,-123.9606225
2017-03-19,-73.03496729350336,0b21e6c4-230b-4a54-be50-a258347ccdf1,47.7052195,-123.9606225
2017-03-20,2812.874282413091,0b21e6c4-230b-4a54-be50-a258347ccdf1,47.7052195,-123.9606225
2017-03-21,4827.723336699509,0b21e6c4-230b-4a54-be50-a258347ccdf1,47.7052195,-123.9606225
2017-03-22,4808.88553635925,0b21e6c4-230b-4a54-be50-a258347ccdf1,47.7052195,-123.9606225
2017-03-23,1170.3383735000039,0b21e6c4-230b-4a54-be50-a258347ccdf1,47.7052195,-123.9606225
2017-03-24,3326.7584404596164,0b21e6c4-230b-4a54-be50-a258347ccdf1,47.7052195,-123.9606225
2017-03-25,2985.092628983685,0b21e6c4-230b-4a54-be50-a258347ccdf1,47.7052195,-123.9606225
2017-03-26,2280.6209730978812,0b21e6c4-230b-4a54-be50-a258347ccdf1,47.7052195,-123.9606225
2017-03-27,2289.6345651719007,0b21e6c4-230b-4a54-be50-a258347ccdf1,47.7052195,-123.9606225
2017-03-28,5772.465455752975,0b21e6c4-230b-4a54-be50-a258347ccdf1,47.7052195,-123.9606225
2017-03-29,4089.7558794362985,0b21e6c4-230b-4a54-be50-a258347ccdf1,47.7052195,-123.9606225
2017-03-30,348.13587980021254,0b21e6c4-230b-4a54-be50-a258347ccdf1,47.7052195,-123.9606225
2017-03-31,532.1286288745141,0b21e6c4-230b-4a54-be50-a258347ccdf1,47.7052195,-123.9606225
2017-04-01,192.50662317930772,0b21e6c4-230b-4a54-be50-a258347ccdf1,47.7052195,-123.9606225
2017-04-02,3864.452518718668,0b21e6c4-230b-4a54-be50-a258347ccdf1,47.7052195,-123.9606225
2017-04-03,-301.4526051475201,0b21e6c4-230b-4a54-be50-a258347ccdf1,47.7052195,-123.9606225
2017-04-04,5394.125931384591,0b21e6c4-230b-4a54-be50-a258347ccdf1,47.7052195,-123.9606225
2017-04-05,5027.037077977013,0b21e6c4-230b-4a54-be50-a258347ccdf1,47.7052195,-123.9606225
2017-04-06,1937.8900488550448,0b21e6c4-230b-4a54-be50-a258347ccdf1,47.7052195,-123.9606225
2017-04-07,4174.969522457851,0b21e6c4-230b-4a54-be50-a258347ccdf1,47.7052195,-123.9606225
2017-04-08,5109.900529490432,0b21e6c4-230b-4a54-be50-a258347ccdf1,47.7052195,-123.9606225
2017-04-09,-12.804752677019962,0b21e6c4-230b-4a54-be50-a258347ccdf1,47.7052195,-123.9606225
2017-04-10,6201.340643394558,0b21e6c4-230b-4a54-be50-a258347ccdf1,47.7052195,-123.9606225
2017-04-11,2546.634710736281,0b21e6c4-230b-4a54-be50-a258347ccdf1,47.7052195,-123.9606225
2017-04-12,3636.878790359998,0b21e6c4-230b-4a54-be50-a258347ccdf1,47.7052195,-123.9606225
2017-04-13,4275.958764340363,0b21e6c4-230b-4a54-be50-a258347ccdf1,47.7052195,-123.9606225
2017-04-14,3281.7407316429662,0b21e6c4-230b-4a54-be50-a258347ccdf1,47.7052195,-123.9606225
2017-04-15,1294.408526433581,0b21e6c4-230b-4a54-be50-a258347ccdf1,47.7052195,-123.9606225
2017-04-16,1315.1818553999824,0b21e6c4-230b-4a54-be50-a258347ccdf1,47.7052195,-123.9606225
2017-04-17,2410.4114331723017,0b21e6c4-230b-4a54-be50-a258347ccdf1,47.7052195,-123.9606225
2017-04-18,646.1181709835602,0b21e6c4-230b-4a54-be50-a258347ccdf1,47.7052195,-123.9606225
2017-04-19,2748.3351164969913,0b21e6c4-230b-4a54-be50-a258347ccdf1,47.7052195,-123.9606225
2017-04-20,1728.7486921950178,0b21e6c4-230b-4a54-be50-a258347ccdf1,47.7052195,-123.9606225
2017-04-21,-763.3319868628142,0b21e6c4-230b-4a54-be50-a258347ccdf1,47.7052195,-123.9606225
2017-04-22,3395.213752194837,0b21e6c4-230b-4a54-be50-a258347ccdf1,47.7052195,-123.9606225
2017-04-23,4337.103400747835,0b21e6c4-230b-4a54-be50-a258347ccdf1,47.7052195,-123.9606225
2017-04-25,3667.3757653502194,0b21e6c4-230b-4a54-be50-a258347ccdf1,47.7052195,-123.9606225
2017-04-26,6339.325340939067,0b21e6c4-230b-4a54-be50-a258347ccdf1,47.7052195,-123.9606225
2017-04-27,2339.108995878707,0b21e6c4-230b-4a54-be50-a258347ccdf1,47.7052195,-123.9606225
2017-04-28,899.2049955875789,0b21e6c4-230b-4a54-be50-a258347ccdf1,47.7052195,-123.9606225
2017-04-29,4048.1513323689665,0b21e6c4-230b-4a54-be50-a258347ccdf1,47.7052195,-123.9606225
2017-04-30,1252.0060773128812,0b21e6c4-230b-4a54-be50-a258347ccdf1,47.7052195,-123.9606225
2017-05-01,2835.576193855362,0b21e6c4-230b-4a54-be50-a258347ccdf1,47.7052195,-123.9606225
2017-05-02,4089.1284378212636,0b21e6c4-230b-4a54-be50-a258347ccdf1,47.7052195,-123.9606225
2017-05-03,-376.6622133064035,0b21e6c4-230b-4a54-be50-a258347ccdf1,47.7052195,-123.9606225
2017-05-04,-170.32234322261334,0b21e6c4-230b-4a54-be50-a258347ccdf1,47.7052195,-123.9606225
2017-05-05,4215.774434345913,0b21e6c4-230b-4a54-be50-a258347ccdf1,47.7052195,-123.9606225
2017-05-06,3886.940837177139,0b21e6c4-230b-4a54-be50-a258347ccdf1,47.7052195,-123.9606225
2017-05-07,-672.8238216108512,0b21e6c4-230b-4a54-be50-a258347ccdf1,47.7052195,-123.9606225
2017-05-08,329.1201861404512,0b21e6c4-230b-4a54-be50-a258347ccdf1,47.7052195,-123.9606225
2017-05-09,-474.9272951408788,0b21e6c4-230b-4a54-be50-a258347ccdf1,47.7052195,-123.9606225
2017-05-10,1762.590081607031,0b21e6c4-230b-4a54-be50-a258347ccdf1,47.7052195,-123.9606225
2017-05-11,3797.194887960913,0b21e6c4-230b-4a54-be50-a258347ccdf1,47.7052195,-123.9606225
2017-05-12,2030.4230282849785,0b21e6c4-230b-4a54-be50-a258347ccdf1,47.7052195,-123.9606225
2017-05-13,2498.240486003074,0b21e6c4-230b-4a54-be50-a258347ccdf1,47.7052195,-123.9606225
2017-05-14,1674.4224551252305,0b21e6c4-230b-4a54-be50-a258347ccdf1,47.7052195,-123.9606225
2017-05-15,5617.425434646136,0b21e6c4-230b-4a54-be50-a258347ccdf1,47.7052195,-123.9606225
2017-05-16,5285.579100594082,0b21e6c4-230b-4a54-be50-a258347ccdf1,47.7052195,-123.9606225
2017-05-17,704.2146255811192,0b21e6c4-230b-4a54-be50-a258347ccdf1,47.7052195,-123.9606225
2017-05-18,2869.4289418379294,0b21e6c4-230b-4a54-be50-a258347ccdf1,47.7052195,-123.9606225
2017-05-19,500.1699054741306,0b21e6c4-230b-4a54-be50-a258347ccdf1,47.7052195,-123.9606225
2017-05-20,305.5861695643072,0b21e6c4-230b-4a54-be50-a258347ccdf1,47.7052195,-123.9606225
2017-05-21,757.4526870274836,0b21e6c4-230b-4a54-be50-a258347ccdf1,47.7052195,-123.9606225
2017-05-22,-959.424929719697,0b21e6c4-230b-4a54-be50-a258347ccdf1,47.7052195,-123.9606225
2017-05-23,-1336.758558730678,0b21e6c4-230b-4a54-be50-a258347ccdf1,47.7052195,-123.9606225
2017-05-24,2205.1664574178694,0b21e6c4-230b-4a54-be50-a258347ccdf1,47.7052195,-123.9606225
2017-05-25,-49.9703594530419,0b21e6c4-230b-4a54-be50-a258347ccdf1,47.7052195,-123.9606225
2017-05-26,-2292.9104369660736,0b21e6c4-230b-4a54-be50-a258347ccdf1,47.7052195,-123.9606225
2017-05-27,-132.21717750666403,0b21e6c4-230b-4a54-be50-a258347ccdf1,47.7052195,-123.9606225
2017-05-28,-2142.785251598933,0b21e6c4-230b-4a54-be50-a258347ccdf1,47.7052195,-123.9606225
2017-05-29,-227.82992621705463,0b21e6c4-230b-4a54-be50-a258347ccdf1,47.7052195,-123.9606225
2017-05-30,5423.405305821656,0b21e6c4-230b-4a54-be50-a258347ccdf1,47.7052195,-123.9606225
2017-05-31,1598.3458973589154,0b21e6c4-230b-4a54-be50-a258347ccdf1,47.7052195,-123.9606225
2017-06-01,1339.5859557666222,0b21e6c4-230b-4a54-be50-a258347ccdf1,47.7052195,-123.9606225
2017-06-02,1036.5059772373693,0b21e6c4-230b-4a54-be50-a258347ccdf1,47.7052195,-123.9606225
2017-06-03,643.2239007614832,0b21e6c4-230b-4a54-be50-a258347ccdf1,47.7052195,-123.9606225
2017-06-04,-1607.4591964846188,0b21e6c4-230b-4a54-be50-a258347ccdf1,47.7052195,-123.9606225
2017-06-05,-1066.5543364538692,0b21e6c4-230b-4a54-be50-a258347ccdf1,47.7052195,-123.9606225
2017-06-06,-124.1040284942273,0b21e6c4-230b-4a54-be50-a258347ccdf1,47.7052195,-123.9606225
2017-06-07,1098.4830826896653,0b21e6c4-230b-4a54-be50-a258347ccdf1,47.7052195,-123.9606225
2017-06-08,2633.2170592356047,0b21e6c4-230b-4a54-be50-a258347ccdf1,47.7052195,-123.9606225
2017-06-09,114.98469299562387,0b21e6c4-230b-4a54-be50-a258347ccdf1,47.7052195,-123.9606225
2017-06-10,4001.230901498403,0b21e6c4-230b-4a54-be50-a258347ccdf1,47.7052195,-123.9606225
2017-06-11,-1355.122123966264,0b21e6c4-230b-4a54-be50-a258347ccdf1,47.7052195,-123.9606225
2017-06-12,1032.1307986935592,0b21e6c4-230b-4a54-be50-a258347ccdf1,47.7052195,-123.9606225
2017-06-13,3024.6249988627796,0b21e6c4-230b-4a54-be50-a258347ccdf1,47.7052195,-123.9606225
2017-06-14,1480.8461248032593,0b21e6c4-230b-4a54-be50-a258347ccdf1,47.7052195,-123.9606225
2017-06-15,6198.019355513696,0b21e6c4-230b-4a54-be50-a258347ccdf1,47.7052195,-123.9606225
2017-06-16,228.05198922823573,0b21e6c4-230b-4a54-be50-a258347ccdf1,47.7052195,-123.9606225
2017-06-17,5314.02128879063,0b21e6c4-230b-4a54-be50-a258347ccdf1,47.7052195,-123.9606225
2017-06-18,530.6716931866767,0b21e6c4-230b-4a54-be50-a258347ccdf1,47.7052195,-123.9606225
2017-06-19,1957.185339847336,0b21e6c4-230b-4a54-be50-a258347ccdf1,47.7052195,-123.9606225
2017-06-20,2206.012955229854,0b21e6c4-230b-4a54-be50-a258347ccdf1,47.7052195,-123.9606225
2017-06-21,101.85191553626831,0b21e6c4-230b-4a54-be50-a258347ccdf1,47.7052195,-123.9606225
2017-06-22,-1661.7679658287605,0b21e6c4-230b-4a54-be50-a258347ccdf1,47.7052195,-123.9606225
2017-06-23,-750.1779433572598,0b21e6c4-230b-4a54-be50-a258347ccdf1,47.7052195,-123.9606225
2017-06-24,-1121.7395034435076,0b21e6c4-230b-4a54-be50-a258347ccdf1,47.7052195,-123.9606225
2017-06-25,-727.8396744816537,0b21e6c4-230b-4a54-be50-a258347ccdf1,47.7052195,-123.9606225
2017-06-26,1390.9074074074067,0b21e6c4-230b-4a54-be50-a258347ccdf1,47.7052195,-123.9606225
2017-06-27,-1644.4482655094284,0b21e6c4-230b-4a54-be50-a258347ccdf1,47.7052195,-123.9606225
2017-06-28,202.92581220375374,0b21e6c4-230b-4a54-be50-a258347ccdf1,47.7052195,-123.9606225
2017-06-29,-1562.5075193100238,0b21e6c4-230b-4a54-be50-a258347ccdf1,47.7052195,-123.9606225
2017-06-30,98.14334452359509,0b21e6c4-230b-4a54-be50-a258347ccdf1,47.7052195,-123.9606225
2017-07-01,-1028.1403604537968,0b21e6c4-230b-4a54-be50-a258347ccdf1,47.7052195,-123.9606225
2017-07-02,-409.3077276490439,0b21e6c4-230b-4a54-be50-a258347ccdf1,47.7052195,-123.9606225
2017-07-03,-653.0488777896045,0b21e6c4-230b-4a54-be50-a258347ccdf1,47.7052195,-123.9606225
2017-07-04,-1129.7695169991898,0b21e6c4-230b-4a54-be50-a258347ccdf1,47.7052195,-123.9606225
2017-07-05,788.6227016748993,0b21e6c4-230b-4a54-be50-a258347ccdf1,47.7052195,-123.9606225
2017-07-06,-1618.7260933249636,0b21e6c4-230b-4a54-be50-a258347ccdf1,47.7052195,-123.9606225
2017-07-07,-281.1222695306456,0b21e6c4-230b-4a54-be50-a258347ccdf1,47.7052195,-123.9606225
2017-07-08,-1399.5681923633272,0b21e6c4-230b-4a54-be50-a258347ccdf1,47.7052195,-123.9606225
2017-07-09,-494.14063793589645,0b21e6c4-230b-4a54-be50-a258347ccdf1,47.7052195,-123.9606225
2017-07-10,-251.04641659277536,0b21e6c4-230b-4a54-be50-a258347ccdf1,47.7052195,-123.9606225
2017-07-11,-949.3005222122132,0b21e6c4-230b-4a54-be50-a258347ccdf1,47.7052195,-123.9606225
2017-07-12,-267.5565927017656,0b21e6c4-230b-4a54-be50-a258347ccdf1,47.7052195,-123.9606225
2017-07-13,-144.76952609696403,0b21e6c4-230b-4a54-be50-a258347ccdf1,47.7052195,-123.9606225
2017-07-14,942.858352211213,0b21e6c4-230b-4a54-be50-a258347ccdf1,47.7052195,-123.9606225
2017-07-15,153.95534357742648,0b21e6c4-230b-4a54-be50-a258347ccdf1,47.7052195,-123.9606225
2017-07-16,301.1404969204034,0b21e6c4-230b-4a54-be50-a258347ccdf1,47.7052195,-123.9606225
2017-07-17,-1062.2648134501485,0b21e6c4-230b-4a54-be50-a258347ccdf1,47.7052195,-123.9606225
2017-07-18,-491.9155726593699,0b21e6c4-230b-4a54-be50-a258347ccdf1,47.7052195,-123.9606225
2017-07-19,-634.6150640938159,0b21e6c4-230b-4a54-be50-a258347ccdf1,47.7052195,-123.9606225
2017-07-20,3167.7991620950347,0b21e6c4-230b-4a54-be50-a258347ccdf1,47.7052195,-123.9606225
2017-07-21,848.5249369979157,0b21e6c4-230b-4a54-be50-a258347ccdf1,47.7052195,-123.9606225
2017-07-22,1550.644327083162,0b21e6c4-230b-4a54-be50-a258347ccdf1,47.7052195,-123.9606225
2017-07-23,-301.6294158319458,0b21e6c4-230b-4a54-be50-a258347ccdf1,47.7052195,-123.9606225
2017-07-24,-1506.5929201124477,0b21e6c4-230b-4a54-be50-a258347ccdf1,47.7052195,-123.9606225
2017-07-25,-324.16713520201586,0b21e6c4-230b-4a54-be50-a258347ccdf1,47.7052195,-123.9606225
2017-07-26,-1024.288008224386,0b21e6c4-230b-4a54-be50-a258347ccdf1,47.7052195,-123.9606225
2017-07-27,-335.1487576989907,0b21e6c4-230b-4a54-be50-a258347ccdf1,47.7052195,-123.9606225
2017-07-28,-386.88925279983965,0b21e6c4-230b-4a54-be50-a258347ccdf1,47.7052195,-123.9606225
2017-07-29,-1620.7988118307446,0b21e6c4-230b-4a54-be50-a258347ccdf1,47.7052195,-123.9606225
2017-07-30,226.11125212660446,0b21e6c4-230b-4a54-be50-a258347ccdf1,47.7052195,-123.9606225
2017-07-31,-1734.4733435228388,0b21e6c4-230b-4a54-be50-a258347ccdf1,47.7052195,-123.9606225
2017-08-01,-161.36030823257542,0b21e6c4-230b-4a54-be50-a258347ccdf1,47.7052195,-123.9606225
2017-08-02,-129.52805753432128,0b21e6c4-230b-4a54-be50-a258347ccdf1,47.7052195,-123.9606225
2017-08-03,754.9744307068061,0b21e6c4-230b-4a54-be50-a258347ccdf1,47.7052195,-123.9606225
2017-08-04,119.50497193336783,0b21e6c4-230b-4a54-be50-a258347ccdf1,47.7052195,-123.9606225
2017-08-05,2911.6032642812293,0b21e6c4-230b-4a54-be50-a258347ccdf1,47.7052195,-123.9606225
2017-08-06,4595.631485575475,0b21e6c4-230b-4a54-be50-a258347ccdf1,47.7052195,-123.9606225
2017-08-07,-63.50500377557605,0b21e6c4-230b-4a54-be50-a258347ccdf1,47.7052195,-123.9606225
2017-08-08,1737.2195565745055,0b21e6c4-230b-4a54-be50-a258347ccdf1,47.7052195,-123.9606225
2017-08-09,-745.7290319058925,0b21e6c4-230b-4a54-be50-a258347ccdf1,47.7052195,-123.9606225
2017-08-10,138.04820910323235,0b21e6c4-230b-4a54-be50-a258347ccdf1,47.7052195,-123.9606225
2017-08-11,122.31698918274688,0b21e6c4-230b-4a54-be50-a258347ccdf1,47.7052195,-123.9606225
2017-08-12,-260.18413439231415,0b21e6c4-230b-4a54-be50-a258347ccdf1,47.7052195,-123.9606225
2017-08-13,228.4403913862276,0b21e6c4-230b-4a54-be50-a258347ccdf1,47.7052195,-123.9606225
2017-08-14,3271.819895921465,0b21e6c4-230b-4a54-be50-a258347ccdf1,47.7052195,-123.9606225
2017-08-15,-126.96170747018205,0b21e6c4-230b-4a54-be50-a258347ccdf1,47.7052195,-123.9606225
2017-08-16,1312.9543428223112,0b21e6c4-230b-4a54-be50-a258347ccdf1,47.7052195,-123.9606225
2017-08-17,-1016.7554018031785,0b21e6c4-230b-4a54-be50-a258347ccdf1,47.7052195,-123.9606225
2017-08-18,243.79132436292826,0b21e6c4-230b-4a54-be50-a258347ccdf1,47.7052195,-123.9606225
2017-08-19,-712.9848249133429,0b21e6c4-230b-4a54-be50-a258347ccdf1,47.7052195,-123.9606225
2017-08-20,3544.0096254446494,0b21e6c4-230b-4a54-be50-a258347ccdf1,47.7052195,-123.9606225
2017-08-21,-1013.3263053030914,0b21e6c4-230b-4a54-be50-a258347ccdf1,47.7052195,-123.9606225
2017-08-22,817.1457599825317,0b21e6c4-230b-4a54-be50-a258347ccdf1,47.7052195,-123.9606225
2017-08-23,2607.865757799065,0b21e6c4-230b-4a54-be50-a258347ccdf1,47.7052195,-123.9606225
2017-08-24,602.7222586133169,0b21e6c4-230b-4a54-be50-a258347ccdf1,47.7052195,-123.9606225
2017-08-25,-1150.804752677019,0b21e6c4-230b-4a54-be50-a258347ccdf1,47.7052195,-123.9606225
2017-08-26,-340.4061837568346,0b21e6c4-230b-4a54-be50-a258347ccdf1,47.7052195,-123.9606225
2017-08-27,-1002.3741232020518,0b21e6c4-230b-4a54-be50-a258347ccdf1,47.7052195,-123.9606225
2017-08-28,-578.2114913980546,0b21e6c4-230b-4a54-be50-a258347ccdf1,47.7052195,-123.9606225
2017-08-29,1824.8416714429966,0b21e6c4-230b-4a54-be50-a258347ccdf1,47.7052195,-123.9606225
2017-08-30,-209.27401584832177,0b21e6c4-230b-4a54-be50-a258347ccdf1,47.7052195,-123.9606225
2017-08-31,-159.04191344378023,0b21e6c4-230b-4a54-be50-a258347ccdf1,47.7052195,-123.9606225
2017-09-01,-1472.3007860476537,0b21e6c4-230b-4a54-be50-a258347ccdf1,47.7052195,-123.9606225
2017-09-02,-336.7853789677664,0b21e6c4-230b-4a54-be50-a258347ccdf1,47.7052195,-123.9606225
2017-09-03,940.5863515197823,0b21e6c4-230b-4a54-be50-a258347ccdf1,47.7052195,-123.9606225
2017-09-04,-120.24039957422413,0b21e6c4-230b-4a54-be50-a258347ccdf1,47.7052195,-123.9606225
2017-09-05,3288.5868791906596,0b21e6c4-230b-4a54-be50-a258347ccdf1,47.7052195,-123.9606225
2017-09-06,4909.491229746078,0b21e6c4-230b-4a54-be50-a258347ccdf1,47.7052195,-123.9606225
2017-09-07,2815.147038219745,0b21e6c4-230b-4a54-be50-a258347ccdf1,47.7052195,-123.9606225
2017-09-08,924.1425348217285,0b21e6c4-230b-4a54-be50-a258347ccdf1,47.7052195,-123.9606225
2017-09-09,4930.696975899996,0b21e6c4-230b-4a54-be50-a258347ccdf1,47.7052195,-123.9606225
2017-09-10,-860.6043924051783,0b21e6c4-230b-4a54-be50-a258347ccdf1,47.7052195,-123.9606225
2017-09-11,-291.44865216481514,0b21e6c4-230b-4a54-be50-a258347ccdf1,47.7052195,-123.9606225
2017-09-12,-621.1938098747235,0b21e6c4-230b-4a54-be50-a258347ccdf1,47.7052195,-123.9606225
2017-09-13,232.69114877589448,0b21e6c4-230b-4a54-be50-a258347ccdf1,47.7052195,-123.9606225
2017-09-14,1656.9716422391436,0b21e6c4-230b-4a54-be50-a258347ccdf1,47.7052195,-123.9606225
2017-09-15,-1426.4645869155813,0b21e6c4-230b-4a54-be50-a258347ccdf1,47.7052195,-123.9606225
2017-09-16,1240.2785010507914,0b21e6c4-230b-4a54-be50-a258347ccdf1,47.7052195,-123.9606225
2017-09-17,4763.928841762421,0b21e6c4-230b-4a54-be50-a258347ccdf1,47.7052195,-123.9606225
2017-09-18,2329.343782126513,0b21e6c4-230b-4a54-be50-a258347ccdf1,47.7052195,-123.9606225
2017-09-19,2038.5792689028976,0b21e6c4-230b-4a54-be50-a258347ccdf1,47.7052195,-123.9606225
2017-09-20,569.927572622979,0b21e6c4-230b-4a54-be50-a258347ccdf1,47.7052195,-123.9606225
2017-09-21,201.62109591782868,0b21e6c4-230b-4a54-be50-a258347ccdf1,47.7052195,-123.9606225
2017-09-22,-507.08175259513933,0b21e6c4-230b-4a54-be50-a258347ccdf1,47.7052195,-123.9606225
2017-09-23,-502.27146392277797,0b21e6c4-230b-4a54-be50-a258347ccdf1,47.7052195,-123.9606225
2017-09-24,-1630.829275726229,0b21e6c4-230b-4a54-be50-a258347ccdf1,47.7052195,-123.9606225
2017-09-25,1972.809829234786,0b21e6c4-230b-4a54-be50-a258347ccdf1,47.7052195,-123.9606225
2017-09-26,-36.821187805344096,0b21e6c4-230b-4a54-be50-a258347ccdf1,47.7052195,-123.9606225
2017-09-27,-407.1883011727027,0b21e6c4-230b-4a54-be50-a258347ccdf1,47.7052195,-123.9606225
2017-09-28,-391.8054304611661,0b21e6c4-230b-4a54-be50-a258347ccdf1,47.7052195,-123.9606225
2017-09-29,3149.117606921586,0b21e6c4-230b-4a54-be50-a258347ccdf1,47.7052195,-123.9606225
2017-09-30,4234.263967357185,0b21e6c4-230b-4a54-be50-a258347ccdf1,47.7052195,-123.9606225
2017-10-01,1223.622851788167,0b21e6c4-230b-4a54-be50-a258347ccdf1,47.7052195,-123.9606225
2017-10-02,3426.8613408298984,0b21e6c4-230b-4a54-be50-a258347ccdf1,47.7052195,-123.9606225
2017-10-03,-948.3728677092712,0b21e6c4-230b-4a54-be50-a258347ccdf1,47.7052195,-123.9606225
2017-10-04,1159.289404732661,0b21e6c4-230b-4a54-be50-a258347ccdf1,47.7052195,-123.9606225
2017-10-05,-216.07734472374602,0b21e6c4-230b-4a54-be50-a258347ccdf1,47.7052195,-123.9606225
2017-10-06,2596.2830408399054,0b21e6c4-230b-4a54-be50-a258347ccdf1,47.7052195,-123.9606225
2017-10-07,714.6944785610951,0b21e6c4-230b-4a54-be50-a258347ccdf1,47.7052195,-123.9606225
2017-10-08,1149.851374218728,0b21e6c4-230b-4a54-be50-a258347ccdf1,47.7052195,-123.9606225
2017-10-09,2348.775198558913,0b21e6c4-230b-4a54-be50-a258347ccdf1,47.7052195,-123.9606225
2017-10-10,463.4614936724982,0b21e6c4-230b-4a54-be50-a258347ccdf1,47.7052195,-123.9606225
2017-10-11,1070.520224351101,0b21e6c4-230b-4a54-be50-a258347ccdf1,47.7052195,-123.9606225
2017-10-12,3295.075502424554,0b21e6c4-230b-4a54-be50-a258347ccdf1,47.7052195,-123.9606225
2017-10-13,-663.5122956412562,0b21e6c4-230b-4a54-be50-a258347ccdf1,47.7052195,-123.9606225
2017-10-14,-126.9309797392578,0b21e6c4-230b-4a54-be50-a258347ccdf1,47.7052195,-123.9606225
2017-10-15,1602.5317830726817,0b21e6c4-230b-4a54-be50-a258347ccdf1,47.7052195,-123.9606225
2017-10-16,774.7815670005543,0b21e6c4-230b-4a54-be50-a258347ccdf1,47.7052195,-123.9606225
2017-10-17,3136.2347953455787,0b21e6c4-230b-4a54-be50-a258347ccdf1,47.7052195,-123.9606225
2017-10-18,3683.0891490852164,0b21e6c4-230b-4a54-be50-a258347ccdf1,47.7052195,-123.9606225
2017-10-19,5084.231793080227,0b21e6c4-230b-4a54-be50-a258347ccdf1,47.7052195,-123.9606225
2017-10-20,4351.672857701718,0b21e6c4-230b-4a54-be50-a258347ccdf1,47.7052195,-123.9606225
2017-10-21,5670.616942784097,0b21e6c4-230b-4a54-be50-a258347ccdf1,47.7052195,-123.9606225
2017-10-22,2500.940741650515,0b21e6c4-230b-4a54-be50-a258347ccdf1,47.7052195,-123.9606225
2017-10-23,594.4370343077048,0b21e6c4-230b-4a54-be50-a258347ccdf1,47.7052195,-123.9606225
2017-10-24,618.9171966119887,0b21e6c4-230b-4a54-be50-a258347ccdf1,47.7052195,-123.9606225
2017-10-25,1584.753864279409,0b21e6c4-230b-4a54-be50-a258347ccdf1,47.7052195,-123.9606225
2017-10-26,686.63858638791,0b21e6c4-230b-4a54-be50-a258347ccdf1,47.7052195,-123.9606225
2017-10-27,804.05407261843,0b21e6c4-230b-4a54-be50-a258347ccdf1,47.7052195,-123.9606225
2017-10-28,-193.2335034617028,0b21e6c4-230b-4a54-be50-a258347ccdf1,47.7052195,-123.9606225
2017-10-29,805.9896694778787,0b21e6c4-230b-4a54-be50-a258347ccdf1,47.7052195,-123.9606225
2017-10-30,572.4123156563586,0b21e6c4-230b-4a54-be50-a258347ccdf1,47.7052195,-123.9606225
2017-10-31,604.0371189170005,0b21e6c4-230b-4a54-be50-a258347ccdf1,47.7052195,-123.9606225
2017-11-01,1340.7226725620233,0b21e6c4-230b-4a54-be50-a258347ccdf1,47.7052195,-123.9606225
2017-11-02,1810.9196257175847,0b21e6c4-230b-4a54-be50-a258347ccdf1,47.7052195,-123.9606225
2017-11-03,1365.673399019259,0b21e6c4-230b-4a54-be50-a258347ccdf1,47.7052195,-123.9606225
2017-11-04,2912.011090186229,0b21e6c4-230b-4a54-be50-a258347ccdf1,47.7052195,-123.9606225
2017-11-05,951.7847512213746,0b21e6c4-230b-4a54-be50-a258347ccdf1,47.7052195,-123.9606225
2017-11-06,5010.455107035308,0b21e6c4-230b-4a54-be50-a258347ccdf1,47.7052195,-123.9606225
2017-11-07,3583.0019332769252,0b21e6c4-230b-4a54-be50-a258347ccdf1,47.7052195,-123.9606225
2017-11-08,2627.036618539442,0b21e6c4-230b-4a54-be50-a258347ccdf1,47.7052195,-123.9606225
2017-11-09,3833.550201515688,0b21e6c4-230b-4a54-be50-a258347ccdf1,47.7052195,-123.9606225
2017-11-10,807.5478906811493,0b21e6c4-230b-4a54-be50-a258347ccdf1,47.7052195,-123.9606225
2017-11-11,3866.9191981222143,0b21e6c4-230b-4a54-be50-a258347ccdf1,47.7052195,-123.9606225
2017-11-12,3629.7709498985573,0b21e6c4-230b-4a54-be50-a258347ccdf1,47.7052195,-123.9606225
2017-11-13,4591.04288690557,0b21e6c4-230b-4a54-be50-a258347ccdf1,47.7052195,-123.9606225
2017-11-14,4311.503056851985,0b21e6c4-230b-4a54-be50-a258347ccdf1,47.7052195,-123.9606225
2017-11-15,4714.109218774164,0b21e6c4-230b-4a54-be50-a258347ccdf1,47.7052195,-123.9606225
2017-11-16,3676.321510776308,0b21e6c4-230b-4a54-be50-a258347ccdf1,47.7052195,-123.9606225
2017-11-17,1183.7435792461583,0b21e6c4-230b-4a54-be50-a258347ccdf1,47.7052195,-123.9606225
2017-11-18,2337.0788867963984,0b21e6c4-230b-4a54-be50-a258347ccdf1,47.7052195,-123.9606225
2017-11-19,3723.6372626618268,0b21e6c4-230b-4a54-be50-a258347ccdf1,47.7052195,-123.9606225
2017-11-20,1219.9657923706063,0b21e6c4-230b-4a54-be50-a258347ccdf1,47.7052195,-123.9606225
2017-11-21,3622.4099775284985,0b21e6c4-230b-4a54-be50-a258347ccdf1,47.7052195,-123.9606225
2017-11-22,4841.529977164585,0b21e6c4-230b-4a54-be50-a258347ccdf1,47.7052195,-123.9606225
2017-11-23,4055.602195292809,0b21e6c4-230b-4a54-be50-a258347ccdf1,47.7052195,-123.9606225
2017-11-24,2388.7212442115397,0b21e6c4-230b-4a54-be50-a258347ccdf1,47.7052195,-123.9606225
2017-11-25,4999.606248351025,0b21e6c4-230b-4a54-be50-a258347ccdf1,47.7052195,-123.9606225
2017-11-26,3130.099929947139,0b21e6c4-230b-4a54-be50-a258347ccdf1,47.7052195,-123.9606225
2017-11-27,2343.757653502186,0b21e6c4-230b-4a54-be50-a258347ccdf1,47.7052195,-123.9606225
2017-11-28,3018.7186968348824,0b21e6c4-230b-4a54-be50-a258347ccdf1,47.7052195,-123.9606225
2017-11-29,1997.8522112139156,0b21e6c4-230b-4a54-be50-a258347ccdf1,47.7052195,-123.9606225
2017-11-30,-346.20657405132926,0b21e6c4-230b-4a54-be50-a258347ccdf1,47.7052195,-123.9606225
2017-12-01,3777.256038647339,0b21e6c4-230b-4a54-be50-a258347ccdf1,47.7052195,-123.9606225
2017-12-02,3420.978206282924,0b21e6c4-230b-4a54-be50-a258347ccdf1,47.7052195,-123.9606225
2017-12-03,3776.531505590579,0b21e6c4-230b-4a54-be50-a258347ccdf1,47.7052195,-123.9606225
2017-12-04,4526.004303246992,0b21e6c4-230b-4a54-be50-a258347ccdf1,47.7052195,-123.9606225
2017-12-05,2349.978128951844,0b21e6c4-230b-4a54-be50-a258347ccdf1,47.7052195,-123.9606225
2017-12-06,1031.3928691649146,0b21e6c4-230b-4a54-be50-a258347ccdf1,47.7052195,-123.9606225
2017-12-07,1156.8899533284202,0b21e6c4-230b-4a54-be50-a258347ccdf1,47.7052195,-123.9606225
2017-12-08,754.8025237224443,0b21e6c4-230b-4a54-be50-a258347ccdf1,47.7052195,-123.9606225
2017-12-09,1779.3965628610672,0b21e6c4-230b-4a54-be50-a258347ccdf1,47.7052195,-123.9606225
2017-12-10,1881.4657241373027,0b21e6c4-230b-4a54-be50-a258347ccdf1,47.7052195,-123.9606225
2017-12-11,600.2830499376792,0b21e6c4-230b-4a54-be50-a258347ccdf1,47.7052195,-123.9606225
2017-12-12,-760.5351447000917,0b21e6c4-230b-4a54-be50-a258347ccdf1,47.7052195,-123.9606225
2017-12-13,1485.8989737711165,0b21e6c4-230b-4a54-be50-a258347ccdf1,47.7052195,-123.9606225
2017-12-14,800.355022426012,0b21e6c4-230b-4a54-be50-a258347ccdf1,47.7052195,-123.9606225
2017-12-15,1183.817939900106,0b21e6c4-230b-4a54-be50-a258347ccdf1,47.7052195,-123.9606225
2017-12-16,1862.942684025218,0b21e6c4-230b-4a54-be50-a258347ccdf1,47.7052195,-123.9606225
2017-12-17,2395.0427595367396,0b21e6c4-230b-4a54-be50-a258347ccdf1,47.7052195,-123.9606225
2017-12-18,3520.5753705068364,0b21e6c4-230b-4a54-be50-a258347ccdf1,47.7052195,-123.9606225
2017-12-19,1130.8824613117167,0b21e6c4-230b-4a54-be50-a258347ccdf1,47.7052195,-123.9606225
2017-12-20,6510.3564780698125,0b21e6c4-230b-4a54-be50-a258347ccdf1,47.7052195,-123.9606225
2017-12-21,2117.743606539478,0b21e6c4-230b-4a54-be50-a258347ccdf1,47.7052195,-123.9606225
2017-12-22,991.8326100603175,0b21e6c4-230b-4a54-be50-a258347ccdf1,47.7052195,-123.9606225
2017-12-23,2614.9690766669382,0b21e6c4-230b-4a54-be50-a258347ccdf1,47.7052195,-123.9606225
2017-12-24,3062.946887196703,0b21e6c4-230b-4a54-be50-a258347ccdf1,47.7052195,-123.9606225
2017-12-25,845.8812103678226,0b21e6c4-230b-4a54-be50-a258347ccdf1,47.7052195,-123.9606225
2017-12-26,440.9569993722532,0b21e6c4-230b-4a54-be50-a258347ccdf1,47.7052195,-123.9606225
2017-12-27,-209.43331331823106,0b21e6c4-230b-4a54-be50-a258347ccdf1,47.7052195,-123.9606225
2017-12-28,2492.3295986971975,0b21e6c4-230b-4a54-be50-a258347ccdf1,47.7052195,-123.9606225
2017-12-29,4477.109828325005,0b21e6c4-230b-4a54-be50-a258347ccdf1,47.7052195,-123.9606225
2017-12-30,1076.666935050993,0b21e6c4-230b-4a54-be50-a258347ccdf1,47.7052195,-123.9606225
2017-12-31,1278.896390003365,0b21e6c4-230b-4a54-be50-a258347ccdf1,47.7052195,-123.9606225
2018-01-01,2003.1937279947588,0b21e6c4-230b-4a54-be50-a258347ccdf1,47.7052195,-123.9606225
2018-01-02,2141.111215735508,0b21e6c4-230b-4a54-be50-a258347ccdf1,47.7052195,-123.9606225
2018-01-03,939.1146410473355,0b21e6c4-230b-4a54-be50-a258347ccdf1,47.7052195,-123.9606225
2018-01-04,1438.2268893801681,0b21e6c4-230b-4a54-be50-a258347ccdf1,47.7052195,-123.9606225
2018-01-05,4785.274725474674,0b21e6c4-230b-4a54-be50-a258347ccdf1,47.7052195,-123.9606225
2018-01-06,1959.543041567726,0b21e6c4-230b-4a54-be50-a258347ccdf1,47.7052195,-123.9606225
2018-01-07,4695.449584686625,0b21e6c4-230b-4a54-be50-a258347ccdf1,47.7052195,-123.9606225
2018-01-08,695.8990238088732,0b21e6c4-230b-4a54-be50-a258347ccdf1,47.7052195,-123.9606225
2018-01-09,1190.0576935323918,0b21e6c4-230b-4a54-be50-a258347ccdf1,47.7052195,-123.9606225
2018-01-10,1192.196493717987,0b21e6c4-230b-4a54-be50-a258347ccdf1,47.7052195,-123.9606225
2018-01-11,3793.518386600799,0b21e6c4-230b-4a54-be50-a258347ccdf1,47.7052195,-123.9606225
2018-01-12,3412.4098729040998,0b21e6c4-230b-4a54-be50-a258347ccdf1,47.7052195,-123.9606225
2018-01-13,1637.3703066859537,0b21e6c4-230b-4a54-be50-a258347ccdf1,47.7052195,-123.9606225
2018-01-14,1007.6353339337857,0b21e6c4-230b-4a54-be50-a258347ccdf1,47.7052195,-123.9606225
2018-01-15,1004.0834584277222,0b21e6c4-230b-4a54-be50-a258347ccdf1,47.7052195,-123.9606225
2018-01-16,1654.8678775803542,0b21e6c4-230b-4a54-be50-a258347ccdf1,47.7052195,-123.9606225
2018-01-17,2991.2618020870264,0b21e6c4-230b-4a54-be50-a258347ccdf1,47.7052195,-123.9606225
2018-01-18,4804.869597059595,0b21e6c4-230b-4a54-be50-a258347ccdf1,47.7052195,-123.9606225
2018-01-19,5189.603373454514,0b21e6c4-230b-4a54-be50-a258347ccdf1,47.7052195,-123.9606225
2018-01-20,2473.58502324481,0b21e6c4-230b-4a54-be50-a258347ccdf1,47.7052195,-123.9606225
2018-01-21,5642.155148885069,0b21e6c4-230b-4a54-be50-a258347ccdf1,47.7052195,-123.9606225
2018-01-22,538.3270649672023,0b21e6c4-230b-4a54-be50-a258347ccdf1,47.7052195,-123.9606225
2018-01-23,5212.962580856462,0b21e6c4-230b-4a54-be50-a258347ccdf1,47.7052195,-123.9606225
2018-01-24,2685.21967939445,0b21e6c4-230b-4a54-be50-a258347ccdf1,47.7052195,-123.9606225
2018-01-25,1891.4634451449729,0b21e6c4-230b-4a54-be50-a258347ccdf1,47.7052195,-123.9606225
2018-01-26,2402.7217036491165,0b21e6c4-230b-4a54-be50-a258347ccdf1,47.7052195,-123.9606225
2018-01-27,3012.1815551734494,0b21e6c4-230b-4a54-be50-a258347ccdf1,47.7052195,-123.9606225
2018-01-28,4518.717627846463,0b21e6c4-230b-4a54-be50-a258347ccdf1,47.7052195,-123.9606225
2018-01-29,2715.05177543055,0b21e6c4-230b-4a54-be50-a258347ccdf1,47.7052195,-123.9606225
2018-01-30,-10.440022926389881,0b21e6c4-230b-4a54-be50-a258347ccdf1,47.7052195,-123.9606225
2018-01-31,1264.5308641975294,0b21e6c4-230b-4a54-be50-a258347ccdf1,47.7052195,-123.9606225
2018-02-01,5649.221430715904,0b21e6c4-230b-4a54-be50-a258347ccdf1,47.7052195,-123.9606225
2018-02-02,1060.8153015457115,0b21e6c4-230b-4a54-be50-a258347ccdf1,47.7052195,-123.9606225
2018-02-03,1382.5933295122677,0b21e6c4-230b-4a54-be50-a258347ccdf1,47.7052195,-123.9606225
2018-02-04,1790.4430570339441,0b21e6c4-230b-4a54-be50-a258347ccdf1,47.7052195,-123.9606225
2018-02-05,1077.0457799976336,0b21e6c4-230b-4a54-be50-a258347ccdf1,47.7052195,-123.9606225
2018-02-06,2404.743301764056,0b21e6c4-230b-4a54-be50-a258347ccdf1,47.7052195,-123.9606225
2018-02-07,1878.0155662909278,0b21e6c4-230b-4a54-be50-a258347ccdf1,47.7052195,-123.9606225
2018-02-08,3211.9259759636802,0b21e6c4-230b-4a54-be50-a258347ccdf1,47.7052195,-123.9606225
2018-02-09,794.2034535149246,0b21e6c4-230b-4a54-be50-a258347ccdf1,47.7052195,-123.9606225
2018-02-10,1551.0276071945195,0b21e6c4-230b-4a54-be50-a258347ccdf1,47.7052195,-123.9606225
2018-02-11,715.758272150805,0b21e6c4-230b-4a54-be50-a258347ccdf1,47.7052195,-123.9606225
2018-02-12,374.63185403531753,0b21e6c4-230b-4a54-be50-a258347ccdf1,47.7052195,-123.9606225
2018-02-13,-230.8781307714002,0b21e6c4-230b-4a54-be50-a258347ccdf1,47.7052195,-123.9606225
2018-02-14,489.5490097073244,0b21e6c4-230b-4a54-be50-a258347ccdf1,47.7052195,-123.9606225
2018-02-15,3635.037423692421,0b21e6c4-230b-4a54-be50-a258347ccdf1,47.7052195,-123.9606225
2018-02-16,2239.290578345478,0b21e6c4-230b-4a54-be50-a258347ccdf1,47.7052195,-123.9606225
2018-02-17,3301.57372380978,0b21e6c4-230b-4a54-be50-a258347ccdf1,47.7052195,-123.9606225
2018-02-18,1522.7949680213246,0b21e6c4-230b-4a54-be50-a258347ccdf1,47.7052195,-123.9606225
2018-02-19,3807.5123001901416,0b21e6c4-230b-4a54-be50-a258347ccdf1,47.7052195,-123.9606225
2018-02-20,1998.843495546639,0b21e6c4-230b-4a54-be50-a258347ccdf1,47.7052195,-123.9606225
2018-02-21,2965.9025628428735,0b21e6c4-230b-4a54-be50-a258347ccdf1,47.7052195,-123.9606225
2018-02-22,5892.594503125084,0b21e6c4-230b-4a54-be50-a258347ccdf1,47.7052195,-123.9606225
2018-02-23,1245.8327283313772,0b21e6c4-230b-4a54-be50-a258347ccdf1,47.7052195,-123.9606225
2018-02-24,886.4195756798306,0b21e6c4-230b-4a54-be50-a258347ccdf1,47.7052195,-123.9606225
2018-02-25,4551.341243847627,0b21e6c4-230b-4a54-be50-a258347ccdf1,47.7052195,-123.9606225
2018-02-26,5381.043573787489,0b21e6c4-230b-4a54-be50-a258347ccdf1,47.7052195,-123.9606225
2018-02-27,1816.8798002128879,0b21e6c4-230b-4a54-be50-a258347ccdf1,47.7052195,-123.9606225
2018-02-28,4135.270649672023,0b21e6c4-230b-4a54-be50-a258347ccdf1,47.7052195,-123.9606225
2018-03-01,1361.542673107889,0b21e6c4-230b-4a54-be50-a258347ccdf1,47.7052195,-123.9606225
2018-03-02,4652.706701420158,0b21e6c4-230b-4a54-be50-a258347ccdf1,47.7052195,-123.9606225
2018-03-03,1080.3642748619404,0b21e6c4-230b-4a54-be50-a258347ccdf1,47.7052195,-123.9606225
2018-03-04,2848.9562260614803,0b21e6c4-230b-4a54-be50-a258347ccdf1,47.7052195,-123.9606225
2018-03-05,-27.530832355322637,0b21e6c4-230b-4a54-be50-a258347ccdf1,47.7052195,-123.9606225
2018-03-06,1565.3029331222638,0b21e6c4-230b-4a54-be50-a258347ccdf1,47.7052195,-123.9606225
2018-03-07,2578.0403349800263,0b21e6c4-230b-4a54-be50-a258347ccdf1,47.7052195,-123.9606225
2018-03-08,3185.766860449248,0b21e6c4-230b-4a54-be50-a258347ccdf1,47.7052195,-123.9606225
2018-03-09,981.0489369251335,0b21e6c4-230b-4a54-be50-a258347ccdf1,47.7052195,-123.9606225
2018-03-10,419.0538861140675,0b21e6c4-230b-4a54-be50-a258347ccdf1,47.7052195,-123.9606225
2018-03-11,1413.9300426685588,0b21e6c4-230b-4a54-be50-a258347ccdf1,47.7052195,-123.9606225
2018-03-12,187.48157700810583,0b21e6c4-230b-4a54-be50-a258347ccdf1,47.7052195,-123.9606225
2018-03-13,3706.6914853935205,0b21e6c4-230b-4a54-be50-a258347ccdf1,47.7052195,-123.9606225
2018-03-14,5037.5316693505065,0b21e6c4-230b-4a54-be50-a258347ccdf1,47.7052195,-123.9606225
2018-03-15,1802.9374755497322,0b21e6c4-230b-4a54-be50-a258347ccdf1,47.7052195,-123.9606225
2018-03-16,174.5462576307577,0b21e6c4-230b-4a54-be50-a258347ccdf1,47.7052195,-123.9606225
2018-03-17,1331.8985143335424,0b21e6c4-230b-4a54-be50-a258347ccdf1,47.7052195,-123.9606225
2018-03-18,386.17310789049895,0b21e6c4-230b-4a54-be50-a258347ccdf1,47.7052195,-123.9606225
2018-03-19,-147.35803378913164,0b21e6c4-230b-4a54-be50-a258347ccdf1,47.7052195,-123.9606225
2018-03-20,1309.0948260960538,0b21e6c4-230b-4a54-be50-a258347ccdf1,47.7052195,-123.9606225
2018-03-21,-649.622492426103,0b21e6c4-230b-4a54-be50-a258347ccdf1,47.7052195,-123.9606225
2018-03-22,2051.0286670851624,0b21e6c4-230b-4a54-be50-a258347ccdf1,47.7052195,-123.9606225
2018-03-23,4688.718787812621,0b21e6c4-230b-4a54-be50-a258347ccdf1,47.7052195,-123.9606225
2018-03-24,2328.7437111638756,0b21e6c4-230b-4a54-be50-a258347ccdf1,47.7052195,-123.9606225
2018-03-25,684.8999563306853,0b21e6c4-230b-4a54-be50-a258347ccdf1,47.7052195,-123.9606225
2018-03-26,1878.1065531264487,0b21e6c4-230b-4a54-be50-a258347ccdf1,47.7052195,-123.9606225
2018-03-27,2300.1456599070207,0b21e6c4-230b-4a54-be50-a258347ccdf1,47.7052195,-123.9606225
2018-03-28,680.6821738220654,0b21e6c4-230b-4a54-be50-a258347ccdf1,47.7052195,-123.9606225
2018-03-29,2821.3733044024116,0b21e6c4-230b-4a54-be50-a258347ccdf1,47.7052195,-123.9606225
2018-03-30,1582.0550142380143,0b21e6c4-230b-4a54-be50-a258347ccdf1,47.7052195,-123.9606225
2018-03-31,3760.997466270003,0b21e6c4-230b-4a54-be50-a258347ccdf1,47.7052195,-123.9606225
2018-04-01,2280.1961434536956,0b21e6c4-230b-4a54-be50-a258347ccdf1,47.7052195,-123.9606225
2018-04-02,757.9704322352311,0b21e6c4-230b-4a54-be50-a258347ccdf1,47.7052195,-123.9606225
2018-04-03,1620.7457536140887,0b21e6c4-230b-4a54-be50-a258347ccdf1,47.7052195,-123.9606225
2018-04-04,6190.70266655749,0b21e6c4-230b-4a54-be50-a258347ccdf1,47.7052195,-123.9606225
2018-04-05,6046.436506636826,0b21e6c4-230b-4a54-be50-a258347ccdf1,47.7052195,-123.9606225
2018-04-06,1210.0308778441906,0b21e6c4-230b-4a54-be50-a258347ccdf1,47.7052195,-123.9606225
2018-04-07,5450.228012955227,0b21e6c4-230b-4a54-be50-a258347ccdf1,47.7052195,-123.9606225
2018-04-08,2382.397882038264,0b21e6c4-230b-4a54-be50-a258347ccdf1,47.7052195,-123.9606225
2018-04-09,2024.8809647279304,0b21e6c4-230b-4a54-be50-a258347ccdf1,47.7052195,-123.9606225
2018-04-10,1995.300363001172,0b21e6c4-230b-4a54-be50-a258347ccdf1,47.7052195,-123.9606225
2018-04-11,5616.538979411733,0b21e6c4-230b-4a54-be50-a258347ccdf1,47.7052195,-123.9606225
2018-04-12,2966.8006996188014,0b21e6c4-230b-4a54-be50-a258347ccdf1,47.7052195,-123.9606225
2018-04-13,6528.211364029218,0b21e6c4-230b-4a54-be50-a258347ccdf1,47.7052195,-123.9606225
2018-04-14,4744.810147656866,0b21e6c4-230b-4a54-be50-a258347ccdf1,47.7052195,-123.9606225
2018-04-15,3270.2974107735804,0b21e6c4-230b-4a54-be50-a258347ccdf1,47.7052195,-123.9606225
2018-04-16,5795.7183966083485,0b21e6c4-230b-4a54-be50-a258347ccdf1,47.7052195,-123.9606225
2018-04-17,3405.5428004767227,0b21e6c4-230b-4a54-be50-a258347ccdf1,47.7052195,-123.9606225
2018-04-18,895.7094944367109,0b21e6c4-230b-4a54-be50-a258347ccdf1,47.7052195,-123.9606225
2018-04-19,1594.406502178916,0b21e6c4-230b-4a54-be50-a258347ccdf1,47.7052195,-123.9606225
2018-04-20,4929.583613089872,0b21e6c4-230b-4a54-be50-a258347ccdf1,47.7052195,-123.9606225
2018-04-21,3032.352652455943,0b21e6c4-230b-4a54-be50-a258347ccdf1,47.7052195,-123.9606225
2018-04-22,-1006.0558011954471,0b21e6c4-230b-4a54-be50-a258347ccdf1,47.7052195,-123.9606225
2018-04-23,-124.17762493517823,0b21e6c4-230b-4a54-be50-a258347ccdf1,47.7052195,-123.9606225
2018-04-24,2958.503097791969,0b21e6c4-230b-4a54-be50-a258347ccdf1,47.7052195,-123.9606225
2018-04-25,-437.8405706123712,0b21e6c4-230b-4a54-be50-a258347ccdf1,47.7052195,-123.9606225
2018-04-26,1222.0551507046225,0b21e6c4-230b-4a54-be50-a258347ccdf1,47.7052195,-123.9606225
2018-04-27,1254.125558375865,0b21e6c4-230b-4a54-be50-a258347ccdf1,47.7052195,-123.9606225
2018-04-28,5047.262825586573,0b21e6c4-230b-4a54-be50-a258347ccdf1,47.7052195,-123.9606225
2018-04-29,1715.5404759955231,0b21e6c4-230b-4a54-be50-a258347ccdf1,47.7052195,-123.9606225
2018-04-30,1198.1985725592951,0b21e6c4-230b-4a54-be50-a258347ccdf1,47.7052195,-123.9606225
2018-05-01,-29.947860658496865,0b21e6c4-230b-4a54-be50-a258347ccdf1,47.7052195,-123.9606225
2018-05-02,-759.3492498885518,0b21e6c4-230b-4a54-be50-a258347ccdf1,47.7052195,-123.9606225
2018-05-03,-285.8959305657903,0b21e6c4-230b-4a54-be50-a258347ccdf1,47.7052195,-123.9606225
2018-05-04,665.6343786675395,0b21e6c4-230b-4a54-be50-a258347ccdf1,47.7052195,-123.9606225
2018-05-05,-479.48883703157804,0b21e6c4-230b-4a54-be50-a258347ccdf1,47.7052195,-123.9606225
2018-05-06,-1276.166639373344,0b21e6c4-230b-4a54-be50-a258347ccdf1,47.7052195,-123.9606225
2018-05-07,-525.9858575106666,0b21e6c4-230b-4a54-be50-a258347ccdf1,47.7052195,-123.9606225
2018-05-08,2817.32933031287,0b21e6c4-230b-4a54-be50-a258347ccdf1,47.7052195,-123.9606225
2018-05-09,2969.7067969467857,0b21e6c4-230b-4a54-be50-a258347ccdf1,47.7052195,-123.9606225
2018-05-10,5036.838277973376,0b21e6c4-230b-4a54-be50-a258347ccdf1,47.7052195,-123.9606225
2018-05-11,-751.3618048163611,0b21e6c4-230b-4a54-be50-a258347ccdf1,47.7052195,-123.9606225
2018-05-12,737.3681550624553,0b21e6c4-230b-4a54-be50-a258347ccdf1,47.7052195,-123.9606225
2018-05-13,-1807.501874141397,0b21e6c4-230b-4a54-be50-a258347ccdf1,47.7052195,-123.9606225
2018-05-14,293.8653620459073,0b21e6c4-230b-4a54-be50-a258347ccdf1,47.7052195,-123.9606225
2018-05-15,-1028.8612271077259,0b21e6c4-230b-4a54-be50-a258347ccdf1,47.7052195,-123.9606225
2018-05-16,-414.4178516517007,0b21e6c4-230b-4a54-be50-a258347ccdf1,47.7052195,-123.9606225
2018-05-17,440.18714575543356,0b21e6c4-230b-4a54-be50-a258347ccdf1,47.7052195,-123.9606225
2018-05-18,73.81405515070459,0b21e6c4-230b-4a54-be50-a258347ccdf1,47.7052195,-123.9606225
2018-05-19,-246.71590381833556,0b21e6c4-230b-4a54-be50-a258347ccdf1,47.7052195,-123.9606225
2018-05-20,1251.9140806244698,0b21e6c4-230b-4a54-be50-a258347ccdf1,47.7052195,-123.9606225
2018-05-21,426.92254610296845,0b21e6c4-230b-4a54-be50-a258347ccdf1,47.7052195,-123.9606225
2018-05-22,-2137.145773629191,0b21e6c4-230b-4a54-be50-a258347ccdf1,47.7052195,-123.9606225
2018-05-23,-599.8769253163748,0b21e6c4-230b-4a54-be50-a258347ccdf1,47.7052195,-123.9606225
2018-05-24,-1523.7243511012841,0b21e6c4-230b-4a54-be50-a258347ccdf1,47.7052195,-123.9606225
2018-05-25,-751.1033916500626,0b21e6c4-230b-4a54-be50-a258347ccdf1,47.7052195,-123.9606225
2018-05-26,767.1448183629459,0b21e6c4-230b-4a54-be50-a258347ccdf1,47.7052195,-123.9606225
2018-05-27,-1453.7885586396997,0b21e6c4-230b-4a54-be50-a258347ccdf1,47.7052195,-123.9606225
2018-05-28,1177.3656031369117,0b21e6c4-230b-4a54-be50-a258347ccdf1,47.7052195,-123.9606225
2018-05-29,-1923.6333551679902,0b21e6c4-230b-4a54-be50-a258347ccdf1,47.7052195,-123.9606225
2018-05-30,754.5824303792853,0b21e6c4-230b-4a54-be50-a258347ccdf1,47.7052195,-123.9606225
2018-05-31,-1776.7929983533006,0b21e6c4-230b-4a54-be50-a258347ccdf1,47.7052195,-123.9606225
2018-06-01,393.3774302428191,0b21e6c4-230b-4a54-be50-a258347ccdf1,47.7052195,-123.9606225
2018-06-02,-275.63692604419685,0b21e6c4-230b-4a54-be50-a258347ccdf1,47.7052195,-123.9606225
2018-06-03,5469.5314646505985,0b21e6c4-230b-4a54-be50-a258347ccdf1,47.7052195,-123.9606225
2018-06-04,204.14616483346515,0b21e6c4-230b-4a54-be50-a258347ccdf1,47.7052195,-123.9606225
2018-06-05,1805.0670096527367,0b21e6c4-230b-4a54-be50-a258347ccdf1,47.7052195,-123.9606225
2018-06-06,1980.2618521247834,0b21e6c4-230b-4a54-be50-a258347ccdf1,47.7052195,-123.9606225
2018-06-07,1564.416896385455,0b21e6c4-230b-4a54-be50-a258347ccdf1,47.7052195,-123.9606225
2018-06-08,5258.7499112967025,0b21e6c4-230b-4a54-be50-a258347ccdf1,47.7052195,-123.9606225
2018-06-09,4213.465269248613,0b21e6c4-230b-4a54-be50-a258347ccdf1,47.7052195,-123.9606225
2018-06-10,6717.206151004846,0b21e6c4-230b-4a54-be50-a258347ccdf1,47.7052195,-123.9606225
2018-06-11,-583.1170064685166,0b21e6c4-230b-4a54-be50-a258347ccdf1,47.7052195,-123.9606225
2018-06-12,3983.73374000382,0b21e6c4-230b-4a54-be50-a258347ccdf1,47.7052195,-123.9606225
2018-06-13,2813.067391759236,0b21e6c4-230b-4a54-be50-a258347ccdf1,47.7052195,-123.9606225
2018-06-14,1079.134046598797,0b21e6c4-230b-4a54-be50-a258347ccdf1,47.7052195,-123.9606225
2018-06-15,170.62578127132275,0b21e6c4-230b-4a54-be50-a258347ccdf1,47.7052195,-123.9606225
2018-06-16,-1976.9847020933978,0b21e6c4-230b-4a54-be50-a258347ccdf1,47.7052195,-123.9606225
2018-06-17,-384.39823230255524,0b21e6c4-230b-4a54-be50-a258347ccdf1,47.7052195,-123.9606225
2018-06-18,-1283.4203398928282,0b21e6c4-230b-4a54-be50-a258347ccdf1,47.7052195,-123.9606225
2018-06-19,619.8912452122966,0b21e6c4-230b-4a54-be50-a258347ccdf1,47.7052195,-123.9606225
2018-06-20,2147.929724246475,0b21e6c4-230b-4a54-be50-a258347ccdf1,47.7052195,-123.9606225
2018-06-21,-619.8515516253168,0b21e6c4-230b-4a54-be50-a258347ccdf1,47.7052195,-123.9606225
2018-06-22,10.68407070789777,0b21e6c4-230b-4a54-be50-a258347ccdf1,47.7052195,-123.9606225
2018-06-23,-691.9848385600045,0b21e6c4-230b-4a54-be50-a258347ccdf1,47.7052195,-123.9606225
2018-06-24,431.40581529699665,0b21e6c4-230b-4a54-be50-a258347ccdf1,47.7052195,-123.9606225
2018-06-25,-159.75550642757707,0b21e6c4-230b-4a54-be50-a258347ccdf1,47.7052195,-123.9606225
2018-06-26,726.6216417842547,0b21e6c4-230b-4a54-be50-a258347ccdf1,47.7052195,-123.9606225
2018-06-27,4252.635920740192,0b21e6c4-230b-4a54-be50-a258347ccdf1,47.7052195,-123.9606225
2018-06-28,1704.2738338928461,0b21e6c4-230b-4a54-be50-a258347ccdf1,47.7052195,-123.9606225
2018-06-29,1135.0836858720659,0b21e6c4-230b-4a54-be50-a258347ccdf1,47.7052195,-123.9606225
2018-06-30,4026.096377266482,0b21e6c4-230b-4a54-be50-a258347ccdf1,47.7052195,-123.9606225
2018-07-01,477.6847484920438,0b21e6c4-230b-4a54-be50-a258347ccdf1,47.7052195,-123.9606225
2018-07-02,756.5492553472163,0b21e6c4-230b-4a54-be50-a258347ccdf1,47.7052195,-123.9606225
2018-07-03,-728.090531946832,0b21e6c4-230b-4a54-be50-a258347ccdf1,47.7052195,-123.9606225
2018-07-04,1132.976095599406,0b21e6c4-230b-4a54-be50-a258347ccdf1,47.7052195,-123.9606225
2018-07-05,-866.8032515443467,0b21e6c4-230b-4a54-be50-a258347ccdf1,47.7052195,-123.9606225
2018-07-06,1101.942365603137,0b21e6c4-230b-4a54-be50-a258347ccdf1,47.7052195,-123.9606225
2018-07-07,2027.61136129989,0b21e6c4-230b-4a54-be50-a258347ccdf1,47.7052195,-123.9606225
2018-07-08,3454.9769143990447,0b21e6c4-230b-4a54-be50-a258347ccdf1,47.7052195,-123.9606225
2018-07-09,5006.116542482051,0b21e6c4-230b-4a54-be50-a258347ccdf1,47.7052195,-123.9606225
2018-07-10,671.6852488696013,0b21e6c4-230b-4a54-be50-a258347ccdf1,47.7052195,-123.9606225
2018-07-11,-1569.5130871475735,0b21e6c4-230b-4a54-be50-a258347ccdf1,47.7052195,-123.9606225
2018-07-12,-334.8152196657477,0b21e6c4-230b-4a54-be50-a258347ccdf1,47.7052195,-123.9606225
2018-07-13,-1124.8025828579732,0b21e6c4-230b-4a54-be50-a258347ccdf1,47.7052195,-123.9606225
2018-07-14,-818.7039675391432,0b21e6c4-230b-4a54-be50-a258347ccdf1,47.7052195,-123.9606225
2018-07-15,1218.730155480953,0b21e6c4-230b-4a54-be50-a258347ccdf1,47.7052195,-123.9606225
2018-07-16,-1663.359111875323,0b21e6c4-230b-4a54-be50-a258347ccdf1,47.7052195,-123.9606225
2018-07-17,1015.2953000900674,0b21e6c4-230b-4a54-be50-a258347ccdf1,47.7052195,-123.9606225
2018-07-18,-1763.938071453914,0b21e6c4-230b-4a54-be50-a258347ccdf1,47.7052195,-123.9606225
2018-07-19,485.4480153206507,0b21e6c4-230b-4a54-be50-a258347ccdf1,47.7052195,-123.9606225
2018-07-20,-947.068196912215,0b21e6c4-230b-4a54-be50-a258347ccdf1,47.7052195,-123.9606225
2018-07-21,-678.9409690948621,0b21e6c4-230b-4a54-be50-a258347ccdf1,47.7052195,-123.9606225
2018-07-22,-863.527229636907,0b21e6c4-230b-4a54-be50-a258347ccdf1,47.7052195,-123.9606225
2018-07-23,-1086.4539197758302,0b21e6c4-230b-4a54-be50-a258347ccdf1,47.7052195,-123.9606225
2018-07-24,1056.9501896885827,0b21e6c4-230b-4a54-be50-a258347ccdf1,47.7052195,-123.9606225
2018-07-25,-1711.4351101285508,0b21e6c4-230b-4a54-be50-a258347ccdf1,47.7052195,-123.9606225
2018-07-26,334.0765896085227,0b21e6c4-230b-4a54-be50-a258347ccdf1,47.7052195,-123.9606225
2018-07-27,-1464.6539980166854,0b21e6c4-230b-4a54-be50-a258347ccdf1,47.7052195,-123.9606225
2018-07-28,1276.9079487249467,0b21e6c4-230b-4a54-be50-a258347ccdf1,47.7052195,-123.9606225
2018-07-29,-761.7557338719215,0b21e6c4-230b-4a54-be50-a258347ccdf1,47.7052195,-123.9606225
2018-07-30,-117.95132236141812,0b21e6c4-230b-4a54-be50-a258347ccdf1,47.7052195,-123.9606225
2018-07-31,1958.9824549432733,0b21e6c4-230b-4a54-be50-a258347ccdf1,47.7052195,-123.9606225
2018-08-02,1455.1012218310163,0b21e6c4-230b-4a54-be50-a258347ccdf1,47.7052195,-123.9606225
2018-08-03,-47.56720070598718,0b21e6c4-230b-4a54-be50-a258347ccdf1,47.7052195,-123.9606225
2018-08-04,-258.43957713547485,0b21e6c4-230b-4a54-be50-a258347ccdf1,47.7052195,-123.9606225
2018-08-05,-1415.3211286698138,0b21e6c4-230b-4a54-be50-a258347ccdf1,47.7052195,-123.9606225
2018-08-06,80.76329412192844,0b21e6c4-230b-4a54-be50-a258347ccdf1,47.7052195,-123.9606225
2018-08-07,-770.1730351083088,0b21e6c4-230b-4a54-be50-a258347ccdf1,47.7052195,-123.9606225
2018-08-08,-867.8217655139787,0b21e6c4-230b-4a54-be50-a258347ccdf1,47.7052195,-123.9606225
2018-08-09,1144.4507128105743,0b21e6c4-230b-4a54-be50-a258347ccdf1,47.7052195,-123.9606225
2018-08-10,-1013.7822629802482,0b21e6c4-230b-4a54-be50-a258347ccdf1,47.7052195,-123.9606225
2018-08-11,5498.017413139001,0b21e6c4-230b-4a54-be50-a258347ccdf1,47.7052195,-123.9606225
2018-08-12,-1285.018372954138,0b21e6c4-230b-4a54-be50-a258347ccdf1,47.7052195,-123.9606225
2018-08-13,1081.2417096536478,0b21e6c4-230b-4a54-be50-a258347ccdf1,47.7052195,-123.9606225
2018-08-14,2276.797829271175,0b21e6c4-230b-4a54-be50-a258347ccdf1,47.7052195,-123.9606225
2018-08-15,2953.161426348972,0b21e6c4-230b-4a54-be50-a258347ccdf1,47.7052195,-123.9606225
2018-08-16,2079.811612398444,0b21e6c4-230b-4a54-be50-a258347ccdf1,47.7052195,-123.9606225
2018-08-17,-323.15789186386087,0b21e6c4-230b-4a54-be50-a258347ccdf1,47.7052195,-123.9606225
2018-08-18,1750.2273988554973,0b21e6c4-230b-4a54-be50-a258347ccdf1,47.7052195,-123.9606225
2018-08-19,-739.4781562451665,0b21e6c4-230b-4a54-be50-a258347ccdf1,47.7052195,-123.9606225
2018-08-20,4643.063552498701,0b21e6c4-230b-4a54-be50-a258347ccdf1,47.7052195,-123.9606225
2018-08-21,2166.8767479097846,0b21e6c4-230b-4a54-be50-a258347ccdf1,47.7052195,-123.9606225
2018-08-22,2683.6400829716936,0b21e6c4-230b-4a54-be50-a258347ccdf1,47.7052195,-123.9606225
2018-08-23,500.32771090914025,0b21e6c4-230b-4a54-be50-a258347ccdf1,47.7052195,-123.9606225
2018-08-24,195.22555200742377,0b21e6c4-230b-4a54-be50-a258347ccdf1,47.7052195,-123.9606225
2018-08-25,2905.1207320068784,0b21e6c4-230b-4a54-be50-a258347ccdf1,47.7052195,-123.9606225
2018-08-26,2797.9747172866773,0b21e6c4-230b-4a54-be50-a258347ccdf1,47.7052195,-123.9606225
2018-08-27,686.1174204172233,0b21e6c4-230b-4a54-be50-a258347ccdf1,47.7052195,-123.9606225
2018-08-28,-1028.6782344860205,0b21e6c4-230b-4a54-be50-a258347ccdf1,47.7052195,-123.9606225
2018-08-29,-210.77332441751494,0b21e6c4-230b-4a54-be50-a258347ccdf1,47.7052195,-123.9606225
2018-08-30,2600.026538206098,0b21e6c4-230b-4a54-be50-a258347ccdf1,47.7052195,-123.9606225
2018-08-31,728.581516053021,0b21e6c4-230b-4a54-be50-a258347ccdf1,47.7052195,-123.9606225
2018-09-01,401.8167844828368,0b21e6c4-230b-4a54-be50-a258347ccdf1,47.7052195,-123.9606225
2018-09-02,-1435.9490934068422,0b21e6c4-230b-4a54-be50-a258347ccdf1,47.7052195,-123.9606225
2018-09-03,536.1593702520989,0b21e6c4-230b-4a54-be50-a258347ccdf1,47.7052195,-123.9606225
2018-09-04,-1535.301868682732,0b21e6c4-230b-4a54-be50-a258347ccdf1,47.7052195,-123.9606225
2018-09-05,189.9277682251153,0b21e6c4-230b-4a54-be50-a258347ccdf1,47.7052195,-123.9606225
2018-09-06,-1150.1086319677568,0b21e6c4-230b-4a54-be50-a258347ccdf1,47.7052195,-123.9606225
2018-09-07,2223.6111611488664,0b21e6c4-230b-4a54-be50-a258347ccdf1,47.7052195,-123.9606225
2018-09-08,2162.5848822293174,0b21e6c4-230b-4a54-be50-a258347ccdf1,47.7052195,-123.9606225
2018-09-09,1954.3096381815365,0b21e6c4-230b-4a54-be50-a258347ccdf1,47.7052195,-123.9606225
2018-09-10,1492.4462458036512,0b21e6c4-230b-4a54-be50-a258347ccdf1,47.7052195,-123.9606225
2018-09-11,4819.710458800728,0b21e6c4-230b-4a54-be50-a258347ccdf1,47.7052195,-123.9606225
2018-09-12,2313.014324444806,0b21e6c4-230b-4a54-be50-a258347ccdf1,47.7052195,-123.9606225
2018-09-13,1561.7577581265857,0b21e6c4-230b-4a54-be50-a258347ccdf1,47.7052195,-123.9606225
2018-09-14,2734.986971987953,0b21e6c4-230b-4a54-be50-a258347ccdf1,47.7052195,-123.9606225
2018-09-15,1484.900161030595,0b21e6c4-230b-4a54-be50-a258347ccdf1,47.7052195,-123.9606225
2018-09-16,3059.3473257093974,0b21e6c4-230b-4a54-be50-a258347ccdf1,47.7052195,-123.9606225
2018-09-17,261.9042231865861,0b21e6c4-230b-4a54-be50-a258347ccdf1,47.7052195,-123.9606225
2018-09-18,-1481.0006914308067,0b21e6c4-230b-4a54-be50-a258347ccdf1,47.7052195,-123.9606225
2018-09-19,801.5011554172689,0b21e6c4-230b-4a54-be50-a258347ccdf1,47.7052195,-123.9606225
2018-09-20,-9.815715494418509,0b21e6c4-230b-4a54-be50-a258347ccdf1,47.7052195,-123.9606225
2018-09-21,4276.208111575094,0b21e6c4-230b-4a54-be50-a258347ccdf1,47.7052195,-123.9606225
2018-09-22,5933.713888661443,0b21e6c4-230b-4a54-be50-a258347ccdf1,47.7052195,-123.9606225
2018-09-23,53.703462612698715,0b21e6c4-230b-4a54-be50-a258347ccdf1,47.7052195,-123.9606225
2018-09-24,-240.3974908339928,0b21e6c4-230b-4a54-be50-a258347ccdf1,47.7052195,-123.9606225
2018-09-25,-604.2102813941424,0b21e6c4-230b-4a54-be50-a258347ccdf1,47.7052195,-123.9606225
2018-09-26,1136.4042413821326,0b21e6c4-230b-4a54-be50-a258347ccdf1,47.7052195,-123.9606225
2018-09-27,-1172.6955702939483,0b21e6c4-230b-4a54-be50-a258347ccdf1,47.7052195,-123.9606225
2018-09-28,662.2408590117994,0b21e6c4-230b-4a54-be50-a258347ccdf1,47.7052195,-123.9606225
2018-09-29,293.5418543082508,0b21e6c4-230b-4a54-be50-a258347ccdf1,47.7052195,-123.9606225
2018-09-30,3307.237410955536,0b21e6c4-230b-4a54-be50-a258347ccdf1,47.7052195,-123.9606225
2018-10-01,1131.5849095226388,0b21e6c4-230b-4a54-be50-a258347ccdf1,47.7052195,-123.9606225
2018-10-02,437.45185003229693,0b21e6c4-230b-4a54-be50-a258347ccdf1,47.7052195,-123.9606225
2018-10-03,2972.627709999361,0b21e6c4-230b-4a54-be50-a258347ccdf1,47.7052195,-123.9606225
2018-10-04,-782.4661517326712,0b21e6c4-230b-4a54-be50-a258347ccdf1,47.7052195,-123.9606225
2018-10-05,2969.6638099657016,0b21e6c4-230b-4a54-be50-a258347ccdf1,47.7052195,-123.9606225
2018-10-06,-176.00835630521198,0b21e6c4-230b-4a54-be50-a258347ccdf1,47.7052195,-123.9606225
2018-10-07,2870.114340820801,0b21e6c4-230b-4a54-be50-a258347ccdf1,47.7052195,-123.9606225
2018-10-09,554.1737538324368,0b21e6c4-230b-4a54-be50-a258347ccdf1,47.7052195,-123.9606225
2018-10-10,-349.8041385772901,0b21e6c4-230b-4a54-be50-a258347ccdf1,47.7052195,-123.9606225
2018-10-11,679.0794963472432,0b21e6c4-230b-4a54-be50-a258347ccdf1,47.7052195,-123.9606225
2018-10-12,1842.954633951071,0b21e6c4-230b-4a54-be50-a258347ccdf1,47.7052195,-123.9606225
2018-10-13,-329.5567974016755,0b21e6c4-230b-4a54-be50-a258347ccdf1,47.7052195,-123.9606225
2018-10-14,1019.0556465332928,0b21e6c4-230b-4a54-be50-a258347ccdf1,47.7052195,-123.9606225
2018-10-15,-917.9696043378177,0b21e6c4-230b-4a54-be50-a258347ccdf1,47.7052195,-123.9606225
2018-10-16,72.00445336026262,0b21e6c4-230b-4a54-be50-a258347ccdf1,47.7052195,-123.9606225
2018-10-17,-488.8206874277861,0b21e6c4-230b-4a54-be50-a258347ccdf1,47.7052195,-123.9606225
2018-10-18,831.3430543046112,0b21e6c4-230b-4a54-be50-a258347ccdf1,47.7052195,-123.9606225
2018-10-19,1243.5394706915213,0b21e6c4-230b-4a54-be50-a258347ccdf1,47.7052195,-123.9606225
2018-10-20,-243.5980785501786,0b21e6c4-230b-4a54-be50-a258347ccdf1,47.7052195,-123.9606225
2018-10-21,1599.5711354931445,0b21e6c4-230b-4a54-be50-a258347ccdf1,47.7052195,-123.9606225
2018-10-22,-177.19869992812752,0b21e6c4-230b-4a54-be50-a258347ccdf1,47.7052195,-123.9606225
2018-10-23,2950.515293357713,0b21e6c4-230b-4a54-be50-a258347ccdf1,47.7052195,-123.9606225
2018-10-24,1938.4386582603233,0b21e6c4-230b-4a54-be50-a258347ccdf1,47.7052195,-123.9606225
2018-10-25,3270.781685271613,0b21e6c4-230b-4a54-be50-a258347ccdf1,47.7052195,-123.9606225
2018-10-26,3428.773883930603,0b21e6c4-230b-4a54-be50-a258347ccdf1,47.7052195,-123.9606225
2018-10-27,3217.3255228945472,0b21e6c4-230b-4a54-be50-a258347ccdf1,47.7052195,-123.9606225
2018-10-28,5615.15051811822,0b21e6c4-230b-4a54-be50-a258347ccdf1,47.7052195,-123.9606225
2018-10-30,2039.5159620440859,0b21e6c4-230b-4a54-be50-a258347ccdf1,47.7052195,-123.9606225
2018-10-31,1598.2156854717653,0b21e6c4-230b-4a54-be50-a258347ccdf1,47.7052195,-123.9606225
2018-11-01,3310.4934905428636,0b21e6c4-230b-4a54-be50-a258347ccdf1,47.7052195,-123.9606225
2018-11-02,2891.9814405414977,0b21e6c4-230b-4a54-be50-a258347ccdf1,47.7052195,-123.9606225
2018-11-03,5387.290642029894,0b21e6c4-230b-4a54-be50-a258347ccdf1,47.7052195,-123.9606225
2018-11-04,1509.570489551206,0b21e6c4-230b-4a54-be50-a258347ccdf1,47.7052195,-123.9606225
2018-11-05,2158.0369915481674,0b21e6c4-230b-4a54-be50-a258347ccdf1,47.7052195,-123.9606225
2018-11-06,1610.8969813586612,0b21e6c4-230b-4a54-be50-a258347ccdf1,47.7052195,-123.9606225
2018-11-07,-576.4214134301333,0b21e6c4-230b-4a54-be50-a258347ccdf1,47.7052195,-123.9606225
2018-11-08,1981.2888452195718,0b21e6c4-230b-4a54-be50-a258347ccdf1,47.7052195,-123.9606225
2018-11-09,3166.7092806390256,0b21e6c4-230b-4a54-be50-a258347ccdf1,47.7052195,-123.9606225
2018-11-10,1222.9514224369289,0b21e6c4-230b-4a54-be50-a258347ccdf1,47.7052195,-123.9606225
2018-11-11,1293.684357287772,0b21e6c4-230b-4a54-be50-a258347ccdf1,47.7052195,-123.9606225
2018-11-12,555.5885395343756,0b21e6c4-230b-4a54-be50-a258347ccdf1,47.7052195,-123.9606225
2018-11-13,257.77570803424385,0b21e6c4-230b-4a54-be50-a258347ccdf1,47.7052195,-123.9606225
2018-11-14,3308.581698008497,0b21e6c4-230b-4a54-be50-a258347ccdf1,47.7052195,-123.9606225
2018-11-15,407.56617265755057,0b21e6c4-230b-4a54-be50-a258347ccdf1,47.7052195,-123.9606225
2018-11-16,-128.69668477123642,0b21e6c4-230b-4a54-be50-a258347ccdf1,47.7052195,-123.9606225
2018-11-17,1192.7072791287958,0b21e6c4-230b-4a54-be50-a258347ccdf1,47.7052195,-123.9606225
2018-11-18,193.9987990938619,0b21e6c4-230b-4a54-be50-a258347ccdf1,47.7052195,-123.9606225
2018-11-19,650.8574105916284,0b21e6c4-230b-4a54-be50-a258347ccdf1,47.7052195,-123.9606225
2018-11-20,1746.9854435619582,0b21e6c4-230b-4a54-be50-a258347ccdf1,47.7052195,-123.9606225
2018-11-21,3916.4043369087562,0b21e6c4-230b-4a54-be50-a258347ccdf1,47.7052195,-123.9606225
2018-11-22,3940.5316602527346,0b21e6c4-230b-4a54-be50-a258347ccdf1,47.7052195,-123.9606225
2018-11-23,3442.1562724601235,0b21e6c4-230b-4a54-be50-a258347ccdf1,47.7052195,-123.9606225
2018-11-24,1299.6366758554166,0b21e6c4-230b-4a54-be50-a258347ccdf1,47.7052195,-123.9606225
2018-11-25,2539.3780579892095,0b21e6c4-230b-4a54-be50-a258347ccdf1,47.7052195,-123.9606225
2018-11-26,4843.698049437303,0b21e6c4-230b-4a54-be50-a258347ccdf1,47.7052195,-123.9606225
2018-11-27,944.4374937452798,0b21e6c4-230b-4a54-be50-a258347ccdf1,47.7052195,-123.9606225
2018-11-28,459.17391759236494,0b21e6c4-230b-4a54-be50-a258347ccdf1,47.7052195,-123.9606225
2018-11-29,1395.1105061091541,0b21e6c4-230b-4a54-be50-a258347ccdf1,47.7052195,-123.9606225
2018-11-30,1703.5158847130108,0b21e6c4-230b-4a54-be50-a258347ccdf1,47.7052195,-123.9606225
2018-12-01,1460.9573041476742,0b21e6c4-230b-4a54-be50-a258347ccdf1,47.7052195,-123.9606225
2018-12-02,-127.50237451895508,0b21e6c4-230b-4a54-be50-a258347ccdf1,47.7052195,-123.9606225
2018-12-03,1701.2503980276028,0b21e6c4-230b-4a54-be50-a258347ccdf1,47.7052195,-123.9606225
2018-12-04,-54.50631840388651,0b21e6c4-230b-4a54-be50-a258347ccdf1,47.7052195,-123.9606225
2018-12-05,1474.1613353712344,0b21e6c4-230b-4a54-be50-a258347ccdf1,47.7052195,-123.9606225
2018-12-06,1877.6633914681072,0b21e6c4-230b-4a54-be50-a258347ccdf1,47.7052195,-123.9606225
2018-12-07,1076.143904036682,0b21e6c4-230b-4a54-be50-a258347ccdf1,47.7052195,-123.9606225
2018-12-08,1035.8639245976506,0b21e6c4-230b-4a54-be50-a258347ccdf1,47.7052195,-123.9606225
2018-12-09,4066.3040521484377,0b21e6c4-230b-4a54-be50-a258347ccdf1,47.7052195,-123.9606225
2018-12-10,-128.31719388265682,0b21e6c4-230b-4a54-be50-a258347ccdf1,47.7052195,-123.9606225
2018-12-11,3755.293944521774,0b21e6c4-230b-4a54-be50-a258347ccdf1,47.7052195,-123.9606225
2018-12-12,4542.8485084199865,0b21e6c4-230b-4a54-be50-a258347ccdf1,47.7052195,-123.9606225
2018-12-13,4093.0152979065992,0b21e6c4-230b-4a54-be50-a258347ccdf1,47.7052195,-123.9606225
2018-12-14,2341.3965037255366,0b21e6c4-230b-4a54-be50-a258347ccdf1,47.7052195,-123.9606225
2018-12-15,1707.3913998744492,0b21e6c4-230b-4a54-be50-a258347ccdf1,47.7052195,-123.9606225
2018-12-16,4554.030955175268,0b21e6c4-230b-4a54-be50-a258347ccdf1,47.7052195,-123.9606225
2018-12-17,3650.093525114403,0b21e6c4-230b-4a54-be50-a258347ccdf1,47.7052195,-123.9606225
2018-12-18,4886.947028212191,0b21e6c4-230b-4a54-be50-a258347ccdf1,47.7052195,-123.9606225
2018-12-19,3473.2723737001556,0b21e6c4-230b-4a54-be50-a258347ccdf1,47.7052195,-123.9606225
2018-12-20,1881.0336299207572,0b21e6c4-230b-4a54-be50-a258347ccdf1,47.7052195,-123.9606225
2018-12-21,2476.171725028882,0b21e6c4-230b-4a54-be50-a258347ccdf1,47.7052195,-123.9606225
2018-12-22,1976.5049628355946,0b21e6c4-230b-4a54-be50-a258347ccdf1,47.7052195,-123.9606225
2018-12-23,4196.7736473884825,0b21e6c4-230b-4a54-be50-a258347ccdf1,47.7052195,-123.9606225
2018-12-24,2674.447100994385,0b21e6c4-230b-4a54-be50-a258347ccdf1,47.7052195,-123.9606225
2018-12-25,1183.7749483701332,0b21e6c4-230b-4a54-be50-a258347ccdf1,47.7052195,-123.9606225
2018-12-26,3711.661940373189,0b21e6c4-230b-4a54-be50-a258347ccdf1,47.7052195,-123.9606225
2018-12-27,2817.146028366855,0b21e6c4-230b-4a54-be50-a258347ccdf1,47.7052195,-123.9606225
2018-12-28,3716.4788249315397,0b21e6c4-230b-4a54-be50-a258347ccdf1,47.7052195,-123.9606225
2018-12-29,3409.8778078004298,0b21e6c4-230b-4a54-be50-a258347ccdf1,47.7052195,-123.9606225
2018-12-30,489.41911624225514,0b21e6c4-230b-4a54-be50-a258347ccdf1,47.7052195,-123.9606225
2018-12-31,3296.821742769546,0b21e6c4-230b-4a54-be50-a258347ccdf1,47.7052195,-123.9606225
2019-01-01,89.03667767497292,0b21e6c4-230b-4a54-be50-a258347ccdf1,47.7052195,-123.9606225
2019-01-02,1943.8181173066935,0b21e6c4-230b-4a54-be50-a258347ccdf1,47.7052195,-123.9606225
2019-01-03,4816.499972706678,0b21e6c4-230b-4a54-be50-a258347ccdf1,47.7052195,-123.9606225
2019-01-04,4435.692568028603,0b21e6c4-230b-4a54-be50-a258347ccdf1,47.7052195,-123.9606225
2019-01-05,1781.5712674108643,0b21e6c4-230b-4a54-be50-a258347ccdf1,47.7052195,-123.9606225
2019-01-06,4639.853835166534,0b21e6c4-230b-4a54-be50-a258347ccdf1,47.7052195,-123.9606225
2019-01-07,4943.769043914951,0b21e6c4-230b-4a54-be50-a258347ccdf1,47.7052195,-123.9606225
2019-01-08,2840.278842217308,0b21e6c4-230b-4a54-be50-a258347ccdf1,47.7052195,-123.9606225
2019-01-09,2286.7220994022755,0b21e6c4-230b-4a54-be50-a258347ccdf1,47.7052195,-123.9606225
2019-01-10,3177.23737456444,0b21e6c4-230b-4a54-be50-a258347ccdf1,47.7052195,-123.9606225
2019-01-11,1334.2952636989726,0b21e6c4-230b-4a54-be50-a258347ccdf1,47.7052195,-123.9606225
2019-01-12,1634.1464605111114,0b21e6c4-230b-4a54-be50-a258347ccdf1,47.7052195,-123.9606225
2019-01-13,1195.5980421590828,0b21e6c4-230b-4a54-be50-a258347ccdf1,47.7052195,-123.9606225
2019-01-14,850.8815788276605,0b21e6c4-230b-4a54-be50-a258347ccdf1,47.7052195,-123.9606225
2019-01-15,902.0174267856661,0b21e6c4-230b-4a54-be50-a258347ccdf1,47.7052195,-123.9606225
2019-01-16,2165.633891936642,0b21e6c4-230b-4a54-be50-a258347ccdf1,47.7052195,-123.9606225
2019-01-17,2766.197053231073,0b21e6c4-230b-4a54-be50-a258347ccdf1,47.7052195,-123.9606225
2019-01-18,3723.9819636634907,0b21e6c4-230b-4a54-be50-a258347ccdf1,47.7052195,-123.9606225
2019-01-19,2196.373659215589,0b21e6c4-230b-4a54-be50-a258347ccdf1,47.7052195,-123.9606225
2019-01-20,1079.962471683179,0b21e6c4-230b-4a54-be50-a258347ccdf1,47.7052195,-123.9606225
2019-01-21,725.6005394979837,0b21e6c4-230b-4a54-be50-a258347ccdf1,47.7052195,-123.9606225
2019-01-22,5308.17583722263,0b21e6c4-230b-4a54-be50-a258347ccdf1,47.7052195,-123.9606225
2019-01-23,516.1951290519208,0b21e6c4-230b-4a54-be50-a258347ccdf1,47.7052195,-123.9606225
2019-01-24,2023.8028330467505,0b21e6c4-230b-4a54-be50-a258347ccdf1,47.7052195,-123.9606225
2019-01-25,339.53105979966676,0b21e6c4-230b-4a54-be50-a258347ccdf1,47.7052195,-123.9606225
2019-01-26,1291.4161139769094,0b21e6c4-230b-4a54-be50-a258347ccdf1,47.7052195,-123.9606225
2019-01-27,2233.205941756051,0b21e6c4-230b-4a54-be50-a258347ccdf1,47.7052195,-123.9606225
2019-01-28,1640.6538842945124,0b21e6c4-230b-4a54-be50-a258347ccdf1,47.7052195,-123.9606225
2019-01-29,501.131594748765,0b21e6c4-230b-4a54-be50-a258347ccdf1,47.7052195,-123.9606225
2019-01-30,760.5825668458923,0b21e6c4-230b-4a54-be50-a258347ccdf1,47.7052195,-123.9606225
2019-01-31,2276.1312217400387,0b21e6c4-230b-4a54-be50-a258347ccdf1,47.7052195,-123.9606225
2019-02-01,3559.745066732169,0b21e6c4-230b-4a54-be50-a258347ccdf1,47.7052195,-123.9606225
2019-02-02,1236.585573660125,0b21e6c4-230b-4a54-be50-a258347ccdf1,47.7052195,-123.9606225
2019-02-03,2675.9783927872822,0b21e6c4-230b-4a54-be50-a258347ccdf1,47.7052195,-123.9606225
2019-02-04,4502.861509138714,0b21e6c4-230b-4a54-be50-a258347ccdf1,47.7052195,-123.9606225
2019-02-05,217.83573059672312,0b21e6c4-230b-4a54-be50-a258347ccdf1,47.7052195,-123.9606225
2019-02-06,625.0007733107707,0b21e6c4-230b-4a54-be50-a258347ccdf1,47.7052195,-123.9606225
2019-02-07,2414.9042095399236,0b21e6c4-230b-4a54-be50-a258347ccdf1,47.7052195,-123.9606225
2019-02-08,2036.2879672844042,0b21e6c4-230b-4a54-be50-a258347ccdf1,47.7052195,-123.9606225
2019-02-09,3203.2363237715726,0b21e6c4-230b-4a54-be50-a258347ccdf1,47.7052195,-123.9606225
2019-02-10,840.1190443698423,0b21e6c4-230b-4a54-be50-a258347ccdf1,47.7052195,-123.9606225
2019-02-11,3383.618866963252,0b21e6c4-230b-4a54-be50-a258347ccdf1,47.7052195,-123.9606225
2019-02-12,5512.899756179662,0b21e6c4-230b-4a54-be50-a258347ccdf1,47.7052195,-123.9606225
2019-02-13,4930.012523085598,0b21e6c4-230b-4a54-be50-a258347ccdf1,47.7052195,-123.9606225
2019-02-14,2320.8411665165504,0b21e6c4-230b-4a54-be50-a258347ccdf1,47.7052195,-123.9606225
2019-02-15,4462.09924306522,0b21e6c4-230b-4a54-be50-a258347ccdf1,47.7052195,-123.9606225
2019-02-16,1447.584468280612,0b21e6c4-230b-4a54-be50-a258347ccdf1,47.7052195,-123.9606225
2019-02-17,269.8170255738422,0b21e6c4-230b-4a54-be50-a258347ccdf1,47.7052195,-123.9606225
2019-02-18,85.55335747981756,0b21e6c4-230b-4a54-be50-a258347ccdf1,47.7052195,-123.9606225
2019-02-19,2930.9336180936502,0b21e6c4-230b-4a54-be50-a258347ccdf1,47.7052195,-123.9606225
2019-02-20,3080.339569857254,0b21e6c4-230b-4a54-be50-a258347ccdf1,47.7052195,-123.9606225
2019-02-21,2057.4884913161754,0b21e6c4-230b-4a54-be50-a258347ccdf1,47.7052195,-123.9606225
2019-02-22,4486.185890262652,0b21e6c4-230b-4a54-be50-a258347ccdf1,47.7052195,-123.9606225
2019-02-23,1925.9475513341877,0b21e6c4-230b-4a54-be50-a258347ccdf1,47.7052195,-123.9606225
2019-02-24,2442.011354021669,0b21e6c4-230b-4a54-be50-a258347ccdf1,47.7052195,-123.9606225
2019-02-25,5329.635347580437,0b21e6c4-230b-4a54-be50-a258347ccdf1,47.7052195,-123.9606225
2019-02-26,3483.1407016203116,0b21e6c4-230b-4a54-be50-a258347ccdf1,47.7052195,-123.9606225
2019-02-27,1421.5977510303214,0b21e6c4-230b-4a54-be50-a258347ccdf1,47.7052195,-123.9606225
2019-02-28,3506.8198595303697,0b21e6c4-230b-4a54-be50-a258347ccdf1,47.7052195,-123.9606225
2019-03-01,1206.0422773547314,0b21e6c4-230b-4a54-be50-a258347ccdf1,47.7052195,-123.9606225
2019-03-02,159.29061018768712,0b21e6c4-230b-4a54-be50-a258347ccdf1,47.7052195,-123.9606225
2019-03-03,158.29095590309046,0b21e6c4-230b-4a54-be50-a258347ccdf1,47.7052195,-123.9606225
2019-03-04,-583.8164296696592,0b21e6c4-230b-4a54-be50-a258347ccdf1,47.7052195,-123.9606225
2019-03-05,1708.1164151132205,0b21e6c4-230b-4a54-be50-a258347ccdf1,47.7052195,-123.9606225
2019-03-06,3023.854931448273,0b21e6c4-230b-4a54-be50-a258347ccdf1,47.7052195,-123.9606225
2019-03-07,1572.6373036018065,0b21e6c4-230b-4a54-be50-a258347ccdf1,47.7052195,-123.9606225
2019-03-08,128.89813677593085,0b21e6c4-230b-4a54-be50-a258347ccdf1,47.7052195,-123.9606225
2019-03-09,2780.8382779733784,0b21e6c4-230b-4a54-be50-a258347ccdf1,47.7052195,-123.9606225
2019-03-10,527.815601772246,0b21e6c4-230b-4a54-be50-a258347ccdf1,47.7052195,-123.9606225
2019-03-11,5097.091428077546,0b21e6c4-230b-4a54-be50-a258347ccdf1,47.7052195,-123.9606225
2019-03-12,3128.8062856518995,0b21e6c4-230b-4a54-be50-a258347ccdf1,47.7052195,-123.9606225
2019-03-13,1884.6532792925568,0b21e6c4-230b-4a54-be50-a258347ccdf1,47.7052195,-123.9606225
2019-03-14,2528.7927663600694,0b21e6c4-230b-4a54-be50-a258347ccdf1,47.7052195,-123.9606225
2019-03-15,382.5401530245545,0b21e6c4-230b-4a54-be50-a258347ccdf1,47.7052195,-123.9606225
2019-03-16,988.9435483137273,0b21e6c4-230b-4a54-be50-a258347ccdf1,47.7052195,-123.9606225
2019-03-17,-585.5301591200626,0b21e6c4-230b-4a54-be50-a258347ccdf1,47.7052195,-123.9606225
2019-03-18,-96.66606621359742,0b21e6c4-230b-4a54-be50-a258347ccdf1,47.7052195,-123.9606225
2019-03-19,-220.39500259286547,0b21e6c4-230b-4a54-be50-a258347ccdf1,47.7052195,-123.9606225
2019-03-20,-481.96978174440704,0b21e6c4-230b-4a54-be50-a258347ccdf1,47.7052195,-123.9606225
2019-03-21,399.93037473730175,0b21e6c4-230b-4a54-be50-a258347ccdf1,47.7052195,-123.9606225
2019-03-22,2493.398032151531,0b21e6c4-230b-4a54-be50-a258347ccdf1,47.7052195,-123.9606225
2019-03-23,771.5970459528551,0b21e6c4-230b-4a54-be50-a258347ccdf1,47.7052195,-123.9606225
2019-03-24,456.1729532283449,0b21e6c4-230b-4a54-be50-a258347ccdf1,47.7052195,-123.9606225
2019-03-25,4298.103778305445,0b21e6c4-230b-4a54-be50-a258347ccdf1,47.7052195,-123.9606225
2019-03-26,653.7383116351423,0b21e6c4-230b-4a54-be50-a258347ccdf1,47.7052195,-123.9606225
2019-03-27,-17.31834475103944,0b21e6c4-230b-4a54-be50-a258347ccdf1,47.7052195,-123.9606225
2019-03-28,931.9915936570322,0b21e6c4-230b-4a54-be50-a258347ccdf1,47.7052195,-123.9606225
2019-03-29,-935.0407443798503,0b21e6c4-230b-4a54-be50-a258347ccdf1,47.7052195,-123.9606225
2019-03-30,-102.26831154416513,0b21e6c4-230b-4a54-be50-a258347ccdf1,47.7052195,-123.9606225
2019-03-31,-130.62249242610324,0b21e6c4-230b-4a54-be50-a258347ccdf1,47.7052195,-123.9606225
2019-04-01,1915.9044870220246,0b21e6c4-230b-4a54-be50-a258347ccdf1,47.7052195,-123.9606225
2019-04-02,2026.4265218301068,0b21e6c4-230b-4a54-be50-a258347ccdf1,47.7052195,-123.9606225
2019-04-03,3759.522985525442,0b21e6c4-230b-4a54-be50-a258347ccdf1,47.7052195,-123.9606225
2019-04-04,284.973288936197,0b21e6c4-230b-4a54-be50-a258347ccdf1,47.7052195,-123.9606225
2019-04-05,5763.481790805787,0b21e6c4-230b-4a54-be50-a258347ccdf1,47.7052195,-123.9606225
2019-04-06,3227.2678020688327,0b21e6c4-230b-4a54-be50-a258347ccdf1,47.7052195,-123.9606225
2019-04-07,69.80074510767191,0b21e6c4-230b-4a54-be50-a258347ccdf1,47.7052195,-123.9606225
2019-04-08,6187.367395398344,0b21e6c4-230b-4a54-be50-a258347ccdf1,47.7052195,-123.9606225
2019-04-09,2370.951226834792,0b21e6c4-230b-4a54-be50-a258347ccdf1,47.7052195,-123.9606225
2019-04-10,5904.300422136702,0b21e6c4-230b-4a54-be50-a258347ccdf1,47.7052195,-123.9606225
2019-04-11,1759.765796009715,0b21e6c4-230b-4a54-be50-a258347ccdf1,47.7052195,-123.9606225
2019-04-12,1249.8668313363703,0b21e6c4-230b-4a54-be50-a258347ccdf1,47.7052195,-123.9606225
2019-04-13,2603.467639218682,0b21e6c4-230b-4a54-be50-a258347ccdf1,47.7052195,-123.9606225
2019-04-14,3370.630857829088,0b21e6c4-230b-4a54-be50-a258347ccdf1,47.7052195,-123.9606225
2019-04-15,2135.9588052803474,0b21e6c4-230b-4a54-be50-a258347ccdf1,47.7052195,-123.9606225
2019-04-16,5346.61394506764,0b21e6c4-230b-4a54-be50-a258347ccdf1,47.7052195,-123.9606225
2019-04-17,716.0057134019302,0b21e6c4-230b-4a54-be50-a258347ccdf1,47.7052195,-123.9606225
2019-04-18,2091.1111338555447,0b21e6c4-230b-4a54-be50-a258347ccdf1,47.7052195,-123.9606225
2019-04-19,3379.987977291954,0b21e6c4-230b-4a54-be50-a258347ccdf1,47.7052195,-123.9606225
2019-04-20,-68.21711382224764,0b21e6c4-230b-4a54-be50-a258347ccdf1,47.7052195,-123.9606225
2019-04-21,1257.523149285369,0b21e6c4-230b-4a54-be50-a258347ccdf1,47.7052195,-123.9606225
2019-04-22,2677.645887351365,0b21e6c4-230b-4a54-be50-a258347ccdf1,47.7052195,-123.9606225
2019-04-23,1477.731815824667,0b21e6c4-230b-4a54-be50-a258347ccdf1,47.7052195,-123.9606225
2019-04-24,-495.08712483055365,0b21e6c4-230b-4a54-be50-a258347ccdf1,47.7052195,-123.9606225
2019-04-25,1921.418292893728,0b21e6c4-230b-4a54-be50-a258347ccdf1,47.7052195,-123.9606225
2019-04-26,1375.4496210777206,0b21e6c4-230b-4a54-be50-a258347ccdf1,47.7052195,-123.9606225
2019-04-27,937.1817189333768,0b21e6c4-230b-4a54-be50-a258347ccdf1,47.7052195,-123.9606225
2019-04-28,-680.9845929201122,0b21e6c4-230b-4a54-be50-a258347ccdf1,47.7052195,-123.9606225
2019-04-29,807.9916709881084,0b21e6c4-230b-4a54-be50-a258347ccdf1,47.7052195,-123.9606225
2019-04-30,-1428.5139878271773,0b21e6c4-230b-4a54-be50-a258347ccdf1,47.7052195,-123.9606225
2019-05-01,667.368910177679,0b21e6c4-230b-4a54-be50-a258347ccdf1,47.7052195,-123.9606225
2019-05-02,285.88411710654384,0b21e6c4-230b-4a54-be50-a258347ccdf1,47.7052195,-123.9606225
2019-05-03,-157.69081670715158,0b21e6c4-230b-4a54-be50-a258347ccdf1,47.7052195,-123.9606225
2019-05-04,-1280.0265700483092,0b21e6c4-230b-4a54-be50-a258347ccdf1,47.7052195,-123.9606225
2019-05-05,-1163.9356468972035,0b21e6c4-230b-4a54-be50-a258347ccdf1,47.7052195,-123.9606225
2019-05-06,241.06230610369627,0b21e6c4-230b-4a54-be50-a258347ccdf1,47.7052195,-123.9606225
2019-05-07,-153.77006286561672,0b21e6c4-230b-4a54-be50-a258347ccdf1,47.7052195,-123.9606225
2019-05-08,359.1860949625627,0b21e6c4-230b-4a54-be50-a258347ccdf1,47.7052195,-123.9606225
2019-05-09,-1900.9332177916062,0b21e6c4-230b-4a54-be50-a258347ccdf1,47.7052195,-123.9606225
2019-05-10,-362.3847584995951,0b21e6c4-230b-4a54-be50-a258347ccdf1,47.7052195,-123.9606225
2019-05-11,61.4473375365048,0b21e6c4-230b-4a54-be50-a258347ccdf1,47.7052195,-123.9606225
2019-05-12,3359.181214006932,0b21e6c4-230b-4a54-be50-a258347ccdf1,47.7052195,-123.9606225
2019-05-13,4659.386528016594,0b21e6c4-230b-4a54-be50-a258347ccdf1,47.7052195,-123.9606225
2019-05-14,3445.8800049127963,0b21e6c4-230b-4a54-be50-a258347ccdf1,47.7052195,-123.9606225
2019-05-15,2027.5253600443957,0b21e6c4-230b-4a54-be50-a258347ccdf1,47.7052195,-123.9606225
2019-05-16,5176.169186750003,0b21e6c4-230b-4a54-be50-a258347ccdf1,47.7052195,-123.9606225
2019-05-17,310.6543846720707,0b21e6c4-230b-4a54-be50-a258347ccdf1,47.7052195,-123.9606225
2019-05-18,-798.9211859857893,0b21e6c4-230b-4a54-be50-a258347ccdf1,47.7052195,-123.9606225
2019-05-19,3063.677488468566,0b21e6c4-230b-4a54-be50-a258347ccdf1,47.7052195,-123.9606225
2019-05-20,5899.307627573528,0b21e6c4-230b-4a54-be50-a258347ccdf1,47.7052195,-123.9606225
2019-05-21,-283.9020124275588,0b21e6c4-230b-4a54-be50-a258347ccdf1,47.7052195,-123.9606225
2019-05-22,-1100.4059972524715,0b21e6c4-230b-4a54-be50-a258347ccdf1,47.7052195,-123.9606225
2019-05-23,-1491.0492462494428,0b21e6c4-230b-4a54-be50-a258347ccdf1,47.7052195,-123.9606225
2019-05-24,1506.187914517317,0b21e6c4-230b-4a54-be50-a258347ccdf1,47.7052195,-123.9606225
2019-05-25,1813.5154953654633,0b21e6c4-230b-4a54-be50-a258347ccdf1,47.7052195,-123.9606225
2019-05-26,1748.0773310770844,0b21e6c4-230b-4a54-be50-a258347ccdf1,47.7052195,-123.9606225
2019-05-27,-1636.0132600052762,0b21e6c4-230b-4a54-be50-a258347ccdf1,47.7052195,-123.9606225
2019-05-28,1406.2966283650373,0b21e6c4-230b-4a54-be50-a258347ccdf1,47.7052195,-123.9606225
2019-05-29,-575.1165970686974,0b21e6c4-230b-4a54-be50-a258347ccdf1,47.7052195,-123.9606225
2019-05-30,-808.4850660043484,0b21e6c4-230b-4a54-be50-a258347ccdf1,47.7052195,-123.9606225
2019-05-31,716.7482418552177,0b21e6c4-230b-4a54-be50-a258347ccdf1,47.7052195,-123.9606225
2019-06-01,-1033.176501360117,0b21e6c4-230b-4a54-be50-a258347ccdf1,47.7052195,-123.9606225
2019-06-02,391.8446600616829,0b21e6c4-230b-4a54-be50-a258347ccdf1,47.7052195,-123.9606225
2019-06-03,-1452.4564944458089,0b21e6c4-230b-4a54-be50-a258347ccdf1,47.7052195,-123.9606225
2019-06-04,-351.97559067296226,0b21e6c4-230b-4a54-be50-a258347ccdf1,47.7052195,-123.9606225
2019-06-05,3910.8111529608673,0b21e6c4-230b-4a54-be50-a258347ccdf1,47.7052195,-123.9606225
2019-06-06,5072.72632531819,0b21e6c4-230b-4a54-be50-a258347ccdf1,47.7052195,-123.9606225
2019-06-07,3653.796137085255,0b21e6c4-230b-4a54-be50-a258347ccdf1,47.7052195,-123.9606225
2019-06-08,645.9941592292363,0b21e6c4-230b-4a54-be50-a258347ccdf1,47.7052195,-123.9606225
2019-06-09,2080.6947514943095,0b21e6c4-230b-4a54-be50-a258347ccdf1,47.7052195,-123.9606225
2019-06-10,-1648.8101976946236,0b21e6c4-230b-4a54-be50-a258347ccdf1,47.7052195,-123.9606225
2019-06-11,-145.57094443989556,0b21e6c4-230b-4a54-be50-a258347ccdf1,47.7052195,-123.9606225
2019-06-12,-813.3213970541399,0b21e6c4-230b-4a54-be50-a258347ccdf1,47.7052195,-123.9606225
2019-06-13,258.07264572359134,0b21e6c4-230b-4a54-be50-a258347ccdf1,47.7052195,-123.9606225
2019-06-14,-263.1457781780795,0b21e6c4-230b-4a54-be50-a258347ccdf1,47.7052195,-123.9606225
2019-06-15,-754.7390440059313,0b21e6c4-230b-4a54-be50-a258347ccdf1,47.7052195,-123.9606225
2019-06-16,1821.3436547576807,0b21e6c4-230b-4a54-be50-a258347ccdf1,47.7052195,-123.9606225
2019-06-17,-532.4781607940537,0b21e6c4-230b-4a54-be50-a258347ccdf1,47.7052195,-123.9606225
2019-06-18,-581.1409563579788,0b21e6c4-230b-4a54-be50-a258347ccdf1,47.7052195,-123.9606225
2019-06-19,917.611211186622,0b21e6c4-230b-4a54-be50-a258347ccdf1,47.7052195,-123.9606225
2019-06-20,437.12935669641615,0b21e6c4-230b-4a54-be50-a258347ccdf1,47.7052195,-123.9606225
2019-06-21,-981.9160821347014,0b21e6c4-230b-4a54-be50-a258347ccdf1,47.7052195,-123.9606225
2019-06-22,-1164.0978283614,0b21e6c4-230b-4a54-be50-a258347ccdf1,47.7052195,-123.9606225
2019-06-23,26.14517216027447,0b21e6c4-230b-4a54-be50-a258347ccdf1,47.7052195,-123.9606225
2019-06-24,-911.0415085928466,0b21e6c4-230b-4a54-be50-a258347ccdf1,47.7052195,-123.9606225
2019-06-25,1332.676847075519,0b21e6c4-230b-4a54-be50-a258347ccdf1,47.7052195,-123.9606225
2019-06-26,198.23586433399754,0b21e6c4-230b-4a54-be50-a258347ccdf1,47.7052195,-123.9606225
2019-06-27,4039.2174822820843,0b21e6c4-230b-4a54-be50-a258347ccdf1,47.7052195,-123.9606225
2019-06-28,204.92903736455688,0b21e6c4-230b-4a54-be50-a258347ccdf1,47.7052195,-123.9606225
2019-06-29,-689.2999899924479,0b21e6c4-230b-4a54-be50-a258347ccdf1,47.7052195,-123.9606225
2019-06-30,-467.7070789777738,0b21e6c4-230b-4a54-be50-a258347ccdf1,47.7052195,-123.9606225
2019-07-01,-96.32961689274627,0b21e6c4-230b-4a54-be50-a258347ccdf1,47.7052195,-123.9606225
2019-07-02,2427.562310652582,0b21e6c4-230b-4a54-be50-a258347ccdf1,47.7052195,-123.9606225
2019-07-03,1652.45063093061,0b21e6c4-230b-4a54-be50-a258347ccdf1,47.7052195,-123.9606225
2019-07-04,512.4191389866899,0b21e6c4-230b-4a54-be50-a258347ccdf1,47.7052195,-123.9606225
2019-07-05,3705.009388902531,0b21e6c4-230b-4a54-be50-a258347ccdf1,47.7052195,-123.9606225
2019-07-06,37.96339510721724,0b21e6c4-230b-4a54-be50-a258347ccdf1,47.7052195,-123.9606225
2019-07-07,397.3191862951133,0b21e6c4-230b-4a54-be50-a258347ccdf1,47.7052195,-123.9606225
2019-07-08,853.9344823821608,0b21e6c4-230b-4a54-be50-a258347ccdf1,47.7052195,-123.9606225
2019-07-09,4627.935637799431,0b21e6c4-230b-4a54-be50-a258347ccdf1,47.7052195,-123.9606225
2019-07-10,4091.5844182428523,0b21e6c4-230b-4a54-be50-a258347ccdf1,47.7052195,-123.9606225
2019-07-11,688.1700419407368,0b21e6c4-230b-4a54-be50-a258347ccdf1,47.7052195,-123.9606225
2019-07-13,2377.318790541954,0b21e6c4-230b-4a54-be50-a258347ccdf1,47.7052195,-123.9606225
2019-07-14,-690.8434591555447,0b21e6c4-230b-4a54-be50-a258347ccdf1,47.7052195,-123.9606225
2019-07-15,1317.915122319568,0b21e6c4-230b-4a54-be50-a258347ccdf1,47.7052195,-123.9606225
2019-07-16,887.0253509466223,0b21e6c4-230b-4a54-be50-a258347ccdf1,47.7052195,-123.9606225
2019-07-17,2848.7978474667216,0b21e6c4-230b-4a54-be50-a258347ccdf1,47.7052195,-123.9606225
2019-07-18,1836.5785183365629,0b21e6c4-230b-4a54-be50-a258347ccdf1,47.7052195,-123.9606225
2019-07-19,55.0350764667886,0b21e6c4-230b-4a54-be50-a258347ccdf1,47.7052195,-123.9606225
2019-07-20,-451.54603928418726,0b21e6c4-230b-4a54-be50-a258347ccdf1,47.7052195,-123.9606225
2019-07-21,-1774.1387774411592,0b21e6c4-230b-4a54-be50-a258347ccdf1,47.7052195,-123.9606225
2019-07-22,1075.709535376693,0b21e6c4-230b-4a54-be50-a258347ccdf1,47.7052195,-123.9606225
2019-07-23,896.6226652838043,0b21e6c4-230b-4a54-be50-a258347ccdf1,47.7052195,-123.9606225
2019-07-24,325.73320778405497,0b21e6c4-230b-4a54-be50-a258347ccdf1,47.7052195,-123.9606225
2019-07-25,-723.4370616010262,0b21e6c4-230b-4a54-be50-a258347ccdf1,47.7052195,-123.9606225
2019-07-26,-1182.692363328693,0b21e6c4-230b-4a54-be50-a258347ccdf1,47.7052195,-123.9606225
2019-07-27,243.71262407088966,0b21e6c4-230b-4a54-be50-a258347ccdf1,47.7052195,-123.9606225
2019-07-28,413.44921167790227,0b21e6c4-230b-4a54-be50-a258347ccdf1,47.7052195,-123.9606225
2019-07-29,833.8171074538058,0b21e6c4-230b-4a54-be50-a258347ccdf1,47.7052195,-123.9606225
2019-07-30,-1006.4613390103435,0b21e6c4-230b-4a54-be50-a258347ccdf1,47.7052195,-123.9606225
2019-07-31,-133.22472865889713,0b21e6c4-230b-4a54-be50-a258347ccdf1,47.7052195,-123.9606225
2019-08-01,955.3673317139292,0b21e6c4-230b-4a54-be50-a258347ccdf1,47.7052195,-123.9606225
2019-08-02,521.7195929656008,0b21e6c4-230b-4a54-be50-a258347ccdf1,47.7052195,-123.9606225
2019-08-03,762.195956949334,0b21e6c4-230b-4a54-be50-a258347ccdf1,47.7052195,-123.9606225
2019-08-04,-1309.1328456926585,0b21e6c4-230b-4a54-be50-a258347ccdf1,47.7052195,-123.9606225
2019-08-05,1257.0590900406667,0b21e6c4-230b-4a54-be50-a258347ccdf1,47.7052195,-123.9606225
2019-08-06,-1315.797874760045,0b21e6c4-230b-4a54-be50-a258347ccdf1,47.7052195,-123.9606225
2019-08-07,1093.1475522439657,0b21e6c4-230b-4a54-be50-a258347ccdf1,47.7052195,-123.9606225
2019-08-08,1042.8760928700744,0b21e6c4-230b-4a54-be50-a258347ccdf1,47.7052195,-123.9606225
2019-08-09,868.7281676173828,0b21e6c4-230b-4a54-be50-a258347ccdf1,47.7052195,-123.9606225
2019-08-10,5804.1262270622365,0b21e6c4-230b-4a54-be50-a258347ccdf1,47.7052195,-123.9606225
2019-08-11,1414.6076767015095,0b21e6c4-230b-4a54-be50-a258347ccdf1,47.7052195,-123.9606225
2019-08-12,237.18676364893503,0b21e6c4-230b-4a54-be50-a258347ccdf1,47.7052195,-123.9606225
2019-08-13,274.59352511440443,0b21e6c4-230b-4a54-be50-a258347ccdf1,47.7052195,-123.9606225
2019-08-14,141.8184038865689,0b21e6c4-230b-4a54-be50-a258347ccdf1,47.7052195,-123.9606225
2019-08-15,-1051.1253309315202,0b21e6c4-230b-4a54-be50-a258347ccdf1,47.7052195,-123.9606225
2019-08-16,-229.8852907193609,0b21e6c4-230b-4a54-be50-a258347ccdf1,47.7052195,-123.9606225
2019-08-17,272.23293939972905,0b21e6c4-230b-4a54-be50-a258347ccdf1,47.7052195,-123.9606225
2019-08-18,-355.1925771263773,0b21e6c4-230b-4a54-be50-a258347ccdf1,47.7052195,-123.9606225
2019-08-19,-758.4916073036926,0b21e6c4-230b-4a54-be50-a258347ccdf1,47.7052195,-123.9606225
2019-08-20,-491.8030695888715,0b21e6c4-230b-4a54-be50-a258347ccdf1,47.7052195,-123.9606225
2019-08-21,2202.461034234923,0b21e6c4-230b-4a54-be50-a258347ccdf1,47.7052195,-123.9606225
2019-08-22,-997.9064703367081,0b21e6c4-230b-4a54-be50-a258347ccdf1,47.7052195,-123.9606225
2019-08-23,3334.7816898204987,0b21e6c4-230b-4a54-be50-a258347ccdf1,47.7052195,-123.9606225
2019-08-24,320.4949097955728,0b21e6c4-230b-4a54-be50-a258347ccdf1,47.7052195,-123.9606225
2019-08-25,-21.2832364420426,0b21e6c4-230b-4a54-be50-a258347ccdf1,47.7052195,-123.9606225
2019-08-26,-572.8919411919899,0b21e6c4-230b-4a54-be50-a258347ccdf1,47.7052195,-123.9606225
2019-08-27,-1260.9920940345892,0b21e6c4-230b-4a54-be50-a258347ccdf1,47.7052195,-123.9606225
2019-08-28,802.6783391104186,0b21e6c4-230b-4a54-be50-a258347ccdf1,47.7052195,-123.9606225
2019-08-29,-748.0865198285982,0b21e6c4-230b-4a54-be50-a258347ccdf1,47.7052195,-123.9606225
2019-08-30,880.8693514197073,0b21e6c4-230b-4a54-be50-a258347ccdf1,47.7052195,-123.9606225
2019-08-31,903.3110528853581,0b21e6c4-230b-4a54-be50-a258347ccdf1,47.7052195,-123.9606225
2019-09-01,1620.4820637390023,0b21e6c4-230b-4a54-be50-a258347ccdf1,47.7052195,-123.9606225
2019-09-02,-68.08030150022284,0b21e6c4-230b-4a54-be50-a258347ccdf1,47.7052195,-123.9606225
2019-09-03,1526.4576680586244,0b21e6c4-230b-4a54-be50-a258347ccdf1,47.7052195,-123.9606225
2019-09-04,2159.5874205082005,0b21e6c4-230b-4a54-be50-a258347ccdf1,47.7052195,-123.9606225
2019-09-05,2877.111447728736,0b21e6c4-230b-4a54-be50-a258347ccdf1,47.7052195,-123.9606225
2019-09-06,2050.413730360179,0b21e6c4-230b-4a54-be50-a258347ccdf1,47.7052195,-123.9606225
2019-09-07,3368.2277081798075,0b21e6c4-230b-4a54-be50-a258347ccdf1,47.7052195,-123.9606225
2019-09-08,2196.1683179126053,0b21e6c4-230b-4a54-be50-a258347ccdf1,47.7052195,-123.9606225
2019-09-09,3415.95040803515,0b21e6c4-230b-4a54-be50-a258347ccdf1,47.7052195,-123.9606225
2019-09-10,4971.0795691294325,0b21e6c4-230b-4a54-be50-a258347ccdf1,47.7052195,-123.9606225
2019-09-11,3412.437002465493,0b21e6c4-230b-4a54-be50-a258347ccdf1,47.7052195,-123.9606225
2019-09-12,4300.782545011232,0b21e6c4-230b-4a54-be50-a258347ccdf1,47.7052195,-123.9606225
2019-09-13,4222.219733981095,0b21e6c4-230b-4a54-be50-a258347ccdf1,47.7052195,-123.9606225
2019-09-14,4363.74639500714,0b21e6c4-230b-4a54-be50-a258347ccdf1,47.7052195,-123.9606225
2019-09-15,4494.7587907239085,0b21e6c4-230b-4a54-be50-a258347ccdf1,47.7052195,-123.9606225
2019-09-16,1634.3873240717987,0b21e6c4-230b-4a54-be50-a258347ccdf1,47.7052195,-123.9606225
2019-09-17,2249.777477551243,0b21e6c4-230b-4a54-be50-a258347ccdf1,47.7052195,-123.9606225
2019-09-18,88.19370979921207,0b21e6c4-230b-4a54-be50-a258347ccdf1,47.7052195,-123.9606225
2019-09-19,-47.92788194728749,0b21e6c4-230b-4a54-be50-a258347ccdf1,47.7052195,-123.9606225
2019-09-20,386.46420480908307,0b21e6c4-230b-4a54-be50-a258347ccdf1,47.7052195,-123.9606225
2019-09-21,476.0751203180581,0b21e6c4-230b-4a54-be50-a258347ccdf1,47.7052195,-123.9606225
2019-09-22,3310.611302164359,0b21e6c4-230b-4a54-be50-a258347ccdf1,47.7052195,-123.9606225
2019-09-23,4493.090500104621,0b21e6c4-230b-4a54-be50-a258347ccdf1,47.7052195,-123.9606225
2019-09-24,603.9998680822798,0b21e6c4-230b-4a54-be50-a258347ccdf1,47.7052195,-123.9606225
2019-09-25,-148.43940882666004,0b21e6c4-230b-4a54-be50-a258347ccdf1,47.7052195,-123.9606225
2019-09-26,330.8856728258594,0b21e6c4-230b-4a54-be50-a258347ccdf1,47.7052195,-123.9606225
2019-09-27,-180.17014656513538,0b21e6c4-230b-4a54-be50-a258347ccdf1,47.7052195,-123.9606225
2019-09-28,1386.7370970823426,0b21e6c4-230b-4a54-be50-a258347ccdf1,47.7052195,-123.9606225
2019-09-29,3194.2608604674438,0b21e6c4-230b-4a54-be50-a258347ccdf1,47.7052195,-123.9606225
2019-09-30,-1089.3312135520443,0b21e6c4-230b-4a54-be50-a258347ccdf1,47.7052195,-123.9606225
2019-10-01,835.2290501014397,0b21e6c4-230b-4a54-be50-a258347ccdf1,47.7052195,-123.9606225
2019-10-02,3449.723464068338,0b21e6c4-230b-4a54-be50-a258347ccdf1,47.7052195,-123.9606225
2019-10-03,2876.446941783344,0b21e6c4-230b-4a54-be50-a258347ccdf1,47.7052195,-123.9606225
2019-10-04,2239.354244566353,0b21e6c4-230b-4a54-be50-a258347ccdf1,47.7052195,-123.9606225
2019-10-05,2144.077071790532,0b21e6c4-230b-4a54-be50-a258347ccdf1,47.7052195,-123.9606225
2019-10-06,1565.7175232220673,0b21e6c4-230b-4a54-be50-a258347ccdf1,47.7052195,-123.9606225
2019-10-07,3810.9546157555255,0b21e6c4-230b-4a54-be50-a258347ccdf1,47.7052195,-123.9606225
2019-10-08,2544.3340384108005,0b21e6c4-230b-4a54-be50-a258347ccdf1,47.7052195,-123.9606225
2019-10-09,-115.92228226752913,0b21e6c4-230b-4a54-be50-a258347ccdf1,47.7052195,-123.9606225
2019-10-10,1073.3577563070319,0b21e6c4-230b-4a54-be50-a258347ccdf1,47.7052195,-123.9606225
2019-10-11,467.73684689356475,0b21e6c4-230b-4a54-be50-a258347ccdf1,47.7052195,-123.9606225
2019-10-12,1976.2244238834758,0b21e6c4-230b-4a54-be50-a258347ccdf1,47.7052195,-123.9606225
2019-10-13,1141.7584359107323,0b21e6c4-230b-4a54-be50-a258347ccdf1,47.7052195,-123.9606225
2019-10-14,128.63222249515516,0b21e6c4-230b-4a54-be50-a258347ccdf1,47.7052195,-123.9606225
2019-10-15,2435.963317776136,0b21e6c4-230b-4a54-be50-a258347ccdf1,47.7052195,-123.9606225
2019-10-16,3448.2681386864633,0b21e6c4-230b-4a54-be50-a258347ccdf1,47.7052195,-123.9606225
2019-10-17,2427.5941574096805,0b21e6c4-230b-4a54-be50-a258347ccdf1,47.7052195,-123.9606225
2019-10-18,3244.7010289582126,0b21e6c4-230b-4a54-be50-a258347ccdf1,47.7052195,-123.9606225
2019-10-19,4856.819973252538,0b21e6c4-230b-4a54-be50-a258347ccdf1,47.7052195,-123.9606225
2019-10-20,1834.204031223559,0b21e6c4-230b-4a54-be50-a258347ccdf1,47.7052195,-123.9606225
2019-10-21,5897.393023827067,0b21e6c4-230b-4a54-be50-a258347ccdf1,47.7052195,-123.9606225
2019-10-22,1192.224028130316,0b21e6c4-230b-4a54-be50-a258347ccdf1,47.7052195,-123.9606225
2019-10-23,1394.9721107744933,0b21e6c4-230b-4a54-be50-a258347ccdf1,47.7052195,-123.9606225
2019-10-24,530.7795200014555,0b21e6c4-230b-4a54-be50-a258347ccdf1,47.7052195,-123.9606225
2019-10-25,690.9961296609117,0b21e6c4-230b-4a54-be50-a258347ccdf1,47.7052195,-123.9606225
2019-10-26,1441.0596813959617,0b21e6c4-230b-4a54-be50-a258347ccdf1,47.7052195,-123.9606225
2019-10-27,260.9510994659605,0b21e6c4-230b-4a54-be50-a258347ccdf1,47.7052195,-123.9606225
2019-10-28,417.24079987626976,0b21e6c4-230b-4a54-be50-a258347ccdf1,47.7052195,-123.9606225
2019-10-29,-724.8644750129637,0b21e6c4-230b-4a54-be50-a258347ccdf1,47.7052195,-123.9606225
2019-10-30,129.624926080588,0b21e6c4-230b-4a54-be50-a258347ccdf1,47.7052195,-123.9606225
2019-10-31,867.9218182810664,0b21e6c4-230b-4a54-be50-a258347ccdf1,47.7052195,-123.9606225
2019-11-01,-472.3066996006072,0b21e6c4-230b-4a54-be50-a258347ccdf1,47.7052195,-123.9606225
2019-11-02,1519.914471828742,0b21e6c4-230b-4a54-be50-a258347ccdf1,47.7052195,-123.9606225
2019-11-03,781.3667267119733,0b21e6c4-230b-4a54-be50-a258347ccdf1,47.7052195,-123.9606225
2019-11-04,1599.426935778815,0b21e6c4-230b-4a54-be50-a258347ccdf1,47.7052195,-123.9606225
2019-11-05,480.79522730787716,0b21e6c4-230b-4a54-be50-a258347ccdf1,47.7052195,-123.9606225
2019-11-06,993.5747109182379,0b21e6c4-230b-4a54-be50-a258347ccdf1,47.7052195,-123.9606225
2019-11-07,1868.9172284541967,0b21e6c4-230b-4a54-be50-a258347ccdf1,47.7052195,-123.9606225
2019-11-08,594.5937480098612,0b21e6c4-230b-4a54-be50-a258347ccdf1,47.7052195,-123.9606225
2019-11-09,2769.942570303045,0b21e6c4-230b-4a54-be50-a258347ccdf1,47.7052195,-123.9606225
2019-11-10,1168.30064503216,0b21e6c4-230b-4a54-be50-a258347ccdf1,47.7052195,-123.9606225
2019-11-11,651.5871111838931,0b21e6c4-230b-4a54-be50-a258347ccdf1,47.7052195,-123.9606225
2019-11-12,741.8692285997613,0b21e6c4-230b-4a54-be50-a258347ccdf1,47.7052195,-123.9606225
2019-11-13,1719.8751830926947,0b21e6c4-230b-4a54-be50-a258347ccdf1,47.7052195,-123.9606225
2019-11-14,957.3776667849381,0b21e6c4-230b-4a54-be50-a258347ccdf1,47.7052195,-123.9606225
2019-11-15,3288.3796228063,0b21e6c4-230b-4a54-be50-a258347ccdf1,47.7052195,-123.9606225
2019-11-16,2952.7054732207002,0b21e6c4-230b-4a54-be50-a258347ccdf1,47.7052195,-123.9606225
2019-11-17,1381.3693832619147,0b21e6c4-230b-4a54-be50-a258347ccdf1,47.7052195,-123.9606225
2019-11-18,2028.5817207529312,0b21e6c4-230b-4a54-be50-a258347ccdf1,47.7052195,-123.9606225
2019-11-19,517.5778314546427,0b21e6c4-230b-4a54-be50-a258347ccdf1,47.7052195,-123.9606225
2019-11-20,743.5386064030127,0b21e6c4-230b-4a54-be50-a258347ccdf1,47.7052195,-123.9606225
2019-11-21,304.01670351265005,0b21e6c4-230b-4a54-be50-a258347ccdf1,47.7052195,-123.9606225
2019-11-22,1128.9988627782782,0b21e6c4-230b-4a54-be50-a258347ccdf1,47.7052195,-123.9606225
2019-11-23,2115.077535776993,0b21e6c4-230b-4a54-be50-a258347ccdf1,47.7052195,-123.9606225
2019-11-24,2451.2185967593728,0b21e6c4-230b-4a54-be50-a258347ccdf1,47.7052195,-123.9606225
2019-11-25,986.3136775930924,0b21e6c4-230b-4a54-be50-a258347ccdf1,47.7052195,-123.9606225
2019-11-26,2219.4430934250386,0b21e6c4-230b-4a54-be50-a258347ccdf1,47.7052195,-123.9606225
2019-11-27,1748.5231629320297,0b21e6c4-230b-4a54-be50-a258347ccdf1,47.7052195,-123.9606225
2019-11-28,1134.8129133800949,0b21e6c4-230b-4a54-be50-a258347ccdf1,47.7052195,-123.9606225
2019-11-29,1274.6029458591488,0b21e6c4-230b-4a54-be50-a258347ccdf1,47.7052195,-123.9606225
2019-11-30,1159.8451285970307,0b21e6c4-230b-4a54-be50-a258347ccdf1,47.7052195,-123.9606225
2019-12-01,2402.496574688173,0b21e6c4-230b-4a54-be50-a258347ccdf1,47.7052195,-123.9606225
2019-12-02,121.3829252981795,0b21e6c4-230b-4a54-be50-a258347ccdf1,47.7052195,-123.9606225
2019-12-03,1123.2654821365206,0b21e6c4-230b-4a54-be50-a258347ccdf1,47.7052195,-123.9606225
2019-12-04,2998.870056497177,0b21e6c4-230b-4a54-be50-a258347ccdf1,47.7052195,-123.9606225
2019-12-05,1039.501660343713,0b21e6c4-230b-4a54-be50-a258347ccdf1,47.7052195,-123.9606225
2019-12-06,2421.2413821337896,0b21e6c4-230b-4a54-be50-a258347ccdf1,47.7052195,-123.9606225
2019-12-07,4310.044501760415,0b21e6c4-230b-4a54-be50-a258347ccdf1,47.7052195,-123.9606225
2019-12-08,311.1473884840378,0b21e6c4-230b-4a54-be50-a258347ccdf1,47.7052195,-123.9606225
2019-12-09,2310.1595795008952,0b21e6c4-230b-4a54-be50-a258347ccdf1,47.7052195,-123.9606225
2019-12-10,3620.5343168026734,0b21e6c4-230b-4a54-be50-a258347ccdf1,47.7052195,-123.9606225
2019-12-11,1280.3257184966833,0b21e6c4-230b-4a54-be50-a258347ccdf1,47.7052195,-123.9606225
2019-12-12,3622.5646032915733,0b21e6c4-230b-4a54-be50-a258347ccdf1,47.7052195,-123.9606225
2019-12-13,574.0776858902625,0b21e6c4-230b-4a54-be50-a258347ccdf1,47.7052195,-123.9606225
2019-12-14,1413.3904900970722,0b21e6c4-230b-4a54-be50-a258347ccdf1,47.7052195,-123.9606225
2019-12-15,670.9445081288605,0b21e6c4-230b-4a54-be50-a258347ccdf1,47.7052195,-123.9606225
2019-12-16,1928.775648898712,0b21e6c4-230b-4a54-be50-a258347ccdf1,47.7052195,-123.9606225
2019-12-17,3149.6907621205064,0b21e6c4-230b-4a54-be50-a258347ccdf1,47.7052195,-123.9606225
2019-12-18,2070.614668340655,0b21e6c4-230b-4a54-be50-a258347ccdf1,47.7052195,-123.9606225
2019-12-19,4205.116501542067,0b21e6c4-230b-4a54-be50-a258347ccdf1,47.7052195,-123.9606225
2019-12-20,2856.3442916018435,0b21e6c4-230b-4a54-be50-a258347ccdf1,47.7052195,-123.9606225
2019-12-21,1069.3890117088342,0b21e6c4-230b-4a54-be50-a258347ccdf1,47.7052195,-123.9606225
2019-12-22,2698.8284023399456,0b21e6c4-230b-4a54-be50-a258347ccdf1,47.7052195,-123.9606225
2019-12-23,750.4644140578796,0b21e6c4-230b-4a54-be50-a258347ccdf1,47.7052195,-123.9606225
2019-12-24,3908.492225952308,0b21e6c4-230b-4a54-be50-a258347ccdf1,47.7052195,-123.9606225
2019-12-25,287.7144026856626,0b21e6c4-230b-4a54-be50-a258347ccdf1,47.7052195,-123.9606225
2019-12-26,-261.4058562369788,0b21e6c4-230b-4a54-be50-a258347ccdf1,47.7052195,-123.9606225
2019-12-27,327.60251371489363,0b21e6c4-230b-4a54-be50-a258347ccdf1,47.7052195,-123.9606225
2019-12-28,2211.5910823621457,0b21e6c4-230b-4a54-be50-a258347ccdf1,47.7052195,-123.9606225
2019-12-29,724.2526724710456,0b21e6c4-230b-4a54-be50-a258347ccdf1,47.7052195,-123.9606225
2019-12-30,1242.3935969868166,0b21e6c4-230b-4a54-be50-a258347ccdf1,47.7052195,-123.9606225
2019-12-31,3714.582826132443,0b21e6c4-230b-4a54-be50-a258347ccdf1,47.7052195,-123.9606225
2020-01-01,2340.219383716804,0b21e6c4-230b-4a54-be50-a258347ccdf1,47.7052195,-123.9606225
2020-01-02,2369.72273624644,0b21e6c4-230b-4a54-be50-a258347ccdf1,47.7052195,-123.9606225
2020-01-03,3407.7643904036668,0b21e6c4-230b-4a54-be50-a258347ccdf1,47.7052195,-123.9606225
2020-01-04,2783.7075657086702,0b21e6c4-230b-4a54-be50-a258347ccdf1,47.7052195,-123.9606225
2020-01-05,2730.8341703285205,0b21e6c4-230b-4a54-be50-a258347ccdf1,47.7052195,-123.9606225
2020-01-06,2812.0716950062288,0b21e6c4-230b-4a54-be50-a258347ccdf1,47.7052195,-123.9606225
2020-01-07,4176.961302619247,0b21e6c4-230b-4a54-be50-a258347ccdf1,47.7052195,-123.9606225
2020-01-08,2495.80170947169,0b21e6c4-230b-4a54-be50-a258347ccdf1,47.7052195,-123.9606225
2020-01-09,3210.7214489114476,0b21e6c4-230b-4a54-be50-a258347ccdf1,47.7052195,-123.9606225
2020-01-10,6682.180317876212,0b21e6c4-230b-4a54-be50-a258347ccdf1,47.7052195,-123.9606225
2020-01-11,1111.5877480280562,0b21e6c4-230b-4a54-be50-a258347ccdf1,47.7052195,-123.9606225
2020-01-12,3145.4745853689583,0b21e6c4-230b-4a54-be50-a258347ccdf1,47.7052195,-123.9606225
2020-01-13,2086.526742906009,0b21e6c4-230b-4a54-be50-a258347ccdf1,47.7052195,-123.9606225
2020-01-14,273.0382379431752,0b21e6c4-230b-4a54-be50-a258347ccdf1,47.7052195,-123.9606225
2020-01-15,3591.267124284687,0b21e6c4-230b-4a54-be50-a258347ccdf1,47.7052195,-123.9606225
2020-01-16,1620.193641565908,0b21e6c4-230b-4a54-be50-a258347ccdf1,47.7052195,-123.9606225
2020-01-17,1659.4906474885584,0b21e6c4-230b-4a54-be50-a258347ccdf1,47.7052195,-123.9606225
2020-01-18,4067.6523968084966,0b21e6c4-230b-4a54-be50-a258347ccdf1,47.7052195,-123.9606225
2020-01-19,1942.6812458491393,0b21e6c4-230b-4a54-be50-a258347ccdf1,47.7052195,-123.9606225
2020-01-20,1137.485475404168,0b21e6c4-230b-4a54-be50-a258347ccdf1,47.7052195,-123.9606225
2020-01-21,5457.186427031305,0b21e6c4-230b-4a54-be50-a258347ccdf1,47.7052195,-123.9606225
2020-01-22,4883.06253354804,0b21e6c4-230b-4a54-be50-a258347ccdf1,47.7052195,-123.9606225
2020-01-23,4552.865207383753,0b21e6c4-230b-4a54-be50-a258347ccdf1,47.7052195,-123.9606225
2020-01-24,1605.1573914863027,0b21e6c4-230b-4a54-be50-a258347ccdf1,47.7052195,-123.9606225
2020-01-25,39.21556265181907,0b21e6c4-230b-4a54-be50-a258347ccdf1,47.7052195,-123.9606225
2020-01-26,1747.7510030295578,0b21e6c4-230b-4a54-be50-a258347ccdf1,47.7052195,-123.9606225
2020-01-27,1936.2427331531965,0b21e6c4-230b-4a54-be50-a258347ccdf1,47.7052195,-123.9606225
2020-01-28,-402.48290528307706,0b21e6c4-230b-4a54-be50-a258347ccdf1,47.7052195,-123.9606225
2020-01-29,3614.877484829459,0b21e6c4-230b-4a54-be50-a258347ccdf1,47.7052195,-123.9606225
2020-01-30,553.880223259368,0b21e6c4-230b-4a54-be50-a258347ccdf1,47.7052195,-123.9606225
2020-01-31,3195.500054586641,0b21e6c4-230b-4a54-be50-a258347ccdf1,47.7052195,-123.9606225
2020-02-01,2927.872235413992,0b21e6c4-230b-4a54-be50-a258347ccdf1,47.7052195,-123.9606225
2020-02-02,4965.746344969381,0b21e6c4-230b-4a54-be50-a258347ccdf1,47.7052195,-123.9606225
2020-02-03,4649.474239653554,0b21e6c4-230b-4a54-be50-a258347ccdf1,47.7052195,-123.9606225
2020-02-04,2890.87713456517,0b21e6c4-230b-4a54-be50-a258347ccdf1,47.7052195,-123.9606225
2020-02-05,2206.6279601881406,0b21e6c4-230b-4a54-be50-a258347ccdf1,47.7052195,-123.9606225
2020-02-06,4327.310074874673,0b21e6c4-230b-4a54-be50-a258347ccdf1,47.7052195,-123.9606225
2020-02-07,4082.6944740122053,0b21e6c4-230b-4a54-be50-a258347ccdf1,47.7052195,-123.9606225
2020-02-08,-29.847462176005475,0b21e6c4-230b-4a54-be50-a258347ccdf1,47.7052195,-123.9606225
2020-02-09,897.906925225397,0b21e6c4-230b-4a54-be50-a258347ccdf1,47.7052195,-123.9606225
2020-02-10,-319.6968030422953,0b21e6c4-230b-4a54-be50-a258347ccdf1,47.7052195,-123.9606225
2020-02-11,1426.5546821692717,0b21e6c4-230b-4a54-be50-a258347ccdf1,47.7052195,-123.9606225
2020-02-12,97.7388855812682,0b21e6c4-230b-4a54-be50-a258347ccdf1,47.7052195,-123.9606225
2020-02-13,2964.694810629837,0b21e6c4-230b-4a54-be50-a258347ccdf1,47.7052195,-123.9606225
2020-02-14,1691.4952282176541,0b21e6c4-230b-4a54-be50-a258347ccdf1,47.7052195,-123.9606225
2020-02-15,2479.099015620877,0b21e6c4-230b-4a54-be50-a258347ccdf1,47.7052195,-123.9606225
2020-02-16,5467.986276008259,0b21e6c4-230b-4a54-be50-a258347ccdf1,47.7052195,-123.9606225
2020-02-17,3201.851128578834,0b21e6c4-230b-4a54-be50-a258347ccdf1,47.7052195,-123.9606225
2020-02-18,1327.7102177097256,0b21e6c4-230b-4a54-be50-a258347ccdf1,47.7052195,-123.9606225
2020-02-19,611.5474175969138,0b21e6c4-230b-4a54-be50-a258347ccdf1,47.7052195,-123.9606225
2020-02-20,2240.8373272560198,0b21e6c4-230b-4a54-be50-a258347ccdf1,47.7052195,-123.9606225
2020-02-21,1506.1917947178306,0b21e6c4-230b-4a54-be50-a258347ccdf1,47.7052195,-123.9606225
2020-02-22,2581.2997943903124,0b21e6c4-230b-4a54-be50-a258347ccdf1,47.7052195,-123.9606225
2020-02-23,4325.5239635361195,0b21e6c4-230b-4a54-be50-a258347ccdf1,47.7052195,-123.9606225
2020-02-24,1225.2686572595676,0b21e6c4-230b-4a54-be50-a258347ccdf1,47.7052195,-123.9606225
2020-02-25,505.8061582830679,0b21e6c4-230b-4a54-be50-a258347ccdf1,47.7052195,-123.9606225
2020-02-26,846.1339556210594,0b21e6c4-230b-4a54-be50-a258347ccdf1,47.7052195,-123.9606225
2020-02-27,2900.2728695288256,0b21e6c4-230b-4a54-be50-a258347ccdf1,47.7052195,-123.9606225
2020-02-28,1121.866153552225,0b21e6c4-230b-4a54-be50-a258347ccdf1,47.7052195,-123.9606225
2020-02-29,5215.218050892943,0b21e6c4-230b-4a54-be50-a258347ccdf1,47.7052195,-123.9606225
2020-03-01,2128.4259577681332,0b21e6c4-230b-4a54-be50-a258347ccdf1,47.7052195,-123.9606225
2020-03-02,2074.816161285333,0b21e6c4-230b-4a54-be50-a258347ccdf1,47.7052195,-123.9606225
2020-03-03,271.59587688892503,0b21e6c4-230b-4a54-be50-a258347ccdf1,47.7052195,-123.9606225
2020-03-04,217.9447219265446,0b21e6c4-230b-4a54-be50-a258347ccdf1,47.7052195,-123.9606225
2020-03-05,2603.7849559212846,0b21e6c4-230b-4a54-be50-a258347ccdf1,47.7052195,-123.9606225
2020-03-06,2792.7456626363514,0b21e6c4-230b-4a54-be50-a258347ccdf1,47.7052195,-123.9606225
2020-03-07,2678.097719188114,0b21e6c4-230b-4a54-be50-a258347ccdf1,47.7052195,-123.9606225
2020-03-08,2255.5791961207096,0b21e6c4-230b-4a54-be50-a258347ccdf1,47.7052195,-123.9606225
2020-03-09,1162.7640037482822,0b21e6c4-230b-4a54-be50-a258347ccdf1,47.7052195,-123.9606225
2020-03-10,1808.8253090968606,0b21e6c4-230b-4a54-be50-a258347ccdf1,47.7052195,-123.9606225
2020-03-11,861.1207956912942,0b21e6c4-230b-4a54-be50-a258347ccdf1,47.7052195,-123.9606225
2020-03-12,-145.58112484874937,0b21e6c4-230b-4a54-be50-a258347ccdf1,47.7052195,-123.9606225
2020-03-13,3584.93171665893,0b21e6c4-230b-4a54-be50-a258347ccdf1,47.7052195,-123.9606225
2020-03-14,647.8644659151903,0b21e6c4-230b-4a54-be50-a258347ccdf1,47.7052195,-123.9606225
2020-03-15,54.03880655403639,0b21e6c4-230b-4a54-be50-a258347ccdf1,47.7052195,-123.9606225
2020-03-16,1032.3249224414776,0b21e6c4-230b-4a54-be50-a258347ccdf1,47.7052195,-123.9606225
2020-03-17,4050.056201497491,0b21e6c4-230b-4a54-be50-a258347ccdf1,47.7052195,-123.9606225
2020-03-18,322.0605183911494,0b21e6c4-230b-4a54-be50-a258347ccdf1,47.7052195,-123.9606225
2020-03-19,-337.8315774629945,0b21e6c4-230b-4a54-be50-a258347ccdf1,47.7052195,-123.9606225
2020-03-20,1425.4713738548162,0b21e6c4-230b-4a54-be50-a258347ccdf1,47.7052195,-123.9606225
2020-03-21,-110.62575852688845,0b21e6c4-230b-4a54-be50-a258347ccdf1,47.7052195,-123.9606225
2020-03-22,2966.474544428975,0b21e6c4-230b-4a54-be50-a258347ccdf1,47.7052195,-123.9606225
2020-03-23,2615.522234959105,0b21e6c4-230b-4a54-be50-a258347ccdf1,47.7052195,-123.9606225
2020-03-24,2888.5171584013365,0b21e6c4-230b-4a54-be50-a258347ccdf1,47.7052195,-123.9606225
2020-03-25,228.79387628847195,0b21e6c4-230b-4a54-be50-a258347ccdf1,47.7052195,-123.9606225
2020-03-26,2360.376702420915,0b21e6c4-230b-4a54-be50-a258347ccdf1,47.7052195,-123.9606225
2020-03-27,1346.8324508492763,0b21e6c4-230b-4a54-be50-a258347ccdf1,47.7052195,-123.9606225
2020-03-28,3474.853989828687,0b21e6c4-230b-4a54-be50-a258347ccdf1,47.7052195,-123.9606225
2020-03-29,755.0066732170635,0b21e6c4-230b-4a54-be50-a258347ccdf1,47.7052195,-123.9606225
2020-03-30,4457.739976527741,0b21e6c4-230b-4a54-be50-a258347ccdf1,47.7052195,-123.9606225
2020-03-31,3864.1730351083074,0b21e6c4-230b-4a54-be50-a258347ccdf1,47.7052195,-123.9606225
2020-04-01,2821.984561077902,0b21e6c4-230b-4a54-be50-a258347ccdf1,47.7052195,-123.9606225
2020-04-02,1307.1401739494347,0b21e6c4-230b-4a54-be50-a258347ccdf1,47.7052195,-123.9606225
2020-04-03,4794.451481572459,0b21e6c4-230b-4a54-be50-a258347ccdf1,47.7052195,-123.9606225
2020-04-04,140.22248150877482,0b21e6c4-230b-4a54-be50-a258347ccdf1,47.7052195,-123.9606225
2020-04-05,-55.29099684307249,0b21e6c4-230b-4a54-be50-a258347ccdf1,47.7052195,-123.9606225
2020-04-06,1497.702107044406,0b21e6c4-230b-4a54-be50-a258347ccdf1,47.7052195,-123.9606225
2020-04-07,-125.99277181873585,0b21e6c4-230b-4a54-be50-a258347ccdf1,47.7052195,-123.9606225
2020-04-08,1161.9882320296224,0b21e6c4-230b-4a54-be50-a258347ccdf1,47.7052195,-123.9606225
2020-04-09,-1095.3454606657745,0b21e6c4-230b-4a54-be50-a258347ccdf1,47.7052195,-123.9606225
2020-04-10,1068.3969313209052,0b21e6c4-230b-4a54-be50-a258347ccdf1,47.7052195,-123.9606225
2020-04-11,-747.2765996160738,0b21e6c4-230b-4a54-be50-a258347ccdf1,47.7052195,-123.9606225
2020-04-12,107.57036218237377,0b21e6c4-230b-4a54-be50-a258347ccdf1,47.7052195,-123.9606225
2020-04-13,-663.7707361008761,0b21e6c4-230b-4a54-be50-a258347ccdf1,47.7052195,-123.9606225
2020-04-14,-642.3296623816146,0b21e6c4-230b-4a54-be50-a258347ccdf1,47.7052195,-123.9606225
2020-04-15,1749.6993003811967,0b21e6c4-230b-4a54-be50-a258347ccdf1,47.7052195,-123.9606225
2020-04-16,-1066.859334770781,0b21e6c4-230b-4a54-be50-a258347ccdf1,47.7052195,-123.9606225
2020-04-17,3272.0806790578295,0b21e6c4-230b-4a54-be50-a258347ccdf1,47.7052195,-123.9606225
2020-04-18,934.5742378340012,0b21e6c4-230b-4a54-be50-a258347ccdf1,47.7052195,-123.9606225
2020-04-19,167.65295632158814,0b21e6c4-230b-4a54-be50-a258347ccdf1,47.7052195,-123.9606225
2020-04-20,-88.53653515638081,0b21e6c4-230b-4a54-be50-a258347ccdf1,47.7052195,-123.9606225
2020-04-21,1224.873618275608,0b21e6c4-230b-4a54-be50-a258347ccdf1,47.7052195,-123.9606225
2020-04-22,5605.016125804016,0b21e6c4-230b-4a54-be50-a258347ccdf1,47.7052195,-123.9606225
2020-04-23,1019.515802833046,0b21e6c4-230b-4a54-be50-a258347ccdf1,47.7052195,-123.9606225
2020-04-24,436.58509602700167,0b21e6c4-230b-4a54-be50-a258347ccdf1,47.7052195,-123.9606225
2020-04-25,456.68288344841983,0b21e6c4-230b-4a54-be50-a258347ccdf1,47.7052195,-123.9606225
2020-04-26,3994.4480062228736,0b21e6c4-230b-4a54-be50-a258347ccdf1,47.7052195,-123.9606225
2020-04-27,4120.568001310075,0b21e6c4-230b-4a54-be50-a258347ccdf1,47.7052195,-123.9606225
2020-04-28,5289.92680840998,0b21e6c4-230b-4a54-be50-a258347ccdf1,47.7052195,-123.9606225
2020-04-29,4333.90035663273,0b21e6c4-230b-4a54-be50-a258347ccdf1,47.7052195,-123.9606225
2020-04-30,1203.0669004794522,0b21e6c4-230b-4a54-be50-a258347ccdf1,47.7052195,-123.9606225
2020-05-01,372.9125021607211,0b21e6c4-230b-4a54-be50-a258347ccdf1,47.7052195,-123.9606225
2020-05-02,3498.7037542157987,0b21e6c4-230b-4a54-be50-a258347ccdf1,47.7052195,-123.9606225
2020-05-03,1585.473229800668,0b21e6c4-230b-4a54-be50-a258347ccdf1,47.7052195,-123.9606225
2020-05-04,4582.915918374771,0b21e6c4-230b-4a54-be50-a258347ccdf1,47.7052195,-123.9606225
2020-05-05,615.1070989928764,0b21e6c4-230b-4a54-be50-a258347ccdf1,47.7052195,-123.9606225
2020-05-06,2639.28158974499,0b21e6c4-230b-4a54-be50-a258347ccdf1,47.7052195,-123.9606225
2020-05-07,-678.0605274889232,0b21e6c4-230b-4a54-be50-a258347ccdf1,47.7052195,-123.9606225
2020-05-08,-429.77439795482036,0b21e6c4-230b-4a54-be50-a258347ccdf1,47.7052195,-123.9606225
2020-05-09,-1477.5674781880869,0b21e6c4-230b-4a54-be50-a258347ccdf1,47.7052195,-123.9606225
2020-05-10,887.9229555027881,0b21e6c4-230b-4a54-be50-a258347ccdf1,47.7052195,-123.9606225
2020-05-11,706.3596395462026,0b21e6c4-230b-4a54-be50-a258347ccdf1,47.7052195,-123.9606225
2020-05-12,1049.0690339074022,0b21e6c4-230b-4a54-be50-a258347ccdf1,47.7052195,-123.9606225
2020-05-13,1143.418292893728,0b21e6c4-230b-4a54-be50-a258347ccdf1,47.7052195,-123.9606225
2020-05-14,536.887369560668,0b21e6c4-230b-4a54-be50-a258347ccdf1,47.7052195,-123.9606225
2020-05-15,803.8283704977393,0b21e6c4-230b-4a54-be50-a258347ccdf1,47.7052195,-123.9606225
2020-05-16,5860.101499313115,0b21e6c4-230b-4a54-be50-a258347ccdf1,47.7052195,-123.9606225
2020-05-17,4555.207988755149,0b21e6c4-230b-4a54-be50-a258347ccdf1,47.7052195,-123.9606225
2020-05-18,-774.2327346998185,0b21e6c4-230b-4a54-be50-a258347ccdf1,47.7052195,-123.9606225
2020-05-19,-358.55903545402424,0b21e6c4-230b-4a54-be50-a258347ccdf1,47.7052195,-123.9606225
2020-05-20,1814.685958495956,0b21e6c4-230b-4a54-be50-a258347ccdf1,47.7052195,-123.9606225
2020-05-21,6481.863824522133,0b21e6c4-230b-4a54-be50-a258347ccdf1,47.7052195,-123.9606225
2020-05-22,2592.0126231611125,0b21e6c4-230b-4a54-be50-a258347ccdf1,47.7052195,-123.9606225
2020-05-23,1062.7711318540344,0b21e6c4-230b-4a54-be50-a258347ccdf1,47.7052195,-123.9606225
2020-05-24,894.8194910705345,0b21e6c4-230b-4a54-be50-a258347ccdf1,47.7052195,-123.9606225
2020-05-25,4492.343932239777,0b21e6c4-230b-4a54-be50-a258347ccdf1,47.7052195,-123.9606225
2020-05-26,407.7251380587166,0b21e6c4-230b-4a54-be50-a258347ccdf1,47.7052195,-123.9606225
2020-05-27,-1635.3002947678692,0b21e6c4-230b-4a54-be50-a258347ccdf1,47.7052195,-123.9606225
2020-05-28,882.8176806135529,0b21e6c4-230b-4a54-be50-a258347ccdf1,47.7052195,-123.9606225
2020-05-29,1313.513978729404,0b21e6c4-230b-4a54-be50-a258347ccdf1,47.7052195,-123.9606225
2020-05-30,4546.17889407462,0b21e6c4-230b-4a54-be50-a258347ccdf1,47.7052195,-123.9606225
2020-05-31,961.8082644176964,0b21e6c4-230b-4a54-be50-a258347ccdf1,47.7052195,-123.9606225
2020-06-01,122.3255365412082,0b21e6c4-230b-4a54-be50-a258347ccdf1,47.7052195,-123.9606225
2020-06-02,2324.139823685143,0b21e6c4-230b-4a54-be50-a258347ccdf1,47.7052195,-123.9606225
2020-06-03,-1065.4418743233532,0b21e6c4-230b-4a54-be50-a258347ccdf1,47.7052195,-123.9606225
2020-06-04,2808.3326919402803,0b21e6c4-230b-4a54-be50-a258347ccdf1,47.7052195,-123.9606225
2020-06-05,2484.763480626289,0b21e6c4-230b-4a54-be50-a258347ccdf1,47.7052195,-123.9606225
2020-06-06,6203.854149039727,0b21e6c4-230b-4a54-be50-a258347ccdf1,47.7052195,-123.9606225
2020-06-07,1882.7342176369445,0b21e6c4-230b-4a54-be50-a258347ccdf1,47.7052195,-123.9606225
2020-06-08,3527.06900661408,0b21e6c4-230b-4a54-be50-a258347ccdf1,47.7052195,-123.9606225
2020-06-09,2147.4272496520084,0b21e6c4-230b-4a54-be50-a258347ccdf1,47.7052195,-123.9606225
2020-06-10,3126.8828570648734,0b21e6c4-230b-4a54-be50-a258347ccdf1,47.7052195,-123.9606225
2020-06-11,843.2385299817129,0b21e6c4-230b-4a54-be50-a258347ccdf1,47.7052195,-123.9606225
2020-06-12,1367.2314200715077,0b21e6c4-230b-4a54-be50-a258347ccdf1,47.7052195,-123.9606225
2020-06-13,2057.8974362473496,0b21e6c4-230b-4a54-be50-a258347ccdf1,47.7052195,-123.9606225
2020-06-14,1920.578741232019,0b21e6c4-230b-4a54-be50-a258347ccdf1,47.7052195,-123.9606225
2020-06-15,2358.6657796337217,0b21e6c4-230b-4a54-be50-a258347ccdf1,47.7052195,-123.9606225
2020-06-16,423.94968992089076,0b21e6c4-230b-4a54-be50-a258347ccdf1,47.7052195,-123.9606225
2020-06-17,-347.208257139478,0b21e6c4-230b-4a54-be50-a258347ccdf1,47.7052195,-123.9606225
2020-06-18,3412.518300171945,0b21e6c4-230b-4a54-be50-a258347ccdf1,47.7052195,-123.9606225
2020-06-19,251.2660598451557,0b21e6c4-230b-4a54-be50-a258347ccdf1,47.7052195,-123.9606225
2020-06-20,3162.034030222801,0b21e6c4-230b-4a54-be50-a258347ccdf1,47.7052195,-123.9606225
2020-06-21,1794.5775357769955,0b21e6c4-230b-4a54-be50-a258347ccdf1,47.7052195,-123.9606225
2020-06-22,-190.70232993986357,0b21e6c4-230b-4a54-be50-a258347ccdf1,47.7052195,-123.9606225
2020-06-23,554.5343941337553,0b21e6c4-230b-4a54-be50-a258347ccdf1,47.7052195,-123.9606225
2020-06-24,1897.0041212915194,0b21e6c4-230b-4a54-be50-a258347ccdf1,47.7052195,-123.9606225
2020-06-25,-223.0123684234468,0b21e6c4-230b-4a54-be50-a258347ccdf1,47.7052195,-123.9606225
2020-06-26,-1029.690925880436,0b21e6c4-230b-4a54-be50-a258347ccdf1,47.7052195,-123.9606225
2020-06-27,1567.6756871093642,0b21e6c4-230b-4a54-be50-a258347ccdf1,47.7052195,-123.9606225
2020-06-28,-1337.958841671443,0b21e6c4-230b-4a54-be50-a258347ccdf1,47.7052195,-123.9606225
2020-06-29,656.1016858174797,0b21e6c4-230b-4a54-be50-a258347ccdf1,47.7052195,-123.9606225
2020-06-30,1536.3039202307189,0b21e6c4-230b-4a54-be50-a258347ccdf1,47.7052195,-123.9606225
2020-07-01,1960.8118580383364,0b21e6c4-230b-4a54-be50-a258347ccdf1,47.7052195,-123.9606225
2020-07-02,1893.8041795172708,0b21e6c4-230b-4a54-be50-a258347ccdf1,47.7052195,-123.9606225
2020-07-03,4906.757489742257,0b21e6c4-230b-4a54-be50-a258347ccdf1,47.7052195,-123.9606225
2020-07-04,-62.21950653675043,0b21e6c4-230b-4a54-be50-a258347ccdf1,47.7052195,-123.9606225
2020-07-05,-65.06751003029551,0b21e6c4-230b-4a54-be50-a258347ccdf1,47.7052195,-123.9606225
2020-07-06,1525.4220229809764,0b21e6c4-230b-4a54-be50-a258347ccdf1,47.7052195,-123.9606225
2020-07-07,532.5188278428262,0b21e6c4-230b-4a54-be50-a258347ccdf1,47.7052195,-123.9606225
2020-07-08,228.10031660252727,0b21e6c4-230b-4a54-be50-a258347ccdf1,47.7052195,-123.9606225
2020-07-09,108.1761738402612,0b21e6c4-230b-4a54-be50-a258347ccdf1,47.7052195,-123.9606225
2020-07-10,-68.03750557238634,0b21e6c4-230b-4a54-be50-a258347ccdf1,47.7052195,-123.9606225
2020-07-11,4985.03206055478,0b21e6c4-230b-4a54-be50-a258347ccdf1,47.7052195,-123.9606225
2020-07-12,-193.570034662518,0b21e6c4-230b-4a54-be50-a258347ccdf1,47.7052195,-123.9606225
2020-07-13,-149.96453687782585,0b21e6c4-230b-4a54-be50-a258347ccdf1,47.7052195,-123.9606225
2020-07-14,-1461.1680950171487,0b21e6c4-230b-4a54-be50-a258347ccdf1,47.7052195,-123.9606225
2020-07-15,391.6824876952605,0b21e6c4-230b-4a54-be50-a258347ccdf1,47.7052195,-123.9606225
2020-07-16,489.53795136330103,0b21e6c4-230b-4a54-be50-a258347ccdf1,47.7052195,-123.9606225
2020-07-17,705.8784855845769,0b21e6c4-230b-4a54-be50-a258347ccdf1,47.7052195,-123.9606225
2020-07-18,-807.0464759773276,0b21e6c4-230b-4a54-be50-a258347ccdf1,47.7052195,-123.9606225
2020-07-19,-572.0039575315915,0b21e6c4-230b-4a54-be50-a258347ccdf1,47.7052195,-123.9606225
2020-07-20,929.4877452987249,0b21e6c4-230b-4a54-be50-a258347ccdf1,47.7052195,-123.9606225
2020-07-21,-1296.9136302846687,0b21e6c4-230b-4a54-be50-a258347ccdf1,47.7052195,-123.9606225
2020-07-22,182.43772573851174,0b21e6c4-230b-4a54-be50-a258347ccdf1,47.7052195,-123.9606225
2020-07-23,409.4330540316782,0b21e6c4-230b-4a54-be50-a258347ccdf1,47.7052195,-123.9606225
2020-07-24,797.7069106689582,0b21e6c4-230b-4a54-be50-a258347ccdf1,47.7052195,-123.9606225
2020-07-25,-1175.9137894957096,0b21e6c4-230b-4a54-be50-a258347ccdf1,47.7052195,-123.9606225
2020-07-26,-630.8576653292931,0b21e6c4-230b-4a54-be50-a258347ccdf1,47.7052195,-123.9606225
2020-07-27,-711.0976418570376,0b21e6c4-230b-4a54-be50-a258347ccdf1,47.7052195,-123.9606225
2020-07-28,-1243.4577271941548,0b21e6c4-230b-4a54-be50-a258347ccdf1,47.7052195,-123.9606225
2020-07-29,527.1783709526278,0b21e6c4-230b-4a54-be50-a258347ccdf1,47.7052195,-123.9606225
2020-07-30,-1618.622360508383,0b21e6c4-230b-4a54-be50-a258347ccdf1,47.7052195,-123.9606225
2020-07-31,1981.1111838932998,0b21e6c4-230b-4a54-be50-a258347ccdf1,47.7052195,-123.9606225
2020-08-01,-1064.3030468444365,0b21e6c4-230b-4a54-be50-a258347ccdf1,47.7052195,-123.9606225
2020-08-02,221.72148530254626,0b21e6c4-230b-4a54-be50-a258347ccdf1,47.7052195,-123.9606225
2020-08-03,2011.4436210959175,0b21e6c4-230b-4a54-be50-a258347ccdf1,47.7052195,-123.9606225
2020-08-04,-309.9016030277389,0b21e6c4-230b-4a54-be50-a258347ccdf1,47.7052195,-123.9606225
2020-08-05,1154.623847994395,0b21e6c4-230b-4a54-be50-a258347ccdf1,47.7052195,-123.9606225
2020-08-06,2175.016517008288,0b21e6c4-230b-4a54-be50-a258347ccdf1,47.7052195,-123.9606225
2020-08-07,318.5205882620522,0b21e6c4-230b-4a54-be50-a258347ccdf1,47.7052195,-123.9606225
2020-08-08,-78.67680158665169,0b21e6c4-230b-4a54-be50-a258347ccdf1,47.7052195,-123.9606225
2020-08-09,-192.3956940236723,0b21e6c4-230b-4a54-be50-a258347ccdf1,47.7052195,-123.9606225
2020-08-10,-1170.612580401575,0b21e6c4-230b-4a54-be50-a258347ccdf1,47.7052195,-123.9606225
2020-08-11,137.49526005986326,0b21e6c4-230b-4a54-be50-a258347ccdf1,47.7052195,-123.9606225
2020-08-12,322.81865407534764,0b21e6c4-230b-4a54-be50-a258347ccdf1,47.7052195,-123.9606225
2020-08-13,-976.8102158901712,0b21e6c4-230b-4a54-be50-a258347ccdf1,47.7052195,-123.9606225
2020-08-14,631.9741623224795,0b21e6c4-230b-4a54-be50-a258347ccdf1,47.7052195,-123.9606225
2020-08-15,-1751.5584031587457,0b21e6c4-230b-4a54-be50-a258347ccdf1,47.7052195,-123.9606225
2020-08-16,144.7458082007332,0b21e6c4-230b-4a54-be50-a258347ccdf1,47.7052195,-123.9606225
2020-08-17,-1406.2465451204087,0b21e6c4-230b-4a54-be50-a258347ccdf1,47.7052195,-123.9606225
2020-08-18,-1181.4868810102164,0b21e6c4-230b-4a54-be50-a258347ccdf1,47.7052195,-123.9606225
2020-08-19,-617.7516125804011,0b21e6c4-230b-4a54-be50-a258347ccdf1,47.7052195,-123.9606225
2020-08-20,4320.323698790906,0b21e6c4-230b-4a54-be50-a258347ccdf1,47.7052195,-123.9606225
2020-08-21,3479.31421891063,0b21e6c4-230b-4a54-be50-a258347ccdf1,47.7052195,-123.9606225
2020-08-22,855.4567946723428,0b21e6c4-230b-4a54-be50-a258347ccdf1,47.7052195,-123.9606225
2020-08-23,-546.7014383580333,0b21e6c4-230b-4a54-be50-a258347ccdf1,47.7052195,-123.9606225
2020-08-24,-1376.4538287980924,0b21e6c4-230b-4a54-be50-a258347ccdf1,47.7052195,-123.9606225
2020-08-25,-385.74923351255933,0b21e6c4-230b-4a54-be50-a258347ccdf1,47.7052195,-123.9606225
2020-08-26,-1086.9158319459216,0b21e6c4-230b-4a54-be50-a258347ccdf1,47.7052195,-123.9606225
2020-08-27,-424.5745289627621,0b21e6c4-230b-4a54-be50-a258347ccdf1,47.7052195,-123.9606225
2020-08-28,-641.9693268557182,0b21e6c4-230b-4a54-be50-a258347ccdf1,47.7052195,-123.9606225
2020-08-29,-871.8238443552858,0b21e6c4-230b-4a54-be50-a258347ccdf1,47.7052195,-123.9606225
2020-08-30,1044.6291156054112,0b21e6c4-230b-4a54-be50-a258347ccdf1,47.7052195,-123.9606225
2020-08-31,355.02456853807877,0b21e6c4-230b-4a54-be50-a258347ccdf1,47.7052195,-123.9606225
2020-09-01,226.64988582293898,0b21e6c4-230b-4a54-be50-a258347ccdf1,47.7052195,-123.9606225
2020-09-02,-241.5598178625689,0b21e6c4-230b-4a54-be50-a258347ccdf1,47.7052195,-123.9606225
2020-09-03,-38.579541836112725,0b21e6c4-230b-4a54-be50-a258347ccdf1,47.7052195,-123.9606225
2020-09-04,1495.2254473830249,0b21e6c4-230b-4a54-be50-a258347ccdf1,47.7052195,-123.9606225
2020-09-05,-147.88856136903294,0b21e6c4-230b-4a54-be50-a258347ccdf1,47.7052195,-123.9606225
2020-09-06,1216.856391640965,0b21e6c4-230b-4a54-be50-a258347ccdf1,47.7052195,-123.9606225
2020-09-07,-797.0514388129224,0b21e6c4-230b-4a54-be50-a258347ccdf1,47.7052195,-123.9606225
2020-09-08,1777.441765150066,0b21e6c4-230b-4a54-be50-a258347ccdf1,47.7052195,-123.9606225
2020-09-09,-1212.3056806499446,0b21e6c4-230b-4a54-be50-a258347ccdf1,47.7052195,-123.9606225
2020-09-10,785.3653165570381,0b21e6c4-230b-4a54-be50-a258347ccdf1,47.7052195,-123.9606225
2020-09-11,141.02137976837065,0b21e6c4-230b-4a54-be50-a258347ccdf1,47.7052195,-123.9606225
2020-09-12,1965.654730387472,0b21e6c4-230b-4a54-be50-a258347ccdf1,47.7052195,-123.9606225
2020-09-13,2822.113394652328,0b21e6c4-230b-4a54-be50-a258347ccdf1,47.7052195,-123.9606225
2020-09-14,414.26798402430876,0b21e6c4-230b-4a54-be50-a258347ccdf1,47.7052195,-123.9606225
2020-09-15,61.337572895912345,0b21e6c4-230b-4a54-be50-a258347ccdf1,47.7052195,-123.9606225
2020-09-16,3130.163846356793,0b21e6c4-230b-4a54-be50-a258347ccdf1,47.7052195,-123.9606225
2020-09-17,4968.077995214568,0b21e6c4-230b-4a54-be50-a258347ccdf1,47.7052195,-123.9606225
2020-09-18,1136.127482555018,0b21e6c4-230b-4a54-be50-a258347ccdf1,47.7052195,-123.9606225
2020-09-19,2609.876270276662,0b21e6c4-230b-4a54-be50-a258347ccdf1,47.7052195,-123.9606225
2020-09-20,923.6053340247643,0b21e6c4-230b-4a54-be50-a258347ccdf1,47.7052195,-123.9606225
2020-09-21,2869.8829434937256,0b21e6c4-230b-4a54-be50-a258347ccdf1,47.7052195,-123.9606225
2020-09-22,939.4659151905524,0b21e6c4-230b-4a54-be50-a258347ccdf1,47.7052195,-123.9606225
2020-09-23,3700.449857619837,0b21e6c4-230b-4a54-be50-a258347ccdf1,47.7052195,-123.9606225
2020-09-24,3608.798866417388,0b21e6c4-230b-4a54-be50-a258347ccdf1,47.7052195,-123.9606225
2020-09-25,332.54733571694976,0b21e6c4-230b-4a54-be50-a258347ccdf1,47.7052195,-123.9606225
2020-09-26,2327.3443825795816,0b21e6c4-230b-4a54-be50-a258347ccdf1,47.7052195,-123.9606225
2020-09-27,-363.0056815597219,0b21e6c4-230b-4a54-be50-a258347ccdf1,47.7052195,-123.9606225
2020-09-28,-562.047567710181,0b21e6c4-230b-4a54-be50-a258347ccdf1,47.7052195,-123.9606225
2020-09-29,-493.1193218519427,0b21e6c4-230b-4a54-be50-a258347ccdf1,47.7052195,-123.9606225
2020-09-30,1999.5375101212728,0b21e6c4-230b-4a54-be50-a258347ccdf1,47.7052195,-123.9606225
2020-10-01,2444.1080997479903,0b21e6c4-230b-4a54-be50-a258347ccdf1,47.7052195,-123.9606225
2020-10-02,-203.37296323589607,0b21e6c4-230b-4a54-be50-a258347ccdf1,47.7052195,-123.9606225
2020-10-03,2004.9037000645935,0b21e6c4-230b-4a54-be50-a258347ccdf1,47.7052195,-123.9606225
2020-10-04,-254.60255465487577,0b21e6c4-230b-4a54-be50-a258347ccdf1,47.7052195,-123.9606225
2020-10-05,397.3297397126922,0b21e6c4-230b-4a54-be50-a258347ccdf1,47.7052195,-123.9606225
2020-10-06,-241.37602008788434,0b21e6c4-230b-4a54-be50-a258347ccdf1,47.7052195,-123.9606225
2020-10-07,-358.3814514588278,0b21e6c4-230b-4a54-be50-a258347ccdf1,47.7052195,-123.9606225
2020-10-08,815.4608568283332,0b21e6c4-230b-4a54-be50-a258347ccdf1,47.7052195,-123.9606225
2020-10-09,3839.1069215862876,0b21e6c4-230b-4a54-be50-a258347ccdf1,47.7052195,-123.9606225
2020-10-10,588.1420799330401,0b21e6c4-230b-4a54-be50-a258347ccdf1,47.7052195,-123.9606225
2020-10-11,5030.088885249774,0b21e6c4-230b-4a54-be50-a258347ccdf1,47.7052195,-123.9606225
2020-10-12,-113.18448920549146,0b21e6c4-230b-4a54-be50-a258347ccdf1,47.7052195,-123.9606225
2020-10-13,1921.1864133846425,0b21e6c4-230b-4a54-be50-a258347ccdf1,47.7052195,-123.9606225
2020-10-14,1622.8565144609108,0b21e6c4-230b-4a54-be50-a258347ccdf1,47.7052195,-123.9606225
2020-10-15,-85.52635170173855,0b21e6c4-230b-4a54-be50-a258347ccdf1,47.7052195,-123.9606225
2020-10-16,2039.791201542983,0b21e6c4-230b-4a54-be50-a258347ccdf1,47.7052195,-123.9606225
2020-10-17,1504.6404787248548,0b21e6c4-230b-4a54-be50-a258347ccdf1,47.7052195,-123.9606225
2020-10-18,2486.9460320059675,0b21e6c4-230b-4a54-be50-a258347ccdf1,47.7052195,-123.9606225
2020-10-19,1069.3885704668064,0b21e6c4-230b-4a54-be50-a258347ccdf1,47.7052195,-123.9606225
2020-10-20,-374.2414367204342,0b21e6c4-230b-4a54-be50-a258347ccdf1,47.7052195,-123.9606225
2020-10-21,161.3855136148184,0b21e6c4-230b-4a54-be50-a258347ccdf1,47.7052195,-123.9606225
2020-10-22,327.8628829025537,0b21e6c4-230b-4a54-be50-a258347ccdf1,47.7052195,-123.9606225
2020-10-23,2362.289800485819,0b21e6c4-230b-4a54-be50-a258347ccdf1,47.7052195,-123.9606225
2020-10-24,-36.330462985707385,0b21e6c4-230b-4a54-be50-a258347ccdf1,47.7052195,-123.9606225
2020-10-25,290.0000318422084,0b21e6c4-230b-4a54-be50-a258347ccdf1,47.7052195,-123.9606225
2020-10-26,1856.2884221730942,0b21e6c4-230b-4a54-be50-a258347ccdf1,47.7052195,-123.9606225
2020-10-27,468.6904618939743,0b21e6c4-230b-4a54-be50-a258347ccdf1,47.7052195,-123.9606225
2020-10-28,2116.7819445581663,0b21e6c4-230b-4a54-be50-a258347ccdf1,47.7052195,-123.9606225
2020-10-29,466.22492426103327,0b21e6c4-230b-4a54-be50-a258347ccdf1,47.7052195,-123.9606225
2020-10-30,835.1754915072273,0b21e6c4-230b-4a54-be50-a258347ccdf1,47.7052195,-123.9606225
2020-10-31,1038.4775694387579,0b21e6c4-230b-4a54-be50-a258347ccdf1,47.7052195,-123.9606225
2020-11-01,275.84315438012317,0b21e6c4-230b-4a54-be50-a258347ccdf1,47.7052195,-123.9606225
2020-11-02,3567.9224096363605,0b21e6c4-230b-4a54-be50-a258347ccdf1,47.7052195,-123.9606225
2020-11-03,6802.043532847506,0b21e6c4-230b-4a54-be50-a258347ccdf1,47.7052195,-123.9606225
2020-11-04,3020.795704941001,0b21e6c4-230b-4a54-be50-a258347ccdf1,47.7052195,-123.9606225
2020-11-05,4786.029385809286,0b21e6c4-230b-4a54-be50-a258347ccdf1,47.7052195,-123.9606225
2020-11-06,371.7501660343712,0b21e6c4-230b-4a54-be50-a258347ccdf1,47.7052195,-123.9606225
2020-11-07,-122.53559049100676,0b21e6c4-230b-4a54-be50-a258347ccdf1,47.7052195,-123.9606225
2020-11-08,454.46454597559995,0b21e6c4-230b-4a54-be50-a258347ccdf1,47.7052195,-123.9606225
2020-11-09,1791.2551652610591,0b21e6c4-230b-4a54-be50-a258347ccdf1,47.7052195,-123.9606225
2020-11-10,3469.3112575852665,0b21e6c4-230b-4a54-be50-a258347ccdf1,47.7052195,-123.9606225
2020-11-11,-22.000482182010053,0b21e6c4-230b-4a54-be50-a258347ccdf1,47.7052195,-123.9606225
2020-11-12,4093.180945622603,0b21e6c4-230b-4a54-be50-a258347ccdf1,47.7052195,-123.9606225
2020-11-13,5129.6614445445175,0b21e6c4-230b-4a54-be50-a258347ccdf1,47.7052195,-123.9606225
2020-11-14,5016.366412838776,0b21e6c4-230b-4a54-be50-a258347ccdf1,47.7052195,-123.9606225
2020-11-15,5757.805839860985,0b21e6c4-230b-4a54-be50-a258347ccdf1,47.7052195,-123.9606225
2020-11-16,3783.999058380413,0b21e6c4-230b-4a54-be50-a258347ccdf1,47.7052195,-123.9606225
2020-11-17,4388.173207966008,0b21e6c4-230b-4a54-be50-a258347ccdf1,47.7052195,-123.9606225
2020-11-18,2290.580133191406,0b21e6c4-230b-4a54-be50-a258347ccdf1,47.7052195,-123.9606225
2020-11-19,5467.548309178737,0b21e6c4-230b-4a54-be50-a258347ccdf1,47.7052195,-123.9606225
2020-11-20,2812.9805671552162,0b21e6c4-230b-4a54-be50-a258347ccdf1,47.7052195,-123.9606225
2020-11-21,1628.303510830898,0b21e6c4-230b-4a54-be50-a258347ccdf1,47.7052195,-123.9606225
2020-11-22,2948.1513505645125,0b21e6c4-230b-4a54-be50-a258347ccdf1,47.7052195,-123.9606225
2020-11-23,1292.2708543719348,0b21e6c4-230b-4a54-be50-a258347ccdf1,47.7052195,-123.9606225
2020-11-24,4153.90838996697,0b21e6c4-230b-4a54-be50-a258347ccdf1,47.7052195,-123.9606225
2020-11-25,808.7059235605042,0b21e6c4-230b-4a54-be50-a258347ccdf1,47.7052195,-123.9606225
2020-11-26,1199.3861413612087,0b21e6c4-230b-4a54-be50-a258347ccdf1,47.7052195,-123.9606225
2020-11-27,2675.731056160555,0b21e6c4-230b-4a54-be50-a258347ccdf1,47.7052195,-123.9606225
2020-11-28,51.226143362719135,0b21e6c4-230b-4a54-be50-a258347ccdf1,47.7052195,-123.9606225
2020-11-30,4193.0215935660535,0b21e6c4-230b-4a54-be50-a258347ccdf1,47.7052195,-123.9606225
2020-12-01,2288.8620822984594,0b21e6c4-230b-4a54-be50-a258347ccdf1,47.7052195,-123.9606225
2020-12-02,982.3435000955263,0b21e6c4-230b-4a54-be50-a258347ccdf1,47.7052195,-123.9606225
2020-12-03,4744.061437266298,0b21e6c4-230b-4a54-be50-a258347ccdf1,47.7052195,-123.9606225
2020-12-04,2580.770849823047,0b21e6c4-230b-4a54-be50-a258347ccdf1,47.7052195,-123.9606225
2020-12-05,1003.8160566609346,0b21e6c4-230b-4a54-be50-a258347ccdf1,47.7052195,-123.9606225
2020-12-06,595.9896285378962,0b21e6c4-230b-4a54-be50-a258347ccdf1,47.7052195,-123.9606225
2020-12-08,585.5861786620811,0b21e6c4-230b-4a54-be50-a258347ccdf1,47.7052195,-123.9606225
2020-12-09,1802.3229345779077,0b21e6c4-230b-4a54-be50-a258347ccdf1,47.7052195,-123.9606225
2020-12-11,3638.9842926935758,0b21e6c4-230b-4a54-be50-a258347ccdf1,47.7052195,-123.9606225
2020-12-12,807.6692003966625,0b21e6c4-230b-4a54-be50-a258347ccdf1,47.7052195,-123.9606225
2020-12-13,2745.277577626753,0b21e6c4-230b-4a54-be50-a258347ccdf1,47.7052195,-123.9606225
2020-12-14,6455.872108045158,0b21e6c4-230b-4a54-be50-a258347ccdf1,47.7052195,-123.9606225
2020-12-15,3377.055000591353,0b21e6c4-230b-4a54-be50-a258347ccdf1,47.7052195,-123.9606225
2020-12-16,3165.8043478260834,0b21e6c4-230b-4a54-be50-a258347ccdf1,47.7052195,-123.9606225
2020-12-17,977.3337063420579,0b21e6c4-230b-4a54-be50-a258347ccdf1,47.7052195,-123.9606225
2020-12-18,2467.2161903982087,0b21e6c4-230b-4a54-be50-a258347ccdf1,47.7052195,-123.9606225
2020-12-19,4371.188542263708,0b21e6c4-230b-4a54-be50-a258347ccdf1,47.7052195,-123.9606225
2020-12-20,2135.5662272441923,0b21e6c4-230b-4a54-be50-a258347ccdf1,47.7052195,-123.9606225
2020-12-22,476.7288681459642,0b21e6c4-230b-4a54-be50-a258347ccdf1,47.7052195,-123.9606225
2020-12-23,1027.821774611751,0b21e6c4-230b-4a54-be50-a258347ccdf1,47.7052195,-123.9606225
2020-12-25,3988.177916063938,0b21e6c4-230b-4a54-be50-a258347ccdf1,47.7052195,-123.9606225
2020-12-26,1624.9996952245767,0b21e6c4-230b-4a54-be50-a258347ccdf1,47.7052195,-123.9606225
2020-12-27,2423.1328047526754,0b21e6c4-230b-4a54-be50-a258347ccdf1,47.7052195,-123.9606225
2020-12-28,655.2351683543035,0b21e6c4-230b-4a54-be50-a258347ccdf1,47.7052195,-123.9606225
2020-12-29,1814.7611288517705,0b21e6c4-230b-4a54-be50-a258347ccdf1,47.7052195,-123.9606225
2020-12-30,5508.813736728617,0b21e6c4-230b-4a54-be50-a258347ccdf1,47.7052195,-123.9606225
2020-12-31,1504.3004494300246,0b21e6c4-230b-4a54-be50-a258347ccdf1,47.7052195,-123.9606225
2021-01-02,3630.1807591182414,0b21e6c4-230b-4a54-be50-a258347ccdf1,47.7052195,-123.9606225
2021-01-03,4556.910405123864,0b21e6c4-230b-4a54-be50-a258347ccdf1,47.7052195,-123.9606225
2021-01-05,3228.6380541681415,0b21e6c4-230b-4a54-be50-a258347ccdf1,47.7052195,-123.9606225
2021-01-06,2560.496829425839,0b21e6c4-230b-4a54-be50-a258347ccdf1,47.7052195,-123.9606225
2021-01-08,391.8945568019507,0b21e6c4-230b-4a54-be50-a258347ccdf1,47.7052195,-123.9606225
2021-01-09,442.9624671342916,0b21e6c4-230b-4a54-be50-a258347ccdf1,47.7052195,-123.9606225
2021-01-10,1644.2848421991132,0b21e6c4-230b-4a54-be50-a258347ccdf1,47.7052195,-123.9606225
2021-01-11,3740.8471437539224,0b21e6c4-230b-4a54-be50-a258347ccdf1,47.7052195,-123.9606225
2021-01-12,911.8379686490712,0b21e6c4-230b-4a54-be50-a258347ccdf1,47.7052195,-123.9606225
2021-01-13,215.10443789404744,0b21e6c4-230b-4a54-be50-a258347ccdf1,47.7052195,-123.9606225
2021-01-14,-266.85449475513326,0b21e6c4-230b-4a54-be50-a258347ccdf1,47.7052195,-123.9606225
2021-01-15,1368.5376101967852,0b21e6c4-230b-4a54-be50-a258347ccdf1,47.7052195,-123.9606225
2021-01-16,2447.2223086510703,0b21e6c4-230b-4a54-be50-a258347ccdf1,47.7052195,-123.9606225
2021-01-17,-408.6210003912042,0b21e6c4-230b-4a54-be50-a258347ccdf1,47.7052195,-123.9606225
2021-01-18,1869.290801240935,0b21e6c4-230b-4a54-be50-a258347ccdf1,47.7052195,-123.9606225
2021-01-19,759.132299826232,0b21e6c4-230b-4a54-be50-a258347ccdf1,47.7052195,-123.9606225
2021-01-20,2093.1313809510807,0b21e6c4-230b-4a54-be50-a258347ccdf1,47.7052195,-123.9606225
2021-01-21,1296.6847439431558,0b21e6c4-230b-4a54-be50-a258347ccdf1,47.7052195,-123.9606225
2021-01-22,-694.4910386928316,0b21e6c4-230b-4a54-be50-a258347ccdf1,47.7052195,-123.9606225
2021-01-23,-599.2381160330061,0b21e6c4-230b-4a54-be50-a258347ccdf1,47.7052195,-123.9606225
2021-01-24,4467.819363701701,0b21e6c4-230b-4a54-be50-a258347ccdf1,47.7052195,-123.9606225
2021-01-25,4107.176865271064,0b21e6c4-230b-4a54-be50-a258347ccdf1,47.7052195,-123.9606225
2021-01-26,3504.2261206182834,0b21e6c4-230b-4a54-be50-a258347ccdf1,47.7052195,-123.9606225
2021-01-27,5105.2796428214,0b21e6c4-230b-4a54-be50-a258347ccdf1,47.7052195,-123.9606225
2021-01-28,460.8265236496627,0b21e6c4-230b-4a54-be50-a258347ccdf1,47.7052195,-123.9606225
2021-01-29,658.8228936379262,0b21e6c4-230b-4a54-be50-a258347ccdf1,47.7052195,-123.9606225
2021-01-30,1911.2199022899085,0b21e6c4-230b-4a54-be50-a258347ccdf1,47.7052195,-123.9606225
2021-01-31,4800.045889170918,0b21e6c4-230b-4a54-be50-a258347ccdf1,47.7052195,-123.9606225
2021-02-01,3844.7766269093936,0b21e6c4-230b-4a54-be50-a258347ccdf1,47.7052195,-123.9606225
2021-02-02,4596.463922778095,0b21e6c4-230b-4a54-be50-a258347ccdf1,47.7052195,-123.9606225
2021-02-03,2307.6103832892077,0b21e6c4-230b-4a54-be50-a258347ccdf1,47.7052195,-123.9606225
2021-02-04,343.2576580510749,0b21e6c4-230b-4a54-be50-a258347ccdf1,47.7052195,-123.9606225
2021-02-05,461.2189834147582,0b21e6c4-230b-4a54-be50-a258347ccdf1,47.7052195,-123.9606225
2021-02-06,2169.5073237078873,0b21e6c4-230b-4a54-be50-a258347ccdf1,47.7052195,-123.9606225
2021-02-07,713.870083790496,0b21e6c4-230b-4a54-be50-a258347ccdf1,47.7052195,-123.9606225
2021-02-08,630.0392159538554,0b21e6c4-230b-4a54-be50-a258347ccdf1,47.7052195,-123.9606225
2021-02-09,109.8562915654539,0b21e6c4-230b-4a54-be50-a258347ccdf1,47.7052195,-123.9606225
2021-02-10,5.191808364493196,0b21e6c4-230b-4a54-be50-a258347ccdf1,47.7052195,-123.9606225
2021-02-11,4554.97662781917,0b21e6c4-230b-4a54-be50-a258347ccdf1,47.7052195,-123.9606225
2021-02-12,2247.3013000718715,0b21e6c4-230b-4a54-be50-a258347ccdf1,47.7052195,-123.9606225
2021-02-13,2246.7557156763733,0b21e6c4-230b-4a54-be50-a258347ccdf1,47.7052195,-123.9606225
2021-02-14,3225.20254828643,0b21e6c4-230b-4a54-be50-a258347ccdf1,47.7052195,-123.9606225
2021-02-15,1809.5534039320564,0b21e6c4-230b-4a54-be50-a258347ccdf1,47.7052195,-123.9606225
2021-02-16,2915.873741095554,0b21e6c4-230b-4a54-be50-a258347ccdf1,47.7052195,-123.9606225
2021-02-17,2648.174231465558,0b21e6c4-230b-4a54-be50-a258347ccdf1,47.7052195,-123.9606225
2021-02-18,2271.035590491006,0b21e6c4-230b-4a54-be50-a258347ccdf1,47.7052195,-123.9606225
2021-02-19,1815.7933167753833,0b21e6c4-230b-4a54-be50-a258347ccdf1,47.7052195,-123.9606225
2021-02-20,990.0011144772874,0b21e6c4-230b-4a54-be50-a258347ccdf1,47.7052195,-123.9606225
2021-02-21,3805.4583503916565,0b21e6c4-230b-4a54-be50-a258347ccdf1,47.7052195,-123.9606225
2021-02-22,1958.6801086274188,0b21e6c4-230b-4a54-be50-a258347ccdf1,47.7052195,-123.9606225
2021-02-23,5400.238716486073,0b21e6c4-230b-4a54-be50-a258347ccdf1,47.7052195,-123.9606225
2021-02-24,2680.3220839360592,0b21e6c4-230b-4a54-be50-a258347ccdf1,47.7052195,-123.9606225
2021-02-25,2489.1370397663673,0b21e6c4-230b-4a54-be50-a258347ccdf1,47.7052195,-123.9606225
2021-02-26,1088.5073919411918,0b21e6c4-230b-4a54-be50-a258347ccdf1,47.7052195,-123.9606225
2021-02-27,3169.3722672562,0b21e6c4-230b-4a54-be50-a258347ccdf1,47.7052195,-123.9606225
2021-02-28,1000.1457053958894,0b21e6c4-230b-4a54-be50-a258347ccdf1,47.7052195,-123.9606225
2021-03-01,4316.168286070395,0b21e6c4-230b-4a54-be50-a258347ccdf1,47.7052195,-123.9606225
2021-03-02,1518.8889343777576,0b21e6c4-230b-4a54-be50-a258347ccdf1,47.7052195,-123.9606225
2021-03-03,1652.6337463722627,0b21e6c4-230b-4a54-be50-a258347ccdf1,47.7052195,-123.9606225
2021-03-04,3195.629506809683,0b21e6c4-230b-4a54-be50-a258347ccdf1,47.7052195,-123.9606225
2021-03-05,5367.1319995996955,0b21e6c4-230b-4a54-be50-a258347ccdf1,47.7052195,-123.9606225
2021-03-06,4218.21503043205,0b21e6c4-230b-4a54-be50-a258347ccdf1,47.7052195,-123.9606225
2021-03-07,2675.544961197992,0b21e6c4-230b-4a54-be50-a258347ccdf1,47.7052195,-123.9606225
2021-03-08,3033.3167981294973,0b21e6c4-230b-4a54-be50-a258347ccdf1,47.7052195,-123.9606225
2021-03-09,2540.9150677329235,0b21e6c4-230b-4a54-be50-a258347ccdf1,47.7052195,-123.9606225
2021-03-10,1552.8817471364753,0b21e6c4-230b-4a54-be50-a258347ccdf1,47.7052195,-123.9606225
2021-03-11,8.77042222768086,0b21e6c4-230b-4a54-be50-a258347ccdf1,47.7052195,-123.9606225
2021-03-12,1633.6661890335422,0b21e6c4-230b-4a54-be50-a258347ccdf1,47.7052195,-123.9606225
2021-03-13,958.9816998280517,0b21e6c4-230b-4a54-be50-a258347ccdf1,47.7052195,-123.9606225
2021-03-14,4681.570585077829,0b21e6c4-230b-4a54-be50-a258347ccdf1,47.7052195,-123.9606225
2021-03-15,1352.7510303228796,0b21e6c4-230b-4a54-be50-a258347ccdf1,47.7052195,-123.9606225
2021-03-16,1411.6868773711049,0b21e6c4-230b-4a54-be50-a258347ccdf1,47.7052195,-123.9606225
2021-03-17,1995.85302091578,0b21e6c4-230b-4a54-be50-a258347ccdf1,47.7052195,-123.9606225
2021-03-18,4303.965992521627,0b21e6c4-230b-4a54-be50-a258347ccdf1,47.7052195,-123.9606225
2021-03-19,4847.668081370485,0b21e6c4-230b-4a54-be50-a258347ccdf1,47.7052195,-123.9606225
2021-03-20,1503.6797629120153,0b21e6c4-230b-4a54-be50-a258347ccdf1,47.7052195,-123.9606225
2021-03-21,2994.969758999971,0b21e6c4-230b-4a54-be50-a258347ccdf1,47.7052195,-123.9606225
2021-03-22,1198.659256529926,0b21e6c4-230b-4a54-be50-a258347ccdf1,47.7052195,-123.9606225
2021-03-23,1093.5203107799516,0b21e6c4-230b-4a54-be50-a258347ccdf1,47.7052195,-123.9606225
2021-03-24,2889.4023126540906,0b21e6c4-230b-4a54-be50-a258347ccdf1,47.7052195,-123.9606225
2021-03-25,2212.3086283286466,0b21e6c4-230b-4a54-be50-a258347ccdf1,47.7052195,-123.9606225
2021-03-26,-110.43899487795332,0b21e6c4-230b-4a54-be50-a258347ccdf1,47.7052195,-123.9606225
2021-03-27,-450.4452677929708,0b21e6c4-230b-4a54-be50-a258347ccdf1,47.7052195,-123.9606225
2021-03-28,4054.2457672607525,0b21e6c4-230b-4a54-be50-a258347ccdf1,47.7052195,-123.9606225
2021-03-29,356.48467480007605,0b21e6c4-230b-4a54-be50-a258347ccdf1,47.7052195,-123.9606225
2021-03-30,491.0258194819727,0b21e6c4-230b-4a54-be50-a258347ccdf1,47.7052195,-123.9606225
2021-03-31,-106.7580310597997,0b21e6c4-230b-4a54-be50-a258347ccdf1,47.7052195,-123.9606225
2021-04-01,108.76486803679146,0b21e6c4-230b-4a54-be50-a258347ccdf1,47.7052195,-123.9606225
2021-04-02,1028.4510221348833,0b21e6c4-230b-4a54-be50-a258347ccdf1,47.7052195,-123.9606225
2021-04-03,3138.6419571130923,0b21e6c4-230b-4a54-be50-a258347ccdf1,47.7052195,-123.9606225
2021-04-04,1591.0260469263164,0b21e6c4-230b-4a54-be50-a258347ccdf1,47.7052195,-123.9606225
2021-04-05,-862.403950253372,0b21e6c4-230b-4a54-be50-a258347ccdf1,47.7052195,-123.9606225
2021-04-06,1076.2487012927932,0b21e6c4-230b-4a54-be50-a258347ccdf1,47.7052195,-123.9606225
2021-04-07,2400.421745498875,0b21e6c4-230b-4a54-be50-a258347ccdf1,47.7052195,-123.9606225
2021-04-08,5646.8965856055,0b21e6c4-230b-4a54-be50-a258347ccdf1,47.7052195,-123.9606225
2021-04-09,2359.892659916117,0b21e6c4-230b-4a54-be50-a258347ccdf1,47.7052195,-123.9606225
2021-04-10,4041.218141870684,0b21e6c4-230b-4a54-be50-a258347ccdf1,47.7052195,-123.9606225
2021-04-11,681.3383962444386,0b21e6c4-230b-4a54-be50-a258347ccdf1,47.7052195,-123.9606225
2021-04-12,-1301.6558767069696,0b21e6c4-230b-4a54-be50-a258347ccdf1,47.7052195,-123.9606225
2021-04-13,467.39563488814275,0b21e6c4-230b-4a54-be50-a258347ccdf1,47.7052195,-123.9606225
2021-04-14,-1186.7724828734401,0b21e6c4-230b-4a54-be50-a258347ccdf1,47.7052195,-123.9606225
2021-04-15,-188.45649899469592,0b21e6c4-230b-4a54-be50-a258347ccdf1,47.7052195,-123.9606225
2021-04-16,-715.2250516298654,0b21e6c4-230b-4a54-be50-a258347ccdf1,47.7052195,-123.9606225
2021-04-17,-897.8177261024224,0b21e6c4-230b-4a54-be50-a258347ccdf1,47.7052195,-123.9606225
2021-04-18,1310.1875551552528,0b21e6c4-230b-4a54-be50-a258347ccdf1,47.7052195,-123.9606225
2021-04-19,-728.813850450794,0b21e6c4-230b-4a54-be50-a258347ccdf1,47.7052195,-123.9606225
2021-04-20,212.1554627582627,0b21e6c4-230b-4a54-be50-a258347ccdf1,47.7052195,-123.9606225
2021-04-21,-1240.9652465041804,0b21e6c4-230b-4a54-be50-a258347ccdf1,47.7052195,-123.9606225
2021-04-22,-169.21023590527392,0b21e6c4-230b-4a54-be50-a258347ccdf1,47.7052195,-123.9606225
2021-04-23,3491.0300499467767,0b21e6c4-230b-4a54-be50-a258347ccdf1,47.7052195,-123.9606225
2021-04-24,5698.679999454129,0b21e6c4-230b-4a54-be50-a258347ccdf1,47.7052195,-123.9606225
2021-04-25,2358.737124375662,0b21e6c4-230b-4a54-be50-a258347ccdf1,47.7052195,-123.9606225
2021-04-26,837.6940282212937,0b21e6c4-230b-4a54-be50-a258347ccdf1,47.7052195,-123.9606225
2021-04-27,2193.81356387092,0b21e6c4-230b-4a54-be50-a258347ccdf1,47.7052195,-123.9606225
2021-04-28,2995.434277682247,0b21e6c4-230b-4a54-be50-a258347ccdf1,47.7052195,-123.9606225
2021-04-29,769.5604501578459,0b21e6c4-230b-4a54-be50-a258347ccdf1,47.7052195,-123.9606225
2021-04-30,1430.7739521639048,0b21e6c4-230b-4a54-be50-a258347ccdf1,47.7052195,-123.9606225
2021-05-01,389.6536113612998,0b21e6c4-230b-4a54-be50-a258347ccdf1,47.7052195,-123.9606225
2021-05-02,-449.27957913698486,0b21e6c4-230b-4a54-be50-a258347ccdf1,47.7052195,-123.9606225
2021-05-03,3743.2293503279698,0b21e6c4-230b-4a54-be50-a258347ccdf1,47.7052195,-123.9606225
2021-05-04,280.6302391804723,0b21e6c4-230b-4a54-be50-a258347ccdf1,47.7052195,-123.9606225
2021-05-05,2596.162195110856,0b21e6c4-230b-4a54-be50-a258347ccdf1,47.7052195,-123.9606225
2021-05-06,4562.525296359978,0b21e6c4-230b-4a54-be50-a258347ccdf1,47.7052195,-123.9606225
2021-05-07,4682.776654202713,0b21e6c4-230b-4a54-be50-a258347ccdf1,47.7052195,-123.9606225
2021-05-08,2923.3405888079174,0b21e6c4-230b-4a54-be50-a258347ccdf1,47.7052195,-123.9606225
2021-05-09,506.18400702348106,0b21e6c4-230b-4a54-be50-a258347ccdf1,47.7052195,-123.9606225
2021-05-10,-619.1151550715537,0b21e6c4-230b-4a54-be50-a258347ccdf1,47.7052195,-123.9606225
2021-05-11,-596.4594648689463,0b21e6c4-230b-4a54-be50-a258347ccdf1,47.7052195,-123.9606225
2021-05-12,-233.39709508083357,0b21e6c4-230b-4a54-be50-a258347ccdf1,47.7052195,-123.9606225
2021-05-13,-421.0266064394039,0b21e6c4-230b-4a54-be50-a258347ccdf1,47.7052195,-123.9606225
2021-05-14,-1920.2494837013367,0b21e6c4-230b-4a54-be50-a258347ccdf1,47.7052195,-123.9606225
2021-05-15,210.32779733799134,0b21e6c4-230b-4a54-be50-a258347ccdf1,47.7052195,-123.9606225
2021-05-16,-1508.956444408052,0b21e6c4-230b-4a54-be50-a258347ccdf1,47.7052195,-123.9606225
2021-05-17,4848.1200997115975,0b21e6c4-230b-4a54-be50-a258347ccdf1,47.7052195,-123.9606225
2021-05-18,437.241113749465,0b21e6c4-230b-4a54-be50-a258347ccdf1,47.7052195,-123.9606225
2021-05-19,780.5925607503841,0b21e6c4-230b-4a54-be50-a258347ccdf1,47.7052195,-123.9606225
2021-05-20,983.5744652783453,0b21e6c4-230b-4a54-be50-a258347ccdf1,47.7052195,-123.9606225
2021-05-21,-1788.083535758798,0b21e6c4-230b-4a54-be50-a258347ccdf1,47.7052195,-123.9606225
2021-05-22,143.6147229272996,0b21e6c4-230b-4a54-be50-a258347ccdf1,47.7052195,-123.9606225
2021-05-23,407.83620368095876,0b21e6c4-230b-4a54-be50-a258347ccdf1,47.7052195,-123.9606225
2021-05-24,1483.6906574961106,0b21e6c4-230b-4a54-be50-a258347ccdf1,47.7052195,-123.9606225
2021-05-25,1563.220370825258,0b21e6c4-230b-4a54-be50-a258347ccdf1,47.7052195,-123.9606225
2021-05-26,4530.581097555426,0b21e6c4-230b-4a54-be50-a258347ccdf1,47.7052195,-123.9606225
2021-05-27,2014.2293230346527,0b21e6c4-230b-4a54-be50-a258347ccdf1,47.7052195,-123.9606225
2021-05-28,646.3522203116895,0b21e6c4-230b-4a54-be50-a258347ccdf1,47.7052195,-123.9606225
2021-05-29,397.5757025755793,0b21e6c4-230b-4a54-be50-a258347ccdf1,47.7052195,-123.9606225
2021-05-30,5113.139587143022,0b21e6c4-230b-4a54-be50-a258347ccdf1,47.7052195,-123.9606225
2021-05-31,587.0820528216741,0b21e6c4-230b-4a54-be50-a258347ccdf1,47.7052195,-123.9606225
2021-06-01,-1928.7024709553566,0b21e6c4-230b-4a54-be50-a258347ccdf1,47.7052195,-123.9606225
2021-06-02,-810.4548750420765,0b21e6c4-230b-4a54-be50-a258347ccdf1,47.7052195,-123.9606225
2021-06-03,-267.0239498894618,0b21e6c4-230b-4a54-be50-a258347ccdf1,47.7052195,-123.9606225
2021-06-04,2016.4547294776962,0b21e6c4-230b-4a54-be50-a258347ccdf1,47.7052195,-123.9606225
2021-06-05,1615.9507992394265,0b21e6c4-230b-4a54-be50-a258347ccdf1,47.7052195,-123.9606225
2021-06-06,6791.848371953381,0b21e6c4-230b-4a54-be50-a258347ccdf1,47.7052195,-123.9606225
2021-06-07,1295.158446828061,0b21e6c4-230b-4a54-be50-a258347ccdf1,47.7052195,-123.9606225
2021-06-08,310.76803406206477,0b21e6c4-230b-4a54-be50-a258347ccdf1,47.7052195,-123.9606225
2021-06-09,1897.6526833883743,0b21e6c4-230b-4a54-be50-a258347ccdf1,47.7052195,-123.9606225
2021-06-10,2121.195684016119,0b21e6c4-230b-4a54-be50-a258347ccdf1,47.7052195,-123.9606225
2021-06-11,6136.979175195828,0b21e6c4-230b-4a54-be50-a258347ccdf1,47.7052195,-123.9606225
2021-06-12,53.85351219556566,0b21e6c4-230b-4a54-be50-a258347ccdf1,47.7052195,-123.9606225
2021-06-13,3383.9385809292457,0b21e6c4-230b-4a54-be50-a258347ccdf1,47.7052195,-123.9606225
2021-06-14,1652.834379577316,0b21e6c4-230b-4a54-be50-a258347ccdf1,47.7052195,-123.9606225
2021-06-15,1959.7371471200995,0b21e6c4-230b-4a54-be50-a258347ccdf1,47.7052195,-123.9606225
2021-06-16,-304.7678884976844,0b21e6c4-230b-4a54-be50-a258347ccdf1,47.7052195,-123.9606225
2021-06-17,-1593.6354431070704,0b21e6c4-230b-4a54-be50-a258347ccdf1,47.7052195,-123.9606225
2021-06-18,62.70453160111706,0b21e6c4-230b-4a54-be50-a258347ccdf1,47.7052195,-123.9606225
2021-06-19,-356.71060436511164,0b21e6c4-230b-4a54-be50-a258347ccdf1,47.7052195,-123.9606225
2021-06-20,-1164.595831400055,0b21e6c4-230b-4a54-be50-a258347ccdf1,47.7052195,-123.9606225
2021-06-21,1154.3246313127177,0b21e6c4-230b-4a54-be50-a258347ccdf1,47.7052195,-123.9606225
2021-06-22,-1505.2824449357224,0b21e6c4-230b-4a54-be50-a258347ccdf1,47.7052195,-123.9606225
2021-06-23,879.241932549105,0b21e6c4-230b-4a54-be50-a258347ccdf1,47.7052195,-123.9606225
2021-06-24,-1557.055159802395,0b21e6c4-230b-4a54-be50-a258347ccdf1,47.7052195,-123.9606225
2021-06-25,24.588002765723218,0b21e6c4-230b-4a54-be50-a258347ccdf1,47.7052195,-123.9606225
2021-06-26,-1296.977382934395,0b21e6c4-230b-4a54-be50-a258347ccdf1,47.7052195,-123.9606225
2021-06-27,-565.9105279438118,0b21e6c4-230b-4a54-be50-a258347ccdf1,47.7052195,-123.9606225
2021-06-28,-738.745089476605,0b21e6c4-230b-4a54-be50-a258347ccdf1,47.7052195,-123.9606225
2021-06-29,-978.7513805871697,0b21e6c4-230b-4a54-be50-a258347ccdf1,47.7052195,-123.9606225
2021-06-30,918.2684753040925,0b21e6c4-230b-4a54-be50-a258347ccdf1,47.7052195,-123.9606225
2021-07-01,1073.9661335371227,0b21e6c4-230b-4a54-be50-a258347ccdf1,47.7052195,-123.9606225
2021-07-02,-274.6047108272605,0b21e6c4-230b-4a54-be50-a258347ccdf1,47.7052195,-123.9606225
2021-07-03,-1368.299107508393,0b21e6c4-230b-4a54-be50-a258347ccdf1,47.7052195,-123.9606225
2021-07-04,444.93675227671736,0b21e6c4-230b-4a54-be50-a258347ccdf1,47.7052195,-123.9606225
2021-07-05,-496.16705332205163,0b21e6c4-230b-4a54-be50-a258347ccdf1,47.7052195,-123.9606225
2021-07-06,-873.5697071426612,0b21e6c4-230b-4a54-be50-a258347ccdf1,47.7052195,-123.9606225
2021-07-07,935.0367913971448,0b21e6c4-230b-4a54-be50-a258347ccdf1,47.7052195,-123.9606225
2021-07-08,414.64903518109105,0b21e6c4-230b-4a54-be50-a258347ccdf1,47.7052195,-123.9606225
2021-07-09,1119.398873695606,0b21e6c4-230b-4a54-be50-a258347ccdf1,47.7052195,-123.9606225
2021-07-10,-1517.5761119753988,0b21e6c4-230b-4a54-be50-a258347ccdf1,47.7052195,-123.9606225
2021-07-11,181.21959296560124,0b21e6c4-230b-4a54-be50-a258347ccdf1,47.7052195,-123.9606225
2021-07-12,-1084.8356396189847,0b21e6c4-230b-4a54-be50-a258347ccdf1,47.7052195,-123.9606225
2021-07-13,-361.0405487777141,0b21e6c4-230b-4a54-be50-a258347ccdf1,47.7052195,-123.9606225
2021-07-14,9.993108436365612,0b21e6c4-230b-4a54-be50-a258347ccdf1,47.7052195,-123.9606225
2021-07-15,-1027.986767288044,0b21e6c4-230b-4a54-be50-a258347ccdf1,47.7052195,-123.9606225
2021-07-16,633.3133227799152,0b21e6c4-230b-4a54-be50-a258347ccdf1,47.7052195,-123.9606225
2021-07-17,1001.6204545247773,0b21e6c4-230b-4a54-be50-a258347ccdf1,47.7052195,-123.9606225
2021-07-18,-481.9585050538128,0b21e6c4-230b-4a54-be50-a258347ccdf1,47.7052195,-123.9606225
2021-07-19,-1645.9943366358243,0b21e6c4-230b-4a54-be50-a258347ccdf1,47.7052195,-123.9606225
2021-07-20,-566.6052748892342,0b21e6c4-230b-4a54-be50-a258347ccdf1,47.7052195,-123.9606225
2021-07-21,14.929888006404816,0b21e6c4-230b-4a54-be50-a258347ccdf1,47.7052195,-123.9606225
2021-07-22,-582.5268566281826,0b21e6c4-230b-4a54-be50-a258347ccdf1,47.7052195,-123.9606225
2021-07-23,845.7613017094712,0b21e6c4-230b-4a54-be50-a258347ccdf1,47.7052195,-123.9606225
2021-07-24,-1620.391227016747,0b21e6c4-230b-4a54-be50-a258347ccdf1,47.7052195,-123.9606225
2021-07-25,472.4417787967282,0b21e6c4-230b-4a54-be50-a258347ccdf1,47.7052195,-123.9606225
2021-07-26,-1647.4178289072645,0b21e6c4-230b-4a54-be50-a258347ccdf1,47.7052195,-123.9606225
2021-07-27,184.15779633723628,0b21e6c4-230b-4a54-be50-a258347ccdf1,47.7052195,-123.9606225
2021-07-28,-948.742469317758,0b21e6c4-230b-4a54-be50-a258347ccdf1,47.7052195,-123.9606225
2021-07-29,-678.2312244693717,0b21e6c4-230b-4a54-be50-a258347ccdf1,47.7052195,-123.9606225
2021-07-30,-861.7509393451414,0b21e6c4-230b-4a54-be50-a258347ccdf1,47.7052195,-123.9606225
2021-07-31,259.47193791679143,0b21e6c4-230b-4a54-be50-a258347ccdf1,47.7052195,-123.9606225
2021-08-01,3184.267606466695,0b21e6c4-230b-4a54-be50-a258347ccdf1,47.7052195,-123.9606225
2021-08-02,-1155.0287990028837,0b21e6c4-230b-4a54-be50-a258347ccdf1,47.7052195,-123.9606225
2021-08-03,374.49903108709293,0b21e6c4-230b-4a54-be50-a258347ccdf1,47.7052195,-123.9606225
2021-08-04,-1647.9334406870632,0b21e6c4-230b-4a54-be50-a258347ccdf1,47.7052195,-123.9606225
2021-08-05,-220.12526269821754,0b21e6c4-230b-4a54-be50-a258347ccdf1,47.7052195,-123.9606225
2021-08-06,10.749524641320267,0b21e6c4-230b-4a54-be50-a258347ccdf1,47.7052195,-123.9606225
2021-08-07,1693.4055742059911,0b21e6c4-230b-4a54-be50-a258347ccdf1,47.7052195,-123.9606225
2021-08-08,776.0312826951239,0b21e6c4-230b-4a54-be50-a258347ccdf1,47.7052195,-123.9606225
2021-08-09,-975.2791788349385,0b21e6c4-230b-4a54-be50-a258347ccdf1,47.7052195,-123.9606225
2021-08-10,505.4437211714291,0b21e6c4-230b-4a54-be50-a258347ccdf1,47.7052195,-123.9606225
2021-08-11,-2003.7844964837093,0b21e6c4-230b-4a54-be50-a258347ccdf1,47.7052195,-123.9606225
2021-08-12,1004.8287617020111,0b21e6c4-230b-4a54-be50-a258347ccdf1,47.7052195,-123.9606225
2021-08-13,828.4730160029834,0b21e6c4-230b-4a54-be50-a258347ccdf1,47.7052195,-123.9606225
2021-08-14,3468.4660425593843,0b21e6c4-230b-4a54-be50-a258347ccdf1,47.7052195,-123.9606225
2021-08-15,-159.41145591673703,0b21e6c4-230b-4a54-be50-a258347ccdf1,47.7052195,-123.9606225
2021-08-16,1561.8020915781888,0b21e6c4-230b-4a54-be50-a258347ccdf1,47.7052195,-123.9606225
2021-08-17,190.15454843199845,0b21e6c4-230b-4a54-be50-a258347ccdf1,47.7052195,-123.9606225
2021-08-18,-1562.7438658260314,0b21e6c4-230b-4a54-be50-a258347ccdf1,47.7052195,-123.9606225
2021-08-19,1205.208475486048,0b21e6c4-230b-4a54-be50-a258347ccdf1,47.7052195,-123.9606225
2021-08-20,-30.073842080842798,0b21e6c4-230b-4a54-be50-a258347ccdf1,47.7052195,-123.9606225
2021-08-21,1511.4587188514968,0b21e6c4-230b-4a54-be50-a258347ccdf1,47.7052195,-123.9606225
2021-08-22,531.6633323325781,0b21e6c4-230b-4a54-be50-a258347ccdf1,47.7052195,-123.9606225
2021-08-23,-559.6884103459882,0b21e6c4-230b-4a54-be50-a258347ccdf1,47.7052195,-123.9606225
2021-08-24,1167.7771682269342,0b21e6c4-230b-4a54-be50-a258347ccdf1,47.7052195,-123.9606225
2021-08-25,-933.7562524450257,0b21e6c4-230b-4a54-be50-a258347ccdf1,47.7052195,-123.9606225
2021-08-26,2220.3489769553385,0b21e6c4-230b-4a54-be50-a258347ccdf1,47.7052195,-123.9606225
2021-08-27,567.450521757326,0b21e6c4-230b-4a54-be50-a258347ccdf1,47.7052195,-123.9606225
2021-08-28,-47.67011017404038,0b21e6c4-230b-4a54-be50-a258347ccdf1,47.7052195,-123.9606225
2021-08-29,-1048.9051102195288,0b21e6c4-230b-4a54-be50-a258347ccdf1,47.7052195,-123.9606225
2021-08-30,2598.660925971411,0b21e6c4-230b-4a54-be50-a258347ccdf1,47.7052195,-123.9606225
2021-08-31,978.0672279993076,0b21e6c4-230b-4a54-be50-a258347ccdf1,47.7052195,-123.9606225
2021-09-01,-1098.866831336372,0b21e6c4-230b-4a54-be50-a258347ccdf1,47.7052195,-123.9606225
2021-09-02,1050.3913452878073,0b21e6c4-230b-4a54-be50-a258347ccdf1,47.7052195,-123.9606225
2021-09-03,5365.574729113778,0b21e6c4-230b-4a54-be50-a258347ccdf1,47.7052195,-123.9606225
2021-09-04,1290.2195747700525,0b21e6c4-230b-4a54-be50-a258347ccdf1,47.7052195,-123.9606225
2021-09-05,1436.4609250616356,0b21e6c4-230b-4a54-be50-a258347ccdf1,47.7052195,-123.9606225
2021-09-06,-749.7489605793457,0b21e6c4-230b-4a54-be50-a258347ccdf1,47.7052195,-123.9606225
2021-09-07,-540.3609632722871,0b21e6c4-230b-4a54-be50-a258347ccdf1,47.7052195,-123.9606225
2021-09-08,-524.8692649908567,0b21e6c4-230b-4a54-be50-a258347ccdf1,47.7052195,-123.9606225
2021-09-09,474.957026665575,0b21e6c4-230b-4a54-be50-a258347ccdf1,47.7052195,-123.9606225
2021-09-10,2291.8765204654414,0b21e6c4-230b-4a54-be50-a258347ccdf1,47.7052195,-123.9606225
2021-09-11,2842.71135038256,0b21e6c4-230b-4a54-be50-a258347ccdf1,47.7052195,-123.9606225
2021-09-12,123.68483492089476,0b21e6c4-230b-4a54-be50-a258347ccdf1,47.7052195,-123.9606225
2021-09-13,-626.534089358334,0b21e6c4-230b-4a54-be50-a258347ccdf1,47.7052195,-123.9606225
2021-09-14,2293.1866726711964,0b21e6c4-230b-4a54-be50-a258347ccdf1,47.7052195,-123.9606225
2021-09-15,1725.6825104396944,0b21e6c4-230b-4a54-be50-a258347ccdf1,47.7052195,-123.9606225
2021-09-16,-431.66053021825553,0b21e6c4-230b-4a54-be50-a258347ccdf1,47.7052195,-123.9606225
2021-09-17,6180.398837304507,0b21e6c4-230b-4a54-be50-a258347ccdf1,47.7052195,-123.9606225
2021-09-18,850.1783982459491,0b21e6c4-230b-4a54-be50-a258347ccdf1,47.7052195,-123.9606225
2021-09-19,1428.1821465287449,0b21e6c4-230b-4a54-be50-a258347ccdf1,47.7052195,-123.9606225
2021-09-20,574.8416350519022,0b21e6c4-230b-4a54-be50-a258347ccdf1,47.7052195,-123.9606225
2021-09-21,-827.4761274416145,0b21e6c4-230b-4a54-be50-a258347ccdf1,47.7052195,-123.9606225
2021-09-23,165.6554764049237,0b21e6c4-230b-4a54-be50-a258347ccdf1,47.7052195,-123.9606225
2021-09-24,-281.92891909349754,0b21e6c4-230b-4a54-be50-a258347ccdf1,47.7052195,-123.9606225
2021-09-25,1603.0539770918044,0b21e6c4-230b-4a54-be50-a258347ccdf1,47.7052195,-123.9606225
2021-09-26,4572.784760319149,0b21e6c4-230b-4a54-be50-a258347ccdf1,47.7052195,-123.9606225
2021-09-27,3221.4291101467456,0b21e6c4-230b-4a54-be50-a258347ccdf1,47.7052195,-123.9606225
2021-09-28,-58.01499768006762,0b21e6c4-230b-4a54-be50-a258347ccdf1,47.7052195,-123.9606225
2021-09-29,2260.743001537521,0b21e6c4-230b-4a54-be50-a258347ccdf1,47.7052195,-123.9606225
2021-09-30,2794.6788349390886,0b21e6c4-230b-4a54-be50-a258347ccdf1,47.7052195,-123.9606225
2021-10-01,154.1764058334923,0b21e6c4-230b-4a54-be50-a258347ccdf1,47.7052195,-123.9606225
2021-10-02,-398.74492116778987,0b21e6c4-230b-4a54-be50-a258347ccdf1,47.7052195,-123.9606225
2021-10-03,406.7224041776979,0b21e6c4-230b-4a54-be50-a258347ccdf1,47.7052195,-123.9606225
2021-10-04,320.1696279920301,0b21e6c4-230b-4a54-be50-a258347ccdf1,47.7052195,-123.9606225
2021-10-05,4287.4268675455105,0b21e6c4-230b-4a54-be50-a258347ccdf1,47.7052195,-123.9606225
2021-10-06,1310.7091987590634,0b21e6c4-230b-4a54-be50-a258347ccdf1,47.7052195,-123.9606225
2021-10-07,-135.06310670778853,0b21e6c4-230b-4a54-be50-a258347ccdf1,47.7052195,-123.9606225
2021-10-08,-500.20148839578906,0b21e6c4-230b-4a54-be50-a258347ccdf1,47.7052195,-123.9606225
2021-10-09,1895.8359716877267,0b21e6c4-230b-4a54-be50-a258347ccdf1,47.7052195,-123.9606225
2021-10-10,4059.4061018768666,0b21e6c4-230b-4a54-be50-a258347ccdf1,47.7052195,-123.9606225
2021-10-11,431.680104078532,0b21e6c4-230b-4a54-be50-a258347ccdf1,47.7052195,-123.9606225
2021-10-12,5089.870088339379,0b21e6c4-230b-4a54-be50-a258347ccdf1,47.7052195,-123.9606225
2021-10-13,2481.346625180817,0b21e6c4-230b-4a54-be50-a258347ccdf1,47.7052195,-123.9606225
2021-10-14,2889.8371862405274,0b21e6c4-230b-4a54-be50-a258347ccdf1,47.7052195,-123.9606225
2021-10-15,5736.884703912953,0b21e6c4-230b-4a54-be50-a258347ccdf1,47.7052195,-123.9606225
2021-10-16,2984.941433081326,0b21e6c4-230b-4a54-be50-a258347ccdf1,47.7052195,-123.9606225
2021-10-17,3925.794886141361,0b21e6c4-230b-4a54-be50-a258347ccdf1,47.7052195,-123.9606225
2021-10-18,85.77884676619622,0b21e6c4-230b-4a54-be50-a258347ccdf1,47.7052195,-123.9606225
2021-10-19,4445.529613253634,0b21e6c4-230b-4a54-be50-a258347ccdf1,47.7052195,-123.9606225
2021-10-20,2814.879418106388,0b21e6c4-230b-4a54-be50-a258347ccdf1,47.7052195,-123.9606225
2021-10-21,4102.1584968658135,0b21e6c4-230b-4a54-be50-a258347ccdf1,47.7052195,-123.9606225
2021-10-22,1354.701329184748,0b21e6c4-230b-4a54-be50-a258347ccdf1,47.7052195,-123.9606225
2021-10-23,1657.9370706987993,0b21e6c4-230b-4a54-be50-a258347ccdf1,47.7052195,-123.9606225
2021-10-24,3108.843354531143,0b21e6c4-230b-4a54-be50-a258347ccdf1,47.7052195,-123.9606225
2021-10-25,3855.3942884176204,0b21e6c4-230b-4a54-be50-a258347ccdf1,47.7052195,-123.9606225
2021-10-26,5876.096509184197,0b21e6c4-230b-4a54-be50-a258347ccdf1,47.7052195,-123.9606225
2021-10-27,3213.1914262579935,0b21e6c4-230b-4a54-be50-a258347ccdf1,47.7052195,-123.9606225
2021-10-28,5329.451545256871,0b21e6c4-230b-4a54-be50-a258347ccdf1,47.7052195,-123.9606225
2021-10-29,1827.032856609986,0b21e6c4-230b-4a54-be50-a258347ccdf1,47.7052195,-123.9606225
2021-10-30,-307.68547176505894,0b21e6c4-230b-4a54-be50-a258347ccdf1,47.7052195,-123.9606225
2021-10-31,1269.9501760419212,0b21e6c4-230b-4a54-be50-a258347ccdf1,47.7052195,-123.9606225
2021-11-01,3431.638595485684,0b21e6c4-230b-4a54-be50-a258347ccdf1,47.7052195,-123.9606225
2021-11-02,4559.76447228363,0b21e6c4-230b-4a54-be50-a258347ccdf1,47.7052195,-123.9606225
2021-11-03,4990.877334716187,0b21e6c4-230b-4a54-be50-a258347ccdf1,47.7052195,-123.9606225
2021-11-04,3094.911678812194,0b21e6c4-230b-4a54-be50-a258347ccdf1,47.7052195,-123.9606225
2021-11-05,3843.153998016681,0b21e6c4-230b-4a54-be50-a258347ccdf1,47.7052195,-123.9606225
2021-11-06,8019.672325481948,0b21e6c4-230b-4a54-be50-a258347ccdf1,47.7052195,-123.9606225
2021-11-07,3261.160575707124,0b21e6c4-230b-4a54-be50-a258347ccdf1,47.7052195,-123.9606225
2021-11-08,935.7295823212054,0b21e6c4-230b-4a54-be50-a258347ccdf1,47.7052195,-123.9606225
2021-11-09,4724.760774038588,0b21e6c4-230b-4a54-be50-a258347ccdf1,47.7052195,-123.9606225
2021-11-10,1499.4725429187467,0b21e6c4-230b-4a54-be50-a258347ccdf1,47.7052195,-123.9606225
2021-11-11,5018.999654284592,0b21e6c4-230b-4a54-be50-a258347ccdf1,47.7052195,-123.9606225
2021-11-12,2925.215335207471,0b21e6c4-230b-4a54-be50-a258347ccdf1,47.7052195,-123.9606225
2021-11-13,3915.1963799958125,0b21e6c4-230b-4a54-be50-a258347ccdf1,47.7052195,-123.9606225
2021-11-14,4149.580933795497,0b21e6c4-230b-4a54-be50-a258347ccdf1,47.7052195,-123.9606225
2021-11-15,4895.94106917037,0b21e6c4-230b-4a54-be50-a258347ccdf1,47.7052195,-123.9606225
2021-11-16,424.68368405251215,0b21e6c4-230b-4a54-be50-a258347ccdf1,47.7052195,-123.9606225
2021-11-17,1276.726298024872,0b21e6c4-230b-4a54-be50-a258347ccdf1,47.7052195,-123.9606225
2021-11-18,4643.744102368148,0b21e6c4-230b-4a54-be50-a258347ccdf1,47.7052195,-123.9606225
2021-11-19,1701.4199259441205,0b21e6c4-230b-4a54-be50-a258347ccdf1,47.7052195,-123.9606225
2021-11-20,1338.585164260304,0b21e6c4-230b-4a54-be50-a258347ccdf1,47.7052195,-123.9606225
2021-11-21,4906.203098701745,0b21e6c4-230b-4a54-be50-a258347ccdf1,47.7052195,-123.9606225
2021-11-22,1989.120782044633,0b21e6c4-230b-4a54-be50-a258347ccdf1,47.7052195,-123.9606225
2021-11-23,750.4345142243689,0b21e6c4-230b-4a54-be50-a258347ccdf1,47.7052195,-123.9606225
2021-11-24,2124.184070707897,0b21e6c4-230b-4a54-be50-a258347ccdf1,47.7052195,-123.9606225
2021-11-25,4300.807522949131,0b21e6c4-230b-4a54-be50-a258347ccdf1,47.7052195,-123.9606225
2021-11-26,2739.226425393706,0b21e6c4-230b-4a54-be50-a258347ccdf1,47.7052195,-123.9606225
2021-11-27,4871.005331295429,0b21e6c4-230b-4a54-be50-a258347ccdf1,47.7052195,-123.9606225
2021-11-28,3096.7718323826143,0b21e6c4-230b-4a54-be50-a258347ccdf1,47.7052195,-123.9606225
2021-11-29,2143.1721662709124,0b21e6c4-230b-4a54-be50-a258347ccdf1,47.7052195,-123.9606225
2021-11-30,2813.7852152078385,0b21e6c4-230b-4a54-be50-a258347ccdf1,47.7052195,-123.9606225
2021-12-01,3248.6667439977427,0b21e6c4-230b-4a54-be50-a258347ccdf1,47.7052195,-123.9606225
2021-12-02,965.7041494946183,0b21e6c4-230b-4a54-be50-a258347ccdf1,47.7052195,-123.9606225
2021-12-03,133.22273624644043,0b21e6c4-230b-4a54-be50-a258347ccdf1,47.7052195,-123.9606225
2021-12-04,2387.5894402139793,0b21e6c4-230b-4a54-be50-a258347ccdf1,47.7052195,-123.9606225
2021-12-05,2343.0403304311412,0b21e6c4-230b-4a54-be50-a258347ccdf1,47.7052195,-123.9606225
2021-12-06,2454.549983169116,0b21e6c4-230b-4a54-be50-a258347ccdf1,47.7052195,-123.9606225
2021-12-07,1960.5835630521196,0b21e6c4-230b-4a54-be50-a258347ccdf1,47.7052195,-123.9606225
2021-12-08,5030.0565199195735,0b21e6c4-230b-4a54-be50-a258347ccdf1,47.7052195,-123.9606225
2021-12-09,3094.302655640162,0b21e6c4-230b-4a54-be50-a258347ccdf1,47.7052195,-123.9606225
2021-12-10,3601.7536231884033,0b21e6c4-230b-4a54-be50-a258347ccdf1,47.7052195,-123.9606225
2021-12-11,2844.9495164533255,0b21e6c4-230b-4a54-be50-a258347ccdf1,47.7052195,-123.9606225
2021-12-12,3672.1061346288557,0b21e6c4-230b-4a54-be50-a258347ccdf1,47.7052195,-123.9606225
2021-12-13,3135.0596040648834,0b21e6c4-230b-4a54-be50-a258347ccdf1,47.7052195,-123.9606225
2021-12-14,776.8139505263056,0b21e6c4-230b-4a54-be50-a258347ccdf1,47.7052195,-123.9606225
2021-12-15,3920.496392732698,0b21e6c4-230b-4a54-be50-a258347ccdf1,47.7052195,-123.9606225
2021-12-16,1425.4800895220926,0b21e6c4-230b-4a54-be50-a258347ccdf1,47.7052195,-123.9606225
2021-12-17,815.7207711273049,0b21e6c4-230b-4a54-be50-a258347ccdf1,47.7052195,-123.9606225
2021-12-18,3281.9238880245994,0b21e6c4-230b-4a54-be50-a258347ccdf1,47.7052195,-123.9606225
2021-12-19,2769.9141852488674,0b21e6c4-230b-4a54-be50-a258347ccdf1,47.7052195,-123.9606225
2021-12-20,1724.353016366894,0b21e6c4-230b-4a54-be50-a258347ccdf1,47.7052195,-123.9606225
2021-12-21,1678.9001610305963,0b21e6c4-230b-4a54-be50-a258347ccdf1,47.7052195,-123.9606225
2021-12-22,5750.148612134608,0b21e6c4-230b-4a54-be50-a258347ccdf1,47.7052195,-123.9606225
2021-12-23,2198.6862587224905,0b21e6c4-230b-4a54-be50-a258347ccdf1,47.7052195,-123.9606225
2021-12-24,5237.47177870575,0b21e6c4-230b-4a54-be50-a258347ccdf1,47.7052195,-123.9606225
2021-12-25,2434.467420872111,0b21e6c4-230b-4a54-be50-a258347ccdf1,47.7052195,-123.9606225
2021-12-26,6170.006586788212,0b21e6c4-230b-4a54-be50-a258347ccdf1,47.7052195,-123.9606225
2021-12-27,3596.7807527498003,0b21e6c4-230b-4a54-be50-a258347ccdf1,47.7052195,-123.9606225
2021-12-28,2884.0020106080024,0b21e6c4-230b-4a54-be50-a258347ccdf1,47.7052195,-123.9606225
2021-12-29,3264.245380605363,0b21e6c4-230b-4a54-be50-a258347ccdf1,47.7052195,-123.9606225
2021-12-30,6026.836726802946,0b21e6c4-230b-4a54-be50-a258347ccdf1,47.7052195,-123.9606225
