date,mod10a1_ndsi,cell_id,latitude,longitude
2020-01-01,841,2b189e78-6fdf-4154-adca-5aaef2bd79ae,37.3282025,-107.808914
2020-01-02,5210,2b189e78-6fdf-4154-adca-5aaef2bd79ae,37.3282025,-107.808914
2020-01-03,5094,2b189e78-6fdf-4154-adca-5aaef2bd79ae,37.3282025,-107.808914
2020-01-04,2993,2b189e78-6fdf-4154-adca-5aaef2bd79ae,37.3282025,-107.808914
2020-01-05,6097,2b189e78-6fdf-4154-adca-5aaef2bd79ae,37.3282025,-107.808914
2020-01-06,3755,2b189e78-6fdf-4154-adca-5aaef2bd79ae,37.3282025,-107.808914
2020-01-07,6818,2b189e78-6fdf-4154-adca-5aaef2bd79ae,37.3282025,-107.808914
2020-01-08,2517,2b189e78-6fdf-4154-adca-5aaef2bd79ae,37.3282025,-107.808914
2020-01-09,3621,2b189e78-6fdf-4154-adca-5aaef2bd79ae,37.3282025,-107.808914
2020-01-10,3947,2b189e78-6fdf-4154-adca-5aaef2bd79ae,37.3282025,-107.808914
2020-01-11,4548,2b189e78-6fdf-4154-adca-5aaef2bd79ae,37.3282025,-107.808914
2020-01-12,2916,2b189e78-6fdf-4154-adca-5aaef2bd79ae,37.3282025,-107.808914
2020-01-13,1327,2b189e78-6fdf-4154-adca-5aaef2bd79ae,37.3282025,-107.808914
2020-01-14,5486,2b189e78-6fdf-4154-adca-5aaef2bd79ae,37.3282025,-107.808914
2020-01-15,3820,2b189e78-6fdf-4154-adca-5aaef2bd79ae,37.3282025,-107.808914
2020-01-16,3760,2b189e78-6fdf-4154-adca-5aaef2bd79ae,37.3282025,-107.808914
2020-01-17,4801,2b189e78-6fdf-4154-adca-5aaef2bd79ae,37.3282025,-107.808914
2020-01-18,4233,2b189e78-6fdf-4154-adca-5aaef2bd79ae,37.3282025,-107.808914
2020-01-19,3703,2b189e78-6fdf-4154-adca-5aaef2bd79ae,37.3282025,-107.808914
2020-01-20,3931,2b189e78-6fdf-4154-adca-5aaef2bd79ae,37.3282025,-107.808914
2020-01-21,4606,2b189e78-6fdf-4154-adca-5aaef2bd79ae,37.3282025,-107.808914
2020-01-22,558,2b189e78-6fdf-4154-adca-5aaef2bd79ae,37.3282025,-107.808914
2020-01-23,6771,2b189e78-6fdf-4154-adca-5aaef2bd79ae,37.3282025,-107.808914
2020-01-24,3845,2b189e78-6fdf-4154-adca-5aaef2bd79ae,37.3282025,-107.808914
2020-01-25,5995,2b189e78-6fdf-4154-adca-5aaef2bd79ae,37.3282025,-107.808914
2020-01-26,5386,2b189e78-6fdf-4154-adca-5aaef2bd79ae,37.3282025,-107.808914
2020-01-27,4794,2b189e78-6fdf-4154-adca-5aaef2bd79ae,37.3282025,-107.808914
2020-01-28,5023,2b189e78-6fdf-4154-adca-5aaef2bd79ae,37.3282025,-107.808914
2020-01-29,3245,2b189e78-6fdf-4154-adca-5aaef2bd79ae,37.3282025,-107.808914
2020-01-30,5018,2b189e78-6fdf-4154-adca-5aaef2bd79ae,37.3282025,-107.808914
2020-01-31,2999,2b189e78-6fdf-4154-adca-5aaef2bd79ae,37.3282025,-107.808914
2020-02-01,3650,2b189e78-6fdf-4154-adca-5aaef2bd79ae,37.3282025,-107.808914
2020-02-02,3203,2b189e78-6fdf-4154-adca-5aaef2bd79ae,37.3282025,-107.808914
2020-02-03,1932,2b189e78-6fdf-4154-adca-5aaef2bd79ae,37.3282025,-107.808914
2020-02-04,1700,2b189e78-6fdf-4154-adca-5aaef2bd79ae,37.3282025,-107.808914
2020-02-05,2820,2b189e78-6fdf-4154-adca-5aaef2bd79ae,37.3282025,-107.808914
2020-02-06,3466,2b189e78-6fdf-4154-adca-5aaef2bd79ae,37.3282025,-107.808914
2020-02-07,2243,2b189e78-6fdf-4154-adca-5aaef2bd79ae,37.3282025,-107.808914
2020-02-08,5420,2b189e78-6fdf-4154-adca-5aaef2bd79ae,37.3282025,-107.808914
2020-02-09,-219,2b189e78-6fdf-4154-adca-5aaef2bd79ae,37.3282025,-107.808914
2020-02-10,2703,2b189e78-6fdf-4154-adca-5aaef2bd79ae,37.3282025,-107.808914
2020-02-11,1087,2b189e78-6fdf-4154-adca-5aaef2bd79ae,37.3282025,-107.808914
2020-02-12,-40,2b189e78-6fdf-4154-adca-5aaef2bd79ae,37.3282025,-107.808914
2020-02-13,3422,2b189e78-6fdf-4154-adca-5aaef2bd79ae,37.3282025,-107.808914
2020-02-14,964,2b189e78-6fdf-4154-adca-5aaef2bd79ae,37.3282025,-107.808914
2020-02-15,4747,2b189e78-6fdf-4154-adca-5aaef2bd79ae,37.3282025,-107.808914
2020-02-16,2060,2b189e78-6fdf-4154-adca-5aaef2bd79ae,37.3282025,-107.808914
2020-02-17,317,2b189e78-6fdf-4154-adca-5aaef2bd79ae,37.3282025,-107.808914
2020-02-18,2762,2b189e78-6fdf-4154-adca-5aaef2bd79ae,37.3282025,-107.808914
2020-02-19,1081,2b189e78-6fdf-4154-adca-5aaef2bd79ae,37.3282025,-107.808914
2020-02-20,1428,2b189e78-6fdf-4154-adca-5aaef2bd79ae,37.3282025,-107.808914
2020-02-21,1014,2b189e78-6fdf-4154-adca-5aaef2bd79ae,37.3282025,-107.808914
2020-02-22,2707,2b189e78-6fdf-4154-adca-5aaef2bd79ae,37.3282025,-107.808914
2020-02-23,2712,2b189e78-6fdf-4154-adca-5aaef2bd79ae,37.3282025,-107.808914
2020-02-24,4351,2b189e78-6fdf-4154-adca-5aaef2bd79ae,37.3282025,-107.808914
2020-02-25,744,2b189e78-6fdf-4154-adca-5aaef2bd79ae,37.3282025,-107.808914
2020-02-26,756,2b189e78-6fdf-4154-adca-5aaef2bd79ae,37.3282025,-107.808914
2020-02-27,2962,2b189e78-6fdf-4154-adca-5aaef2bd79ae,37.3282025,-107.808914
2020-02-28,1153,2b189e78-6fdf-4154-adca-5aaef2bd79ae,37.3282025,-107.808914
2020-02-29,-512,2b189e78-6fdf-4154-adca-5aaef2bd79ae,37.3282025,-107.808914
2020-03-01,-601,2b189e78-6fdf-4154-adca-5aaef2bd79ae,37.3282025,-107.808914
2020-03-02,-113,2b189e78-6fdf-4154-adca-5aaef2bd79ae,37.3282025,-107.808914
2020-03-03,1225,2b189e78-6fdf-4154-adca-5aaef2bd79ae,37.3282025,-107.808914
2020-03-04,-2288,2b189e78-6fdf-4154-adca-5aaef2bd79ae,37.3282025,-107.808914
2020-03-05,-1438,2b189e78-6fdf-4154-adca-5aaef2bd79ae,37.3282025,-107.808914
2020-03-06,-833,2b189e78-6fdf-4154-adca-5aaef2bd79ae,37.3282025,-107.808914
2020-03-07,-2652,2b189e78-6fdf-4154-adca-5aaef2bd79ae,37.3282025,-107.808914
2020-03-08,-916,2b189e78-6fdf-4154-adca-5aaef2bd79ae,37.3282025,-107.808914
2020-03-09,-1554,2b189e78-6fdf-4154-adca-5aaef2bd79ae,37.3282025,-107.808914
2020-03-10,1570,2b189e78-6fdf-4154-adca-5aaef2bd79ae,37.3282025,-107.808914
2020-03-11,5150,2b189e78-6fdf-4154-adca-5aaef2bd79ae,37.3282025,-107.808914
2020-03-12,693,2b189e78-6fdf-4154-adca-5aaef2bd79ae,37.3282025,-107.808914
2020-03-13,1999,2b189e78-6fdf-4154-adca-5aaef2bd79ae,37.3282025,-107.808914
2020-03-14,-421,2b189e78-6fdf-4154-adca-5aaef2bd79ae,37.3282025,-107.808914
2020-03-15,-983,2b189e78-6fdf-4154-adca-5aaef2bd79ae,37.3282025,-107.808914
2020-03-16,-3660,2b189e78-6fdf-4154-adca-5aaef2bd79ae,37.3282025,-107.808914
2020-03-17,2764,2b189e78-6fdf-4154-adca-5aaef2bd79ae,37.3282025,-107.808914
2020-03-18,1809,2b189e78-6fdf-4154-adca-5aaef2bd79ae,37.3282025,-107.808914
2020-03-19,2025,2b189e78-6fdf-4154-adca-5aaef2bd79ae,37.3282025,-107.808914
2020-03-20,896,2b189e78-6fdf-4154-adca-5aaef2bd79ae,37.3282025,-107.808914
2020-03-21,3034,2b189e78-6fdf-4154-adca-5aaef2bd79ae,37.3282025,-107.808914
2020-03-22,387,2b189e78-6fdf-4154-adca-5aaef2bd79ae,37.3282025,-107.808914
2020-03-23,2582,2b189e78-6fdf-4154-adca-5aaef2bd79ae,37.3282025,-107.808914
2020-03-24,-925,2b189e78-6fdf-4154-adca-5aaef2bd79ae,37.3282025,-107.808914
2020-03-25,1681,2b189e78-6fdf-4154-adca-5aaef2bd79ae,37.3282025,-107.808914
2020-03-26,681,2b189e78-6fdf-4154-adca-5aaef2bd79ae,37.3282025,-107.808914
2020-03-27,2942,2b189e78-6fdf-4154-adca-5aaef2bd79ae,37.3282025,-107.808914
2020-03-28,-1755,2b189e78-6fdf-4154-adca-5aaef2bd79ae,37.3282025,-107.808914
2020-03-29,4594,2b189e78-6fdf-4154-adca-5aaef2bd79ae,37.3282025,-107.808914
2020-03-30,-1114,2b189e78-6fdf-4154-adca-5aaef2bd79ae,37.3282025,-107.808914
2020-03-31,-3962,2b189e78-6fdf-4154-adca-5aaef2bd79ae,37.3282025,-107.808914
2020-04-01,2198,2b189e78-6fdf-4154-adca-5aaef2bd79ae,37.3282025,-107.808914
2020-04-02,-2806,2b189e78-6fdf-4154-adca-5aaef2bd79ae,37.3282025,-107.808914
2020-04-03,-4782,2b189e78-6fdf-4154-adca-5aaef2bd79ae,37.3282025,-107.808914
2020-04-04,-1402,2b189e78-6fdf-4154-adca-5aaef2bd79ae,37.3282025,-107.808914
2020-04-05,-4911,2b189e78-6fdf-4154-adca-5aaef2bd79ae,37.3282025,-107.808914
2020-04-06,-2815,2b189e78-6fdf-4154-adca-5aaef2bd79ae,37.3282025,-107.808914
2020-04-07,-4402,2b189e78-6fdf-4154-adca-5aaef2bd79ae,37.3282025,-107.808914
2020-04-08,-4086,2b189e78-6fdf-4154-adca-5aaef2bd79ae,37.3282025,-107.808914
2020-04-09,-3426,2b189e78-6fdf-4154-adca-5aaef2bd79ae,37.3282025,-107.808914
2020-04-10,-4863,2b189e78-6fdf-4154-adca-5aaef2bd79ae,37.3282025,-107.808914
2020-04-11,-3323,2b189e78-6fdf-4154-adca-5aaef2bd79ae,37.3282025,-107.808914
2020-04-12,-4902,2b189e78-6fdf-4154-adca-5aaef2bd79ae,37.3282025,-107.808914
2020-04-13,-2726,2b189e78-6fdf-4154-adca-5aaef2bd79ae,37.3282025,-107.808914
2020-04-14,-4833,2b189e78-6fdf-4154-adca-5aaef2bd79ae,37.3282025,-107.808914
2020-04-15,-3560,2b189e78-6fdf-4154-adca-5aaef2bd79ae,37.3282025,-107.808914
2020-04-16,609,2b189e78-6fdf-4154-adca-5aaef2bd79ae,37.3282025,-107.808914
2020-04-17,-4432,2b189e78-6fdf-4154-adca-5aaef2bd79ae,37.3282025,-107.808914
2020-04-18,-1433,2b189e78-6fdf-4154-adca-5aaef2bd79ae,37.3282025,-107.808914
2020-04-19,2065,2b189e78-6fdf-4154-adca-5aaef2bd79ae,37.3282025,-107.808914
2020-04-20,528,2b189e78-6fdf-4154-adca-5aaef2bd79ae,37.3282025,-107.808914
2020-04-21,1065,2b189e78-6fdf-4154-adca-5aaef2bd79ae,37.3282025,-107.808914
2020-04-22,-305,2b189e78-6fdf-4154-adca-5aaef2bd79ae,37.3282025,-107.808914
2020-04-23,-1328,2b189e78-6fdf-4154-adca-5aaef2bd79ae,37.3282025,-107.808914
2020-04-24,-4151,2b189e78-6fdf-4154-adca-5aaef2bd79ae,37.3282025,-107.808914
2020-04-25,-4014,2b189e78-6fdf-4154-adca-5aaef2bd79ae,37.3282025,-107.808914
2020-04-26,-1602,2b189e78-6fdf-4154-adca-5aaef2bd79ae,37.3282025,-107.808914
2020-04-27,-3219,2b189e78-6fdf-4154-adca-5aaef2bd79ae,37.3282025,-107.808914
2020-04-28,-4387,2b189e78-6fdf-4154-adca-5aaef2bd79ae,37.3282025,-107.808914
2020-04-29,-3163,2b189e78-6fdf-4154-adca-5aaef2bd79ae,37.3282025,-107.808914
2020-04-30,-4605,2b189e78-6fdf-4154-adca-5aaef2bd79ae,37.3282025,-107.808914
2020-05-01,-4075,2b189e78-6fdf-4154-adca-5aaef2bd79ae,37.3282025,-107.808914
2020-05-02,-4173,2b189e78-6fdf-4154-adca-5aaef2bd79ae,37.3282025,-107.808914
2020-05-03,-3652,2b189e78-6fdf-4154-adca-5aaef2bd79ae,37.3282025,-107.808914
2020-05-04,-3587,2b189e78-6fdf-4154-adca-5aaef2bd79ae,37.3282025,-107.808914
2020-05-05,-4842,2b189e78-6fdf-4154-adca-5aaef2bd79ae,37.3282025,-107.808914
2020-05-06,-2429,2b189e78-6fdf-4154-adca-5aaef2bd79ae,37.3282025,-107.808914
2020-05-07,-4592,2b189e78-6fdf-4154-adca-5aaef2bd79ae,37.3282025,-107.808914
2020-05-08,-3373,2b189e78-6fdf-4154-adca-5aaef2bd79ae,37.3282025,-107.808914
2020-05-09,-4276,2b189e78-6fdf-4154-adca-5aaef2bd79ae,37.3282025,-107.808914
2020-05-10,-3833,2b189e78-6fdf-4154-adca-5aaef2bd79ae,37.3282025,-107.808914
2020-05-11,2873,2b189e78-6fdf-4154-adca-5aaef2bd79ae,37.3282025,-107.808914
2020-05-12,-1226,2b189e78-6fdf-4154-adca-5aaef2bd79ae,37.3282025,-107.808914
2020-05-13,-2689,2b189e78-6fdf-4154-adca-5aaef2bd79ae,37.3282025,-107.808914
2020-05-14,-4759,2b189e78-6fdf-4154-adca-5aaef2bd79ae,37.3282025,-107.808914
2020-05-15,-1002,2b189e78-6fdf-4154-adca-5aaef2bd79ae,37.3282025,-107.808914
2020-05-16,-298,2b189e78-6fdf-4154-adca-5aaef2bd79ae,37.3282025,-107.808914
2020-05-17,-3781,2b189e78-6fdf-4154-adca-5aaef2bd79ae,37.3282025,-107.808914
2020-05-18,-3216,2b189e78-6fdf-4154-adca-5aaef2bd79ae,37.3282025,-107.808914
2020-05-19,-3849,2b189e78-6fdf-4154-adca-5aaef2bd79ae,37.3282025,-107.808914
2020-05-20,-3303,2b189e78-6fdf-4154-adca-5aaef2bd79ae,37.3282025,-107.808914
2020-05-21,-4517,2b189e78-6fdf-4154-adca-5aaef2bd79ae,37.3282025,-107.808914
2020-05-22,-2727,2b189e78-6fdf-4154-adca-5aaef2bd79ae,37.3282025,-107.808914
2020-05-23,-4207,2b189e78-6fdf-4154-adca-5aaef2bd79ae,37.3282025,-107.808914
2020-05-24,-3117,2b189e78-6fdf-4154-adca-5aaef2bd79ae,37.3282025,-107.808914
2020-05-25,-4103,2b189e78-6fdf-4154-adca-5aaef2bd79ae,37.3282025,-107.808914
2020-05-26,-3836,2b189e78-6fdf-4154-adca-5aaef2bd79ae,37.3282025,-107.808914
2020-05-27,-1286,2b189e78-6fdf-4154-adca-5aaef2bd79ae,37.3282025,-107.808914
2020-05-28,-4150,2b189e78-6fdf-4154-adca-5aaef2bd79ae,37.3282025,-107.808914
2020-05-29,-2968,2b189e78-6fdf-4154-adca-5aaef2bd79ae,37.3282025,-107.808914
2020-05-30,-4411,2b189e78-6fdf-4154-adca-5aaef2bd79ae,37.3282025,-107.808914
2020-05-31,-1058,2b189e78-6fdf-4154-adca-5aaef2bd79ae,37.3282025,-107.808914
2020-06-01,-3680,2b189e78-6fdf-4154-adca-5aaef2bd79ae,37.3282025,-107.808914
2020-06-02,4308,2b189e78-6fdf-4154-adca-5aaef2bd79ae,37.3282025,-107.808914
2020-06-03,-3786,2b189e78-6fdf-4154-adca-5aaef2bd79ae,37.3282025,-107.808914
2020-06-04,-4076,2b189e78-6fdf-4154-adca-5aaef2bd79ae,37.3282025,-107.808914
2020-06-05,-1410,2b189e78-6fdf-4154-adca-5aaef2bd79ae,37.3282025,-107.808914
2020-06-06,-1628,2b189e78-6fdf-4154-adca-5aaef2bd79ae,37.3282025,-107.808914
2020-06-07,790,2b189e78-6fdf-4154-adca-5aaef2bd79ae,37.3282025,-107.808914
2020-06-08,-4834,2b189e78-6fdf-4154-adca-5aaef2bd79ae,37.3282025,-107.808914
2020-06-09,-3349,2b189e78-6fdf-4154-adca-5aaef2bd79ae,37.3282025,-107.808914
2020-06-10,-4428,2b189e78-6fdf-4154-adca-5aaef2bd79ae,37.3282025,-107.808914
2020-06-11,-4151,2b189e78-6fdf-4154-adca-5aaef2bd79ae,37.3282025,-107.808914
2020-06-12,-3437,2b189e78-6fdf-4154-adca-5aaef2bd79ae,37.3282025,-107.808914
2020-06-13,-3501,2b189e78-6fdf-4154-adca-5aaef2bd79ae,37.3282025,-107.808914
2020-06-14,-3007,2b189e78-6fdf-4154-adca-5aaef2bd79ae,37.3282025,-107.808914
2020-06-15,-4662,2b189e78-6fdf-4154-adca-5aaef2bd79ae,37.3282025,-107.808914
2020-06-16,-1304,2b189e78-6fdf-4154-adca-5aaef2bd79ae,37.3282025,-107.808914
2020-06-17,-4466,2b189e78-6fdf-4154-adca-5aaef2bd79ae,37.3282025,-107.808914
2020-06-18,-3268,2b189e78-6fdf-4154-adca-5aaef2bd79ae,37.3282025,-107.808914
2020-06-19,-2627,2b189e78-6fdf-4154-adca-5aaef2bd79ae,37.3282025,-107.808914
2020-06-20,-4357,2b189e78-6fdf-4154-adca-5aaef2bd79ae,37.3282025,-107.808914
2020-06-21,-3172,2b189e78-6fdf-4154-adca-5aaef2bd79ae,37.3282025,-107.808914
2020-06-22,-172,2b189e78-6fdf-4154-adca-5aaef2bd79ae,37.3282025,-107.808914
2020-06-23,-2543,2b189e78-6fdf-4154-adca-5aaef2bd79ae,37.3282025,-107.808914
2020-06-24,-4686,2b189e78-6fdf-4154-adca-5aaef2bd79ae,37.3282025,-107.808914
2020-06-25,-2002,2b189e78-6fdf-4154-adca-5aaef2bd79ae,37.3282025,-107.808914
2020-06-26,-3692,2b189e78-6fdf-4154-adca-5aaef2bd79ae,37.3282025,-107.808914
2020-06-27,-607,2b189e78-6fdf-4154-adca-5aaef2bd79ae,37.3282025,-107.808914
2020-06-28,-3768,2b189e78-6fdf-4154-adca-5aaef2bd79ae,37.3282025,-107.808914
2020-06-29,-3929,2b189e78-6fdf-4154-adca-5aaef2bd79ae,37.3282025,-107.808914
2020-06-30,-3185,2b189e78-6fdf-4154-adca-5aaef2bd79ae,37.3282025,-107.808914
2020-07-01,-4777,2b189e78-6fdf-4154-adca-5aaef2bd79ae,37.3282025,-107.808914
2020-07-02,-2692,2b189e78-6fdf-4154-adca-5aaef2bd79ae,37.3282025,-107.808914
2020-07-03,-1405,2b189e78-6fdf-4154-adca-5aaef2bd79ae,37.3282025,-107.808914
2020-07-04,5567,2b189e78-6fdf-4154-adca-5aaef2bd79ae,37.3282025,-107.808914
2020-07-05,-3979,2b189e78-6fdf-4154-adca-5aaef2bd79ae,37.3282025,-107.808914
2020-07-06,-4236,2b189e78-6fdf-4154-adca-5aaef2bd79ae,37.3282025,-107.808914
2020-07-07,-3263,2b189e78-6fdf-4154-adca-5aaef2bd79ae,37.3282025,-107.808914
2020-07-08,-4530,2b189e78-6fdf-4154-adca-5aaef2bd79ae,37.3282025,-107.808914
2020-07-09,-2994,2b189e78-6fdf-4154-adca-5aaef2bd79ae,37.3282025,-107.808914
2020-07-10,-4853,2b189e78-6fdf-4154-adca-5aaef2bd79ae,37.3282025,-107.808914
2020-07-11,-2305,2b189e78-6fdf-4154-adca-5aaef2bd79ae,37.3282025,-107.808914
2020-07-12,-1543,2b189e78-6fdf-4154-adca-5aaef2bd79ae,37.3282025,-107.808914
2020-07-13,-3677,2b189e78-6fdf-4154-adca-5aaef2bd79ae,37.3282025,-107.808914
2020-07-14,1881,2b189e78-6fdf-4154-adca-5aaef2bd79ae,37.3282025,-107.808914
2020-07-15,-3802,2b189e78-6fdf-4154-adca-5aaef2bd79ae,37.3282025,-107.808914
2020-07-16,1688,2b189e78-6fdf-4154-adca-5aaef2bd79ae,37.3282025,-107.808914
2020-07-17,-4606,2b189e78-6fdf-4154-adca-5aaef2bd79ae,37.3282025,-107.808914
2020-07-18,5649,2b189e78-6fdf-4154-adca-5aaef2bd79ae,37.3282025,-107.808914
2020-07-19,-4560,2b189e78-6fdf-4154-adca-5aaef2bd79ae,37.3282025,-107.808914
2020-07-20,4446,2b189e78-6fdf-4154-adca-5aaef2bd79ae,37.3282025,-107.808914
2020-07-21,-4066,2b189e78-6fdf-4154-adca-5aaef2bd79ae,37.3282025,-107.808914
2020-07-22,1601,2b189e78-6fdf-4154-adca-5aaef2bd79ae,37.3282025,-107.808914
2020-07-23,-2802,2b189e78-6fdf-4154-adca-5aaef2bd79ae,37.3282025,-107.808914
2020-07-24,-657,2b189e78-6fdf-4154-adca-5aaef2bd79ae,37.3282025,-107.808914
2020-07-25,481,2b189e78-6fdf-4154-adca-5aaef2bd79ae,37.3282025,-107.808914
2020-07-26,-1855,2b189e78-6fdf-4154-adca-5aaef2bd79ae,37.3282025,-107.808914
2020-07-27,-2245,2b189e78-6fdf-4154-adca-5aaef2bd79ae,37.3282025,-107.808914
2020-07-28,-4226,2b189e78-6fdf-4154-adca-5aaef2bd79ae,37.3282025,-107.808914
2020-07-29,2176,2b189e78-6fdf-4154-adca-5aaef2bd79ae,37.3282025,-107.808914
2020-07-30,-3687,2b189e78-6fdf-4154-adca-5aaef2bd79ae,37.3282025,-107.808914
2020-07-31,-4285,2b189e78-6fdf-4154-adca-5aaef2bd79ae,37.3282025,-107.808914
2020-08-01,-693,2b189e78-6fdf-4154-adca-5aaef2bd79ae,37.3282025,-107.808914
2020-08-02,-4713,2b189e78-6fdf-4154-adca-5aaef2bd79ae,37.3282025,-107.808914
2020-08-03,-2347,2b189e78-6fdf-4154-adca-5aaef2bd79ae,37.3282025,-107.808914
2020-08-04,-4561,2b189e78-6fdf-4154-adca-5aaef2bd79ae,37.3282025,-107.808914
2020-08-05,-139,2b189e78-6fdf-4154-adca-5aaef2bd79ae,37.3282025,-107.808914
2020-08-06,-4191,2b189e78-6fdf-4154-adca-5aaef2bd79ae,37.3282025,-107.808914
2020-08-07,-4307,2b189e78-6fdf-4154-adca-5aaef2bd79ae,37.3282025,-107.808914
2020-08-08,-3228,2b189e78-6fdf-4154-adca-5aaef2bd79ae,37.3282025,-107.808914
2020-08-09,-4470,2b189e78-6fdf-4154-adca-5aaef2bd79ae,37.3282025,-107.808914
2020-08-10,767,2b189e78-6fdf-4154-adca-5aaef2bd79ae,37.3282025,-107.808914
2020-08-11,-4714,2b189e78-6fdf-4154-adca-5aaef2bd79ae,37.3282025,-107.808914
2020-08-12,-3164,2b189e78-6fdf-4154-adca-5aaef2bd79ae,37.3282025,-107.808914
2020-08-13,-4454,2b189e78-6fdf-4154-adca-5aaef2bd79ae,37.3282025,-107.808914
2020-08-14,83,2b189e78-6fdf-4154-adca-5aaef2bd79ae,37.3282025,-107.808914
2020-08-15,2170,2b189e78-6fdf-4154-adca-5aaef2bd79ae,37.3282025,-107.808914
2020-08-16,-4321,2b189e78-6fdf-4154-adca-5aaef2bd79ae,37.3282025,-107.808914
2020-08-17,-2612,2b189e78-6fdf-4154-adca-5aaef2bd79ae,37.3282025,-107.808914
2020-08-18,-4371,2b189e78-6fdf-4154-adca-5aaef2bd79ae,37.3282025,-107.808914
2020-08-19,2682,2b189e78-6fdf-4154-adca-5aaef2bd79ae,37.3282025,-107.808914
2020-08-20,-4229,2b189e78-6fdf-4154-adca-5aaef2bd79ae,37.3282025,-107.808914
2020-08-21,-3304,2b189e78-6fdf-4154-adca-5aaef2bd79ae,37.3282025,-107.808914
2020-08-22,-3464,2b189e78-6fdf-4154-adca-5aaef2bd79ae,37.3282025,-107.808914
2020-08-23,-2791,2b189e78-6fdf-4154-adca-5aaef2bd79ae,37.3282025,-107.808914
2020-08-24,-2705,2b189e78-6fdf-4154-adca-5aaef2bd79ae,37.3282025,-107.808914
2020-08-25,-4397,2b189e78-6fdf-4154-adca-5aaef2bd79ae,37.3282025,-107.808914
2020-08-26,6926,2b189e78-6fdf-4154-adca-5aaef2bd79ae,37.3282025,-107.808914
2020-08-27,-4761,2b189e78-6fdf-4154-adca-5aaef2bd79ae,37.3282025,-107.808914
2020-08-28,621,2b189e78-6fdf-4154-adca-5aaef2bd79ae,37.3282025,-107.808914
2020-08-29,2127,2b189e78-6fdf-4154-adca-5aaef2bd79ae,37.3282025,-107.808914
2020-08-30,1591,2b189e78-6fdf-4154-adca-5aaef2bd79ae,37.3282025,-107.808914
2020-08-31,-3685,2b189e78-6fdf-4154-adca-5aaef2bd79ae,37.3282025,-107.808914
2020-09-01,-4474,2b189e78-6fdf-4154-adca-5aaef2bd79ae,37.3282025,-107.808914
2020-09-02,-2978,2b189e78-6fdf-4154-adca-5aaef2bd79ae,37.3282025,-107.808914
2020-09-03,-4817,2b189e78-6fdf-4154-adca-5aaef2bd79ae,37.3282025,-107.808914
2020-09-04,-3182,2b189e78-6fdf-4154-adca-5aaef2bd79ae,37.3282025,-107.808914
2020-09-05,-4434,2b189e78-6fdf-4154-adca-5aaef2bd79ae,37.3282025,-107.808914
2020-09-06,-3686,2b189e78-6fdf-4154-adca-5aaef2bd79ae,37.3282025,-107.808914
2020-09-07,-365,2b189e78-6fdf-4154-adca-5aaef2bd79ae,37.3282025,-107.808914
2020-09-08,-767,2b189e78-6fdf-4154-adca-5aaef2bd79ae,37.3282025,-107.808914
2020-09-09,1382,2b189e78-6fdf-4154-adca-5aaef2bd79ae,37.3282025,-107.808914
2020-09-10,36,2b189e78-6fdf-4154-adca-5aaef2bd79ae,37.3282025,-107.808914
2020-09-11,-750,2b189e78-6fdf-4154-adca-5aaef2bd79ae,37.3282025,-107.808914
2020-09-12,-4230,2b189e78-6fdf-4154-adca-5aaef2bd79ae,37.3282025,-107.808914
2020-09-13,-3298,2b189e78-6fdf-4154-adca-5aaef2bd79ae,37.3282025,-107.808914
2020-09-14,-4228,2b189e78-6fdf-4154-adca-5aaef2bd79ae,37.3282025,-107.808914
2020-09-15,1730,2b189e78-6fdf-4154-adca-5aaef2bd79ae,37.3282025,-107.808914
2020-09-16,-2273,2b189e78-6fdf-4154-adca-5aaef2bd79ae,37.3282025,-107.808914
2020-09-17,-3473,2b189e78-6fdf-4154-adca-5aaef2bd79ae,37.3282025,-107.808914
2020-09-18,-2264,2b189e78-6fdf-4154-adca-5aaef2bd79ae,37.3282025,-107.808914
2020-09-19,-2595,2b189e78-6fdf-4154-adca-5aaef2bd79ae,37.3282025,-107.808914
2020-09-20,-1536,2b189e78-6fdf-4154-adca-5aaef2bd79ae,37.3282025,-107.808914
2020-09-21,-3325,2b189e78-6fdf-4154-adca-5aaef2bd79ae,37.3282025,-107.808914
2020-09-22,892,2b189e78-6fdf-4154-adca-5aaef2bd79ae,37.3282025,-107.808914
2020-09-23,-3722,2b189e78-6fdf-4154-adca-5aaef2bd79ae,37.3282025,-107.808914
2020-09-24,-4040,2b189e78-6fdf-4154-adca-5aaef2bd79ae,37.3282025,-107.808914
2020-09-25,-3106,2b189e78-6fdf-4154-adca-5aaef2bd79ae,37.3282025,-107.808914
2020-09-26,-2585,2b189e78-6fdf-4154-adca-5aaef2bd79ae,37.3282025,-107.808914
2020-09-27,-2590,2b189e78-6fdf-4154-adca-5aaef2bd79ae,37.3282025,-107.808914
2020-09-28,-4111,2b189e78-6fdf-4154-adca-5aaef2bd79ae,37.3282025,-107.808914
2020-09-29,-3557,2b189e78-6fdf-4154-adca-5aaef2bd79ae,37.3282025,-107.808914
2020-09-30,-4213,2b189e78-6fdf-4154-adca-5aaef2bd79ae,37.3282025,-107.808914
2020-10-01,-3920,2b189e78-6fdf-4154-adca-5aaef2bd79ae,37.3282025,-107.808914
2020-10-02,-2041,2b189e78-6fdf-4154-adca-5aaef2bd79ae,37.3282025,-107.808914
2020-10-03,-4252,2b189e78-6fdf-4154-adca-5aaef2bd79ae,37.3282025,-107.808914
2020-10-04,-2601,2b189e78-6fdf-4154-adca-5aaef2bd79ae,37.3282025,-107.808914
2020-10-05,-4425,2b189e78-6fdf-4154-adca-5aaef2bd79ae,37.3282025,-107.808914
2020-10-06,-2253,2b189e78-6fdf-4154-adca-5aaef2bd79ae,37.3282025,-107.808914
2020-10-07,-4633,2b189e78-6fdf-4154-adca-5aaef2bd79ae,37.3282025,-107.808914
2020-10-08,-3496,2b189e78-6fdf-4154-adca-5aaef2bd79ae,37.3282025,-107.808914
2020-10-09,-3436,2b189e78-6fdf-4154-adca-5aaef2bd79ae,37.3282025,-107.808914
2020-10-10,-4442,2b189e78-6fdf-4154-adca-5aaef2bd79ae,37.3282025,-107.808914
2020-10-11,-2434,2b189e78-6fdf-4154-adca-5aaef2bd79ae,37.3282025,-107.808914
2020-10-12,-4769,2b189e78-6fdf-4154-adca-5aaef2bd79ae,37.3282025,-107.808914
2020-10-13,-2727,2b189e78-6fdf-4154-adca-5aaef2bd79ae,37.3282025,-107.808914
2020-10-14,-4718,2b189e78-6fdf-4154-adca-5aaef2bd79ae,37.3282025,-107.808914
2020-10-15,-3670,2b189e78-6fdf-4154-adca-5aaef2bd79ae,37.3282025,-107.808914
2020-10-16,-4538,2b189e78-6fdf-4154-adca-5aaef2bd79ae,37.3282025,-107.808914
2020-10-17,-4455,2b189e78-6fdf-4154-adca-5aaef2bd79ae,37.3282025,-107.808914
2020-10-18,-3719,2b189e78-6fdf-4154-adca-5aaef2bd79ae,37.3282025,-107.808914
2020-10-19,-4892,2b189e78-6fdf-4154-adca-5aaef2bd79ae,37.3282025,-107.808914
2020-10-20,-2549,2b189e78-6fdf-4154-adca-5aaef2bd79ae,37.3282025,-107.808914
2020-10-21,-4957,2b189e78-6fdf-4154-adca-5aaef2bd79ae,37.3282025,-107.808914
2020-10-22,-2726,2b189e78-6fdf-4154-adca-5aaef2bd79ae,37.3282025,-107.808914
2020-10-23,-4615,2b189e78-6fdf-4154-adca-5aaef2bd79ae,37.3282025,-107.808914
2020-10-24,-3377,2b189e78-6fdf-4154-adca-5aaef2bd79ae,37.3282025,-107.808914
2020-10-25,936,2b189e78-6fdf-4154-adca-5aaef2bd79ae,37.3282025,-107.808914
2020-10-26,2333,2b189e78-6fdf-4154-adca-5aaef2bd79ae,37.3282025,-107.808914
2020-10-27,684,2b189e78-6fdf-4154-adca-5aaef2bd79ae,37.3282025,-107.808914
2020-10-28,-4652,2b189e78-6fdf-4154-adca-5aaef2bd79ae,37.3282025,-107.808914
2020-10-29,-2554,2b189e78-6fdf-4154-adca-5aaef2bd79ae,37.3282025,-107.808914
2020-10-30,-4726,2b189e78-6fdf-4154-adca-5aaef2bd79ae,37.3282025,-107.808914
2020-10-31,-3626,2b189e78-6fdf-4154-adca-5aaef2bd79ae,37.3282025,-107.808914
2020-11-01,-1460,2b189e78-6fdf-4154-adca-5aaef2bd79ae,37.3282025,-107.808914
2020-11-02,-4147,2b189e78-6fdf-4154-adca-5aaef2bd79ae,37.3282025,-107.808914
2020-11-03,-3610,2b189e78-6fdf-4154-adca-5aaef2bd79ae,37.3282025,-107.808914
2020-11-04,-4450,2b189e78-6fdf-4154-adca-5aaef2bd79ae,37.3282025,-107.808914
2020-11-05,-2848,2b189e78-6fdf-4154-adca-5aaef2bd79ae,37.3282025,-107.808914
2020-11-06,-4956,2b189e78-6fdf-4154-adca-5aaef2bd79ae,37.3282025,-107.808914
2020-11-07,1872,2b189e78-6fdf-4154-adca-5aaef2bd79ae,37.3282025,-107.808914
2020-11-08,-116,2b189e78-6fdf-4154-adca-5aaef2bd79ae,37.3282025,-107.808914
2020-11-09,3313,2b189e78-6fdf-4154-adca-5aaef2bd79ae,37.3282025,-107.808914
2020-11-10,3873,2b189e78-6fdf-4154-adca-5aaef2bd79ae,37.3282025,-107.808914
2020-11-11,2635,2b189e78-6fdf-4154-adca-5aaef2bd79ae,37.3282025,-107.808914
2020-11-12,-258,2b189e78-6fdf-4154-adca-5aaef2bd79ae,37.3282025,-107.808914
2020-11-13,-2815,2b189e78-6fdf-4154-adca-5aaef2bd79ae,37.3282025,-107.808914
2020-11-14,234,2b189e78-6fdf-4154-adca-5aaef2bd79ae,37.3282025,-107.808914
2020-11-15,-4105,2b189e78-6fdf-4154-adca-5aaef2bd79ae,37.3282025,-107.808914
2020-11-16,-3008,2b189e78-6fdf-4154-adca-5aaef2bd79ae,37.3282025,-107.808914
2020-11-17,-4240,2b189e78-6fdf-4154-adca-5aaef2bd79ae,37.3282025,-107.808914
2020-11-18,1083,2b189e78-6fdf-4154-adca-5aaef2bd79ae,37.3282025,-107.808914
2020-11-19,-3447,2b189e78-6fdf-4154-adca-5aaef2bd79ae,37.3282025,-107.808914
2020-11-20,-4545,2b189e78-6fdf-4154-adca-5aaef2bd79ae,37.3282025,-107.808914
2020-11-21,-2638,2b189e78-6fdf-4154-adca-5aaef2bd79ae,37.3282025,-107.808914
2020-11-22,-2510,2b189e78-6fdf-4154-adca-5aaef2bd79ae,37.3282025,-107.808914
2020-11-23,2027,2b189e78-6fdf-4154-adca-5aaef2bd79ae,37.3282025,-107.808914
2020-11-24,-1705,2b189e78-6fdf-4154-adca-5aaef2bd79ae,37.3282025,-107.808914
2020-11-25,-3579,2b189e78-6fdf-4154-adca-5aaef2bd79ae,37.3282025,-107.808914
2020-11-26,-3384,2b189e78-6fdf-4154-adca-5aaef2bd79ae,37.3282025,-107.808914
2020-11-27,-717,2b189e78-6fdf-4154-adca-5aaef2bd79ae,37.3282025,-107.808914
2020-11-28,-2774,2b189e78-6fdf-4154-adca-5aaef2bd79ae,37.3282025,-107.808914
2020-11-29,-4513,2b189e78-6fdf-4154-adca-5aaef2bd79ae,37.3282025,-107.808914
2020-11-30,-2122,2b189e78-6fdf-4154-adca-5aaef2bd79ae,37.3282025,-107.808914
2020-12-01,-4861,2b189e78-6fdf-4154-adca-5aaef2bd79ae,37.3282025,-107.808914
2020-12-02,-2079,2b189e78-6fdf-4154-adca-5aaef2bd79ae,37.3282025,-107.808914
2020-12-03,-3835,2b189e78-6fdf-4154-adca-5aaef2bd79ae,37.3282025,-107.808914
2020-12-04,-3715,2b189e78-6fdf-4154-adca-5aaef2bd79ae,37.3282025,-107.808914
2020-12-05,-3630,2b189e78-6fdf-4154-adca-5aaef2bd79ae,37.3282025,-107.808914
2020-12-06,-4613,2b189e78-6fdf-4154-adca-5aaef2bd79ae,37.3282025,-107.808914
2020-12-07,-2804,2b189e78-6fdf-4154-adca-5aaef2bd79ae,37.3282025,-107.808914
2020-12-08,-4571,2b189e78-6fdf-4154-adca-5aaef2bd79ae,37.3282025,-107.808914
2020-12-09,-2589,2b189e78-6fdf-4154-adca-5aaef2bd79ae,37.3282025,-107.808914
2020-12-10,4102,2b189e78-6fdf-4154-adca-5aaef2bd79ae,37.3282025,-107.808914
2020-12-11,2621,2b189e78-6fdf-4154-adca-5aaef2bd79ae,37.3282025,-107.808914
2020-12-12,3673,2b189e78-6fdf-4154-adca-5aaef2bd79ae,37.3282025,-107.808914
2020-12-13,4587,2b189e78-6fdf-4154-adca-5aaef2bd79ae,37.3282025,-107.808914
2020-12-14,2478,2b189e78-6fdf-4154-adca-5aaef2bd79ae,37.3282025,-107.808914
2020-12-15,5057,2b189e78-6fdf-4154-adca-5aaef2bd79ae,37.3282025,-107.808914
2020-12-16,2830,2b189e78-6fdf-4154-adca-5aaef2bd79ae,37.3282025,-107.808914
2020-12-17,3411,2b189e78-6fdf-4154-adca-5aaef2bd79ae,37.3282025,-107.808914
2020-12-18,-190,2b189e78-6fdf-4154-adca-5aaef2bd79ae,37.3282025,-107.808914
2020-12-19,2773,2b189e78-6fdf-4154-adca-5aaef2bd79ae,37.3282025,-107.808914
2020-12-20,2406,2b189e78-6fdf-4154-adca-5aaef2bd79ae,37.3282025,-107.808914
2020-12-21,1522,2b189e78-6fdf-4154-adca-5aaef2bd79ae,37.3282025,-107.808914
2020-12-22,1453,2b189e78-6fdf-4154-adca-5aaef2bd79ae,37.3282025,-107.808914
2020-12-23,53,2b189e78-6fdf-4154-adca-5aaef2bd79ae,37.3282025,-107.808914
2020-12-24,73,2b189e78-6fdf-4154-adca-5aaef2bd79ae,37.3282025,-107.808914
2020-12-25,-114,2b189e78-6fdf-4154-adca-5aaef2bd79ae,37.3282025,-107.808914
2020-12-26,-1461,2b189e78-6fdf-4154-adca-5aaef2bd79ae,37.3282025,-107.808914
2020-12-27,2257,2b189e78-6fdf-4154-adca-5aaef2bd79ae,37.3282025,-107.808914
2020-12-28,3963,2b189e78-6fdf-4154-adca-5aaef2bd79ae,37.3282025,-107.808914
2020-12-29,6195,2b189e78-6fdf-4154-adca-5aaef2bd79ae,37.3282025,-107.808914
2020-12-30,4632,2b189e78-6fdf-4154-adca-5aaef2bd79ae,37.3282025,-107.808914
2020-12-31,2225,2b189e78-6fdf-4154-adca-5aaef2bd79ae,37.3282025,-107.808914
2021-01-01,367,2b189e78-6fdf-4154-adca-5aaef2bd79ae,37.3282025,-107.808914
2021-01-02,4185,2b189e78-6fdf-4154-adca-5aaef2bd79ae,37.3282025,-107.808914
2021-01-03,3090,2b189e78-6fdf-4154-adca-5aaef2bd79ae,37.3282025,-107.808914
2021-01-04,4854,2b189e78-6fdf-4154-adca-5aaef2bd79ae,37.3282025,-107.808914
2021-01-05,-287,2b189e78-6fdf-4154-adca-5aaef2bd79ae,37.3282025,-107.808914
2021-01-06,3550,2b189e78-6fdf-4154-adca-5aaef2bd79ae,37.3282025,-107.808914
2021-01-07,4513,2b189e78-6fdf-4154-adca-5aaef2bd79ae,37.3282025,-107.808914
2021-01-08,1909,2b189e78-6fdf-4154-adca-5aaef2bd79ae,37.3282025,-107.808914
2021-01-09,3157,2b189e78-6fdf-4154-adca-5aaef2bd79ae,37.3282025,-107.808914
2021-01-10,2481,2b189e78-6fdf-4154-adca-5aaef2bd79ae,37.3282025,-107.808914
2021-01-11,2542,2b189e78-6fdf-4154-adca-5aaef2bd79ae,37.3282025,-107.808914
2021-01-12,1925,2b189e78-6fdf-4154-adca-5aaef2bd79ae,37.3282025,-107.808914
2021-01-13,1386,2b189e78-6fdf-4154-adca-5aaef2bd79ae,37.3282025,-107.808914
2021-01-14,1665,2b189e78-6fdf-4154-adca-5aaef2bd79ae,37.3282025,-107.808914
2021-01-15,135,2b189e78-6fdf-4154-adca-5aaef2bd79ae,37.3282025,-107.808914
2021-01-16,760,2b189e78-6fdf-4154-adca-5aaef2bd79ae,37.3282025,-107.808914
2021-01-17,643,2b189e78-6fdf-4154-adca-5aaef2bd79ae,37.3282025,-107.808914
2021-01-18,-270,2b189e78-6fdf-4154-adca-5aaef2bd79ae,37.3282025,-107.808914
2021-01-19,3452,2b189e78-6fdf-4154-adca-5aaef2bd79ae,37.3282025,-107.808914
2021-01-20,4624,2b189e78-6fdf-4154-adca-5aaef2bd79ae,37.3282025,-107.808914
2021-01-21,4132,2b189e78-6fdf-4154-adca-5aaef2bd79ae,37.3282025,-107.808914
2021-01-22,836,2b189e78-6fdf-4154-adca-5aaef2bd79ae,37.3282025,-107.808914
2021-01-23,2774,2b189e78-6fdf-4154-adca-5aaef2bd79ae,37.3282025,-107.808914
2021-01-24,3661,2b189e78-6fdf-4154-adca-5aaef2bd79ae,37.3282025,-107.808914
2021-01-25,4534,2b189e78-6fdf-4154-adca-5aaef2bd79ae,37.3282025,-107.808914
2021-01-26,3124,2b189e78-6fdf-4154-adca-5aaef2bd79ae,37.3282025,-107.808914
2021-01-27,6607,2b189e78-6fdf-4154-adca-5aaef2bd79ae,37.3282025,-107.808914
2021-01-28,3417,2b189e78-6fdf-4154-adca-5aaef2bd79ae,37.3282025,-107.808914
2021-01-29,934,2b189e78-6fdf-4154-adca-5aaef2bd79ae,37.3282025,-107.808914
2021-01-30,4594,2b189e78-6fdf-4154-adca-5aaef2bd79ae,37.3282025,-107.808914
2021-01-31,4273,2b189e78-6fdf-4154-adca-5aaef2bd79ae,37.3282025,-107.808914
2021-02-01,4771,2b189e78-6fdf-4154-adca-5aaef2bd79ae,37.3282025,-107.808914
2021-02-02,4665,2b189e78-6fdf-4154-adca-5aaef2bd79ae,37.3282025,-107.808914
2021-02-03,1765,2b189e78-6fdf-4154-adca-5aaef2bd79ae,37.3282025,-107.808914
2021-02-04,3770,2b189e78-6fdf-4154-adca-5aaef2bd79ae,37.3282025,-107.808914
2021-02-05,4940,2b189e78-6fdf-4154-adca-5aaef2bd79ae,37.3282025,-107.808914
2021-02-06,4185,2b189e78-6fdf-4154-adca-5aaef2bd79ae,37.3282025,-107.808914
2021-02-07,2496,2b189e78-6fdf-4154-adca-5aaef2bd79ae,37.3282025,-107.808914
2021-02-08,4004,2b189e78-6fdf-4154-adca-5aaef2bd79ae,37.3282025,-107.808914
2021-02-09,2182,2b189e78-6fdf-4154-adca-5aaef2bd79ae,37.3282025,-107.808914
2021-02-10,2800,2b189e78-6fdf-4154-adca-5aaef2bd79ae,37.3282025,-107.808914
2021-02-11,2833,2b189e78-6fdf-4154-adca-5aaef2bd79ae,37.3282025,-107.808914
2021-02-12,935,2b189e78-6fdf-4154-adca-5aaef2bd79ae,37.3282025,-107.808914
2021-02-13,4209,2b189e78-6fdf-4154-adca-5aaef2bd79ae,37.3282025,-107.808914
2021-02-14,2793,2b189e78-6fdf-4154-adca-5aaef2bd79ae,37.3282025,-107.808914
2021-02-15,3603,2b189e78-6fdf-4154-adca-5aaef2bd79ae,37.3282025,-107.808914
2021-02-16,686,2b189e78-6fdf-4154-adca-5aaef2bd79ae,37.3282025,-107.808914
2021-02-17,6514,2b189e78-6fdf-4154-adca-5aaef2bd79ae,37.3282025,-107.808914
2021-02-18,4406,2b189e78-6fdf-4154-adca-5aaef2bd79ae,37.3282025,-107.808914
2021-02-19,6869,2b189e78-6fdf-4154-adca-5aaef2bd79ae,37.3282025,-107.808914
2021-02-20,5570,2b189e78-6fdf-4154-adca-5aaef2bd79ae,37.3282025,-107.808914
2021-02-21,6514,2b189e78-6fdf-4154-adca-5aaef2bd79ae,37.3282025,-107.808914
2021-02-22,6582,2b189e78-6fdf-4154-adca-5aaef2bd79ae,37.3282025,-107.808914
2021-02-23,5257,2b189e78-6fdf-4154-adca-5aaef2bd79ae,37.3282025,-107.808914
2021-02-24,6400,2b189e78-6fdf-4154-adca-5aaef2bd79ae,37.3282025,-107.808914
2021-02-25,2748,2b189e78-6fdf-4154-adca-5aaef2bd79ae,37.3282025,-107.808914
2021-02-26,5371,2b189e78-6fdf-4154-adca-5aaef2bd79ae,37.3282025,-107.808914
2021-02-27,3047,2b189e78-6fdf-4154-adca-5aaef2bd79ae,37.3282025,-107.808914
2021-02-28,3467,2b189e78-6fdf-4154-adca-5aaef2bd79ae,37.3282025,-107.808914
2021-03-01,2934,2b189e78-6fdf-4154-adca-5aaef2bd79ae,37.3282025,-107.808914
2021-03-02,3083,2b189e78-6fdf-4154-adca-5aaef2bd79ae,37.3282025,-107.808914
2021-03-03,3832,2b189e78-6fdf-4154-adca-5aaef2bd79ae,37.3282025,-107.808914
2021-03-04,4045,2b189e78-6fdf-4154-adca-5aaef2bd79ae,37.3282025,-107.808914
2021-03-05,2785,2b189e78-6fdf-4154-adca-5aaef2bd79ae,37.3282025,-107.808914
2021-03-06,1404,2b189e78-6fdf-4154-adca-5aaef2bd79ae,37.3282025,-107.808914
2021-03-07,2335,2b189e78-6fdf-4154-adca-5aaef2bd79ae,37.3282025,-107.808914
2021-03-08,310,2b189e78-6fdf-4154-adca-5aaef2bd79ae,37.3282025,-107.808914
2021-03-09,4198,2b189e78-6fdf-4154-adca-5aaef2bd79ae,37.3282025,-107.808914
2021-03-10,1912,2b189e78-6fdf-4154-adca-5aaef2bd79ae,37.3282025,-107.808914
2021-03-11,-427,2b189e78-6fdf-4154-adca-5aaef2bd79ae,37.3282025,-107.808914
2021-03-12,-472,2b189e78-6fdf-4154-adca-5aaef2bd79ae,37.3282025,-107.808914
2021-03-13,3641,2b189e78-6fdf-4154-adca-5aaef2bd79ae,37.3282025,-107.808914
2021-03-14,496,2b189e78-6fdf-4154-adca-5aaef2bd79ae,37.3282025,-107.808914
2021-03-15,1967,2b189e78-6fdf-4154-adca-5aaef2bd79ae,37.3282025,-107.808914
2021-03-16,3069,2b189e78-6fdf-4154-adca-5aaef2bd79ae,37.3282025,-107.808914
2021-03-17,-1271,2b189e78-6fdf-4154-adca-5aaef2bd79ae,37.3282025,-107.808914
2021-03-18,-2545,2b189e78-6fdf-4154-adca-5aaef2bd79ae,37.3282025,-107.808914
2021-03-19,-1681,2b189e78-6fdf-4154-adca-5aaef2bd79ae,37.3282025,-107.808914
2021-03-20,1413,2b189e78-6fdf-4154-adca-5aaef2bd79ae,37.3282025,-107.808914
2021-03-21,-973,2b189e78-6fdf-4154-adca-5aaef2bd79ae,37.3282025,-107.808914
2021-03-22,1120,2b189e78-6fdf-4154-adca-5aaef2bd79ae,37.3282025,-107.808914
2021-03-23,1446,2b189e78-6fdf-4154-adca-5aaef2bd79ae,37.3282025,-107.808914
2021-03-24,4661,2b189e78-6fdf-4154-adca-5aaef2bd79ae,37.3282025,-107.808914
2021-03-25,1160,2b189e78-6fdf-4154-adca-5aaef2bd79ae,37.3282025,-107.808914
2021-03-26,1513,2b189e78-6fdf-4154-adca-5aaef2bd79ae,37.3282025,-107.808914
2021-03-27,5553,2b189e78-6fdf-4154-adca-5aaef2bd79ae,37.3282025,-107.808914
2021-03-28,3289,2b189e78-6fdf-4154-adca-5aaef2bd79ae,37.3282025,-107.808914
2021-03-29,-883,2b189e78-6fdf-4154-adca-5aaef2bd79ae,37.3282025,-107.808914
2021-03-30,-3915,2b189e78-6fdf-4154-adca-5aaef2bd79ae,37.3282025,-107.808914
2021-03-31,-2172,2b189e78-6fdf-4154-adca-5aaef2bd79ae,37.3282025,-107.808914
2021-04-01,-4326,2b189e78-6fdf-4154-adca-5aaef2bd79ae,37.3282025,-107.808914
2021-04-02,-3443,2b189e78-6fdf-4154-adca-5aaef2bd79ae,37.3282025,-107.808914
2021-04-03,-4191,2b189e78-6fdf-4154-adca-5aaef2bd79ae,37.3282025,-107.808914
2021-04-04,-2902,2b189e78-6fdf-4154-adca-5aaef2bd79ae,37.3282025,-107.808914
2021-04-05,316,2b189e78-6fdf-4154-adca-5aaef2bd79ae,37.3282025,-107.808914
2021-04-06,-4738,2b189e78-6fdf-4154-adca-5aaef2bd79ae,37.3282025,-107.808914
2021-04-07,-2481,2b189e78-6fdf-4154-adca-5aaef2bd79ae,37.3282025,-107.808914
2021-04-08,-3633,2b189e78-6fdf-4154-adca-5aaef2bd79ae,37.3282025,-107.808914
2021-04-09,-3439,2b189e78-6fdf-4154-adca-5aaef2bd79ae,37.3282025,-107.808914
2021-04-10,-4499,2b189e78-6fdf-4154-adca-5aaef2bd79ae,37.3282025,-107.808914
2021-04-11,-4297,2b189e78-6fdf-4154-adca-5aaef2bd79ae,37.3282025,-107.808914
2021-04-12,-3401,2b189e78-6fdf-4154-adca-5aaef2bd79ae,37.3282025,-107.808914
2021-04-13,1114,2b189e78-6fdf-4154-adca-5aaef2bd79ae,37.3282025,-107.808914
2021-04-14,-1616,2b189e78-6fdf-4154-adca-5aaef2bd79ae,37.3282025,-107.808914
2021-04-15,-4535,2b189e78-6fdf-4154-adca-5aaef2bd79ae,37.3282025,-107.808914
2021-04-16,-1614,2b189e78-6fdf-4154-adca-5aaef2bd79ae,37.3282025,-107.808914
2021-04-17,4799,2b189e78-6fdf-4154-adca-5aaef2bd79ae,37.3282025,-107.808914
2021-04-18,-3244,2b189e78-6fdf-4154-adca-5aaef2bd79ae,37.3282025,-107.808914
2021-04-19,-4278,2b189e78-6fdf-4154-adca-5aaef2bd79ae,37.3282025,-107.808914
2021-04-20,-4640,2b189e78-6fdf-4154-adca-5aaef2bd79ae,37.3282025,-107.808914
2021-04-21,1446,2b189e78-6fdf-4154-adca-5aaef2bd79ae,37.3282025,-107.808914
2021-04-22,-1019,2b189e78-6fdf-4154-adca-5aaef2bd79ae,37.3282025,-107.808914
2021-04-23,2641,2b189e78-6fdf-4154-adca-5aaef2bd79ae,37.3282025,-107.808914
2021-04-24,-4979,2b189e78-6fdf-4154-adca-5aaef2bd79ae,37.3282025,-107.808914
2021-04-25,-3673,2b189e78-6fdf-4154-adca-5aaef2bd79ae,37.3282025,-107.808914
2021-04-26,3494,2b189e78-6fdf-4154-adca-5aaef2bd79ae,37.3282025,-107.808914
2021-04-27,363,2b189e78-6fdf-4154-adca-5aaef2bd79ae,37.3282025,-107.808914
2021-04-28,-3226,2b189e78-6fdf-4154-adca-5aaef2bd79ae,37.3282025,-107.808914
2021-04-29,-4950,2b189e78-6fdf-4154-adca-5aaef2bd79ae,37.3282025,-107.808914
2021-04-30,-3427,2b189e78-6fdf-4154-adca-5aaef2bd79ae,37.3282025,-107.808914
2021-05-01,-2011,2b189e78-6fdf-4154-adca-5aaef2bd79ae,37.3282025,-107.808914
2021-05-02,-3043,2b189e78-6fdf-4154-adca-5aaef2bd79ae,37.3282025,-107.808914
2021-05-03,4191,2b189e78-6fdf-4154-adca-5aaef2bd79ae,37.3282025,-107.808914
2021-05-04,-1682,2b189e78-6fdf-4154-adca-5aaef2bd79ae,37.3282025,-107.808914
2021-05-05,-4460,2b189e78-6fdf-4154-adca-5aaef2bd79ae,37.3282025,-107.808914
2021-05-06,-4432,2b189e78-6fdf-4154-adca-5aaef2bd79ae,37.3282025,-107.808914
2021-05-07,-3258,2b189e78-6fdf-4154-adca-5aaef2bd79ae,37.3282025,-107.808914
2021-05-08,-4558,2b189e78-6fdf-4154-adca-5aaef2bd79ae,37.3282025,-107.808914
2021-05-09,-2059,2b189e78-6fdf-4154-adca-5aaef2bd79ae,37.3282025,-107.808914
2021-05-10,111,2b189e78-6fdf-4154-adca-5aaef2bd79ae,37.3282025,-107.808914
2021-05-11,-3727,2b189e78-6fdf-4154-adca-5aaef2bd79ae,37.3282025,-107.808914
2021-05-12,-4560,2b189e78-6fdf-4154-adca-5aaef2bd79ae,37.3282025,-107.808914
2021-05-13,-4301,2b189e78-6fdf-4154-adca-5aaef2bd79ae,37.3282025,-107.808914
2021-05-14,-3862,2b189e78-6fdf-4154-adca-5aaef2bd79ae,37.3282025,-107.808914
2021-05-15,-2827,2b189e78-6fdf-4154-adca-5aaef2bd79ae,37.3282025,-107.808914
2021-05-16,-3291,2b189e78-6fdf-4154-adca-5aaef2bd79ae,37.3282025,-107.808914
2021-05-17,780,2b189e78-6fdf-4154-adca-5aaef2bd79ae,37.3282025,-107.808914
2021-05-18,5815,2b189e78-6fdf-4154-adca-5aaef2bd79ae,37.3282025,-107.808914
2021-05-19,416,2b189e78-6fdf-4154-adca-5aaef2bd79ae,37.3282025,-107.808914
2021-05-20,-2143,2b189e78-6fdf-4154-adca-5aaef2bd79ae,37.3282025,-107.808914
2021-05-21,5670,2b189e78-6fdf-4154-adca-5aaef2bd79ae,37.3282025,-107.808914
2021-05-22,2386,2b189e78-6fdf-4154-adca-5aaef2bd79ae,37.3282025,-107.808914
2021-05-23,-3167,2b189e78-6fdf-4154-adca-5aaef2bd79ae,37.3282025,-107.808914
2021-05-24,-4718,2b189e78-6fdf-4154-adca-5aaef2bd79ae,37.3282025,-107.808914
2021-05-25,-2883,2b189e78-6fdf-4154-adca-5aaef2bd79ae,37.3282025,-107.808914
2021-05-26,830,2b189e78-6fdf-4154-adca-5aaef2bd79ae,37.3282025,-107.808914
2021-05-27,-1228,2b189e78-6fdf-4154-adca-5aaef2bd79ae,37.3282025,-107.808914
2021-05-28,-4269,2b189e78-6fdf-4154-adca-5aaef2bd79ae,37.3282025,-107.808914
2021-05-29,-3969,2b189e78-6fdf-4154-adca-5aaef2bd79ae,37.3282025,-107.808914
2021-05-30,2326,2b189e78-6fdf-4154-adca-5aaef2bd79ae,37.3282025,-107.808914
2021-06-01,-3002,2b189e78-6fdf-4154-adca-5aaef2bd79ae,37.3282025,-107.808914
2021-06-02,3110,2b189e78-6fdf-4154-adca-5aaef2bd79ae,37.3282025,-107.808914
2021-06-03,5005,2b189e78-6fdf-4154-adca-5aaef2bd79ae,37.3282025,-107.808914
2021-06-04,-4439,2b189e78-6fdf-4154-adca-5aaef2bd79ae,37.3282025,-107.808914
2021-06-05,3561,2b189e78-6fdf-4154-adca-5aaef2bd79ae,37.3282025,-107.808914
2021-06-06,-3902,2b189e78-6fdf-4154-adca-5aaef2bd79ae,37.3282025,-107.808914
2021-06-07,-3962,2b189e78-6fdf-4154-adca-5aaef2bd79ae,37.3282025,-107.808914
2021-06-08,-3247,2b189e78-6fdf-4154-adca-5aaef2bd79ae,37.3282025,-107.808914
2021-06-09,-4209,2b189e78-6fdf-4154-adca-5aaef2bd79ae,37.3282025,-107.808914
2021-06-10,73,2b189e78-6fdf-4154-adca-5aaef2bd79ae,37.3282025,-107.808914
2021-06-11,-4676,2b189e78-6fdf-4154-adca-5aaef2bd79ae,37.3282025,-107.808914
2021-06-12,-3458,2b189e78-6fdf-4154-adca-5aaef2bd79ae,37.3282025,-107.808914
2021-06-13,-4374,2b189e78-6fdf-4154-adca-5aaef2bd79ae,37.3282025,-107.808914
2021-06-14,-2959,2b189e78-6fdf-4154-adca-5aaef2bd79ae,37.3282025,-107.808914
2021-06-15,-3304,2b189e78-6fdf-4154-adca-5aaef2bd79ae,37.3282025,-107.808914
2021-06-16,-3257,2b189e78-6fdf-4154-adca-5aaef2bd79ae,37.3282025,-107.808914
2021-06-17,-2571,2b189e78-6fdf-4154-adca-5aaef2bd79ae,37.3282025,-107.808914
2021-06-18,-4568,2b189e78-6fdf-4154-adca-5aaef2bd79ae,37.3282025,-107.808914
2021-06-19,3780,2b189e78-6fdf-4154-adca-5aaef2bd79ae,37.3282025,-107.808914
2021-06-20,-4594,2b189e78-6fdf-4154-adca-5aaef2bd79ae,37.3282025,-107.808914
2021-06-21,-3429,2b189e78-6fdf-4154-adca-5aaef2bd79ae,37.3282025,-107.808914
2021-06-22,-3860,2b189e78-6fdf-4154-adca-5aaef2bd79ae,37.3282025,-107.808914
2021-06-23,427,2b189e78-6fdf-4154-adca-5aaef2bd79ae,37.3282025,-107.808914
2021-06-24,-3364,2b189e78-6fdf-4154-adca-5aaef2bd79ae,37.3282025,-107.808914
2021-06-25,-1768,2b189e78-6fdf-4154-adca-5aaef2bd79ae,37.3282025,-107.808914
2021-06-26,2839,2b189e78-6fdf-4154-adca-5aaef2bd79ae,37.3282025,-107.808914
2021-06-27,-1377,2b189e78-6fdf-4154-adca-5aaef2bd79ae,37.3282025,-107.808914
2021-06-28,-2198,2b189e78-6fdf-4154-adca-5aaef2bd79ae,37.3282025,-107.808914
2021-06-29,1848,2b189e78-6fdf-4154-adca-5aaef2bd79ae,37.3282025,-107.808914
2021-06-30,-404,2b189e78-6fdf-4154-adca-5aaef2bd79ae,37.3282025,-107.808914
2021-07-01,-3672,2b189e78-6fdf-4154-adca-5aaef2bd79ae,37.3282025,-107.808914
2021-07-02,-4391,2b189e78-6fdf-4154-adca-5aaef2bd79ae,37.3282025,-107.808914
2021-07-03,-3057,2b189e78-6fdf-4154-adca-5aaef2bd79ae,37.3282025,-107.808914
2021-07-04,-4676,2b189e78-6fdf-4154-adca-5aaef2bd79ae,37.3282025,-107.808914
2021-07-05,-2101,2b189e78-6fdf-4154-adca-5aaef2bd79ae,37.3282025,-107.808914
2021-07-06,-4286,2b189e78-6fdf-4154-adca-5aaef2bd79ae,37.3282025,-107.808914
2021-07-07,-3463,2b189e78-6fdf-4154-adca-5aaef2bd79ae,37.3282025,-107.808914
2021-07-08,-4116,2b189e78-6fdf-4154-adca-5aaef2bd79ae,37.3282025,-107.808914
2021-07-09,3175,2b189e78-6fdf-4154-adca-5aaef2bd79ae,37.3282025,-107.808914
2021-07-10,-3509,2b189e78-6fdf-4154-adca-5aaef2bd79ae,37.3282025,-107.808914
2021-07-11,-3794,2b189e78-6fdf-4154-adca-5aaef2bd79ae,37.3282025,-107.808914
2021-07-12,72,2b189e78-6fdf-4154-adca-5aaef2bd79ae,37.3282025,-107.808914
2021-07-13,-4136,2b189e78-6fdf-4154-adca-5aaef2bd79ae,37.3282025,-107.808914
2021-07-14,2815,2b189e78-6fdf-4154-adca-5aaef2bd79ae,37.3282025,-107.808914
2021-07-15,-4390,2b189e78-6fdf-4154-adca-5aaef2bd79ae,37.3282025,-107.808914
2021-07-16,3976,2b189e78-6fdf-4154-adca-5aaef2bd79ae,37.3282025,-107.808914
2021-07-17,-3714,2b189e78-6fdf-4154-adca-5aaef2bd79ae,37.3282025,-107.808914
2021-07-18,-4313,2b189e78-6fdf-4154-adca-5aaef2bd79ae,37.3282025,-107.808914
2021-07-19,-2716,2b189e78-6fdf-4154-adca-5aaef2bd79ae,37.3282025,-107.808914
2021-07-20,-4471,2b189e78-6fdf-4154-adca-5aaef2bd79ae,37.3282025,-107.808914
2021-07-21,-1500,2b189e78-6fdf-4154-adca-5aaef2bd79ae,37.3282025,-107.808914
2021-07-22,-4620,2b189e78-6fdf-4154-adca-5aaef2bd79ae,37.3282025,-107.808914
2021-07-23,-2785,2b189e78-6fdf-4154-adca-5aaef2bd79ae,37.3282025,-107.808914
2021-07-24,-1375,2b189e78-6fdf-4154-adca-5aaef2bd79ae,37.3282025,-107.808914
2021-07-25,-2815,2b189e78-6fdf-4154-adca-5aaef2bd79ae,37.3282025,-107.808914
2021-07-26,-2200,2b189e78-6fdf-4154-adca-5aaef2bd79ae,37.3282025,-107.808914
2021-07-27,-3958,2b189e78-6fdf-4154-adca-5aaef2bd79ae,37.3282025,-107.808914
2021-07-28,-1648,2b189e78-6fdf-4154-adca-5aaef2bd79ae,37.3282025,-107.808914
2021-07-29,-3726,2b189e78-6fdf-4154-adca-5aaef2bd79ae,37.3282025,-107.808914
2021-07-30,-2585,2b189e78-6fdf-4154-adca-5aaef2bd79ae,37.3282025,-107.808914
2021-07-31,-4242,2b189e78-6fdf-4154-adca-5aaef2bd79ae,37.3282025,-107.808914
2021-08-01,904,2b189e78-6fdf-4154-adca-5aaef2bd79ae,37.3282025,-107.808914
2021-08-02,-1642,2b189e78-6fdf-4154-adca-5aaef2bd79ae,37.3282025,-107.808914
2021-08-03,2733,2b189e78-6fdf-4154-adca-5aaef2bd79ae,37.3282025,-107.808914
2021-08-04,-2852,2b189e78-6fdf-4154-adca-5aaef2bd79ae,37.3282025,-107.808914
2021-08-05,-4738,2b189e78-6fdf-4154-adca-5aaef2bd79ae,37.3282025,-107.808914
2021-08-06,-1846,2b189e78-6fdf-4154-adca-5aaef2bd79ae,37.3282025,-107.808914
2021-08-07,-2695,2b189e78-6fdf-4154-adca-5aaef2bd79ae,37.3282025,-107.808914
2021-08-08,-2137,2b189e78-6fdf-4154-adca-5aaef2bd79ae,37.3282025,-107.808914
2021-08-09,-3927,2b189e78-6fdf-4154-adca-5aaef2bd79ae,37.3282025,-107.808914
2021-08-10,-3179,2b189e78-6fdf-4154-adca-5aaef2bd79ae,37.3282025,-107.808914
2021-08-11,-780,2b189e78-6fdf-4154-adca-5aaef2bd79ae,37.3282025,-107.808914
2021-08-12,-4124,2b189e78-6fdf-4154-adca-5aaef2bd79ae,37.3282025,-107.808914
2021-08-13,-99,2b189e78-6fdf-4154-adca-5aaef2bd79ae,37.3282025,-107.808914
2021-08-14,-4631,2b189e78-6fdf-4154-adca-5aaef2bd79ae,37.3282025,-107.808914
2021-08-15,659,2b189e78-6fdf-4154-adca-5aaef2bd79ae,37.3282025,-107.808914
2021-08-16,-3372,2b189e78-6fdf-4154-adca-5aaef2bd79ae,37.3282025,-107.808914
2021-08-17,-2838,2b189e78-6fdf-4154-adca-5aaef2bd79ae,37.3282025,-107.808914
2021-08-18,-3350,2b189e78-6fdf-4154-adca-5aaef2bd79ae,37.3282025,-107.808914
2021-08-19,6586,2b189e78-6fdf-4154-adca-5aaef2bd79ae,37.3282025,-107.808914
2021-08-20,-2619,2b189e78-6fdf-4154-adca-5aaef2bd79ae,37.3282025,-107.808914
2021-08-21,-3117,2b189e78-6fdf-4154-adca-5aaef2bd79ae,37.3282025,-107.808914
2021-08-22,-2894,2b189e78-6fdf-4154-adca-5aaef2bd79ae,37.3282025,-107.808914
2021-08-23,-3190,2b189e78-6fdf-4154-adca-5aaef2bd79ae,37.3282025,-107.808914
2021-08-24,-3817,2b189e78-6fdf-4154-adca-5aaef2bd79ae,37.3282025,-107.808914
2021-08-25,-3975,2b189e78-6fdf-4154-adca-5aaef2bd79ae,37.3282025,-107.808914
2021-08-26,-2613,2b189e78-6fdf-4154-adca-5aaef2bd79ae,37.3282025,-107.808914
2021-08-27,-3303,2b189e78-6fdf-4154-adca-5aaef2bd79ae,37.3282025,-107.808914
2021-08-28,-4447,2b189e78-6fdf-4154-adca-5aaef2bd79ae,37.3282025,-107.808914
2021-08-29,-2070,2b189e78-6fdf-4154-adca-5aaef2bd79ae,37.3282025,-107.808914
2021-08-30,-3956,2b189e78-6fdf-4154-adca-5aaef2bd79ae,37.3282025,-107.808914
2021-08-31,-2485,2b189e78-6fdf-4154-adca-5aaef2bd79ae,37.3282025,-107.808914
2021-09-01,2836,2b189e78-6fdf-4154-adca-5aaef2bd79ae,37.3282025,-107.808914
2021-09-02,2598,2b189e78-6fdf-4154-adca-5aaef2bd79ae,37.3282025,-107.808914
2021-09-03,-791,2b189e78-6fdf-4154-adca-5aaef2bd79ae,37.3282025,-107.808914
2021-09-04,-2584,2b189e78-6fdf-4154-adca-5aaef2bd79ae,37.3282025,-107.808914
2021-09-05,-2820,2b189e78-6fdf-4154-adca-5aaef2bd79ae,37.3282025,-107.808914
2021-09-06,-4574,2b189e78-6fdf-4154-adca-5aaef2bd79ae,37.3282025,-107.808914
2021-09-07,-2597,2b189e78-6fdf-4154-adca-5aaef2bd79ae,37.3282025,-107.808914
2021-09-08,-4314,2b189e78-6fdf-4154-adca-5aaef2bd79ae,37.3282025,-107.808914
2021-09-09,-3099,2b189e78-6fdf-4154-adca-5aaef2bd79ae,37.3282025,-107.808914
2021-09-10,-3694,2b189e78-6fdf-4154-adca-5aaef2bd79ae,37.3282025,-107.808914
2021-09-11,-3827,2b189e78-6fdf-4154-adca-5aaef2bd79ae,37.3282025,-107.808914
2021-09-12,-2986,2b189e78-6fdf-4154-adca-5aaef2bd79ae,37.3282025,-107.808914
2021-09-13,-1624,2b189e78-6fdf-4154-adca-5aaef2bd79ae,37.3282025,-107.808914
2021-09-14,-2633,2b189e78-6fdf-4154-adca-5aaef2bd79ae,37.3282025,-107.808914
2021-09-15,-4555,2b189e78-6fdf-4154-adca-5aaef2bd79ae,37.3282025,-107.808914
2021-09-16,-2805,2b189e78-6fdf-4154-adca-5aaef2bd79ae,37.3282025,-107.808914
2021-09-17,-4229,2b189e78-6fdf-4154-adca-5aaef2bd79ae,37.3282025,-107.808914
2021-09-18,-177,2b189e78-6fdf-4154-adca-5aaef2bd79ae,37.3282025,-107.808914
2021-09-19,-3094,2b189e78-6fdf-4154-adca-5aaef2bd79ae,37.3282025,-107.808914
2021-09-20,-1235,2b189e78-6fdf-4154-adca-5aaef2bd79ae,37.3282025,-107.808914
2021-09-21,-2936,2b189e78-6fdf-4154-adca-5aaef2bd79ae,37.3282025,-107.808914
2021-09-23,-2630,2b189e78-6fdf-4154-adca-5aaef2bd79ae,37.3282025,-107.808914
2021-09-24,-4419,2b189e78-6fdf-4154-adca-5aaef2bd79ae,37.3282025,-107.808914
2021-09-25,-3167,2b189e78-6fdf-4154-adca-5aaef2bd79ae,37.3282025,-107.808914
2021-09-26,-1148,2b189e78-6fdf-4154-adca-5aaef2bd79ae,37.3282025,-107.808914
2021-09-27,1363,2b189e78-6fdf-4154-adca-5aaef2bd79ae,37.3282025,-107.808914
2021-09-28,1454,2b189e78-6fdf-4154-adca-5aaef2bd79ae,37.3282025,-107.808914
2021-09-29,-2035,2b189e78-6fdf-4154-adca-5aaef2bd79ae,37.3282025,-107.808914
2021-09-30,505,2b189e78-6fdf-4154-adca-5aaef2bd79ae,37.3282025,-107.808914
2021-10-01,2031,2b189e78-6fdf-4154-adca-5aaef2bd79ae,37.3282025,-107.808914
2021-10-02,-2559,2b189e78-6fdf-4154-adca-5aaef2bd79ae,37.3282025,-107.808914
2021-10-03,-3812,2b189e78-6fdf-4154-adca-5aaef2bd79ae,37.3282025,-107.808914
2021-10-04,-3799,2b189e78-6fdf-4154-adca-5aaef2bd79ae,37.3282025,-107.808914
2021-10-05,-2364,2b189e78-6fdf-4154-adca-5aaef2bd79ae,37.3282025,-107.808914
2021-10-06,-1919,2b189e78-6fdf-4154-adca-5aaef2bd79ae,37.3282025,-107.808914
2021-10-07,-2537,2b189e78-6fdf-4154-adca-5aaef2bd79ae,37.3282025,-107.808914
2021-10-08,1091,2b189e78-6fdf-4154-adca-5aaef2bd79ae,37.3282025,-107.808914
2021-10-09,-1186,2b189e78-6fdf-4154-adca-5aaef2bd79ae,37.3282025,-107.808914
2021-10-10,-4468,2b189e78-6fdf-4154-adca-5aaef2bd79ae,37.3282025,-107.808914
2021-10-11,-3179,2b189e78-6fdf-4154-adca-5aaef2bd79ae,37.3282025,-107.808914
2021-10-12,2410,2b189e78-6fdf-4154-adca-5aaef2bd79ae,37.3282025,-107.808914
2021-10-13,830,2b189e78-6fdf-4154-adca-5aaef2bd79ae,37.3282025,-107.808914
2021-10-14,-174,2b189e78-6fdf-4154-adca-5aaef2bd79ae,37.3282025,-107.808914
2021-10-15,-4175,2b189e78-6fdf-4154-adca-5aaef2bd79ae,37.3282025,-107.808914
2021-10-16,-2261,2b189e78-6fdf-4154-adca-5aaef2bd79ae,37.3282025,-107.808914
2021-10-17,-4264,2b189e78-6fdf-4154-adca-5aaef2bd79ae,37.3282025,-107.808914
2021-10-18,-1412,2b189e78-6fdf-4154-adca-5aaef2bd79ae,37.3282025,-107.808914
2021-10-19,-1307,2b189e78-6fdf-4154-adca-5aaef2bd79ae,37.3282025,-107.808914
2021-10-20,-4014,2b189e78-6fdf-4154-adca-5aaef2bd79ae,37.3282025,-107.808914
2021-10-21,-675,2b189e78-6fdf-4154-adca-5aaef2bd79ae,37.3282025,-107.808914
2021-10-22,-4077,2b189e78-6fdf-4154-adca-5aaef2bd79ae,37.3282025,-107.808914
2021-10-23,3151,2b189e78-6fdf-4154-adca-5aaef2bd79ae,37.3282025,-107.808914
2021-10-24,-4536,2b189e78-6fdf-4154-adca-5aaef2bd79ae,37.3282025,-107.808914
2021-10-25,-2993,2b189e78-6fdf-4154-adca-5aaef2bd79ae,37.3282025,-107.808914
2021-10-26,226,2b189e78-6fdf-4154-adca-5aaef2bd79ae,37.3282025,-107.808914
2021-10-27,-3544,2b189e78-6fdf-4154-adca-5aaef2bd79ae,37.3282025,-107.808914
2021-10-28,-3699,2b189e78-6fdf-4154-adca-5aaef2bd79ae,37.3282025,-107.808914
2021-10-29,-4384,2b189e78-6fdf-4154-adca-5aaef2bd79ae,37.3282025,-107.808914
2021-10-30,-3374,2b189e78-6fdf-4154-adca-5aaef2bd79ae,37.3282025,-107.808914
2021-10-31,-2730,2b189e78-6fdf-4154-adca-5aaef2bd79ae,37.3282025,-107.808914
2021-11-01,-2392,2b189e78-6fdf-4154-adca-5aaef2bd79ae,37.3282025,-107.808914
2021-11-02,-1174,2b189e78-6fdf-4154-adca-5aaef2bd79ae,37.3282025,-107.808914
2021-11-03,-3258,2b189e78-6fdf-4154-adca-5aaef2bd79ae,37.3282025,-107.808914
2021-11-04,-4142,2b189e78-6fdf-4154-adca-5aaef2bd79ae,37.3282025,-107.808914
2021-11-05,-3944,2b189e78-6fdf-4154-adca-5aaef2bd79ae,37.3282025,-107.808914
2021-11-06,-3194,2b189e78-6fdf-4154-adca-5aaef2bd79ae,37.3282025,-107.808914
2021-11-07,-4401,2b189e78-6fdf-4154-adca-5aaef2bd79ae,37.3282025,-107.808914
2021-11-08,-2764,2b189e78-6fdf-4154-adca-5aaef2bd79ae,37.3282025,-107.808914
2021-11-09,675,2b189e78-6fdf-4154-adca-5aaef2bd79ae,37.3282025,-107.808914
2021-11-10,-2382,2b189e78-6fdf-4154-adca-5aaef2bd79ae,37.3282025,-107.808914
2021-11-11,-4590,2b189e78-6fdf-4154-adca-5aaef2bd79ae,37.3282025,-107.808914
2021-11-12,-3391,2b189e78-6fdf-4154-adca-5aaef2bd79ae,37.3282025,-107.808914
2021-11-13,-3812,2b189e78-6fdf-4154-adca-5aaef2bd79ae,37.3282025,-107.808914
2021-11-14,-2739,2b189e78-6fdf-4154-adca-5aaef2bd79ae,37.3282025,-107.808914
2021-11-15,-1605,2b189e78-6fdf-4154-adca-5aaef2bd79ae,37.3282025,-107.808914
2021-11-16,1175,2b189e78-6fdf-4154-adca-5aaef2bd79ae,37.3282025,-107.808914
2021-11-17,-2058,2b189e78-6fdf-4154-adca-5aaef2bd79ae,37.3282025,-107.808914
2021-11-18,-2245,2b189e78-6fdf-4154-adca-5aaef2bd79ae,37.3282025,-107.808914
2021-11-19,2401,2b189e78-6fdf-4154-adca-5aaef2bd79ae,37.3282025,-107.808914
2021-11-20,1573,2b189e78-6fdf-4154-adca-5aaef2bd79ae,37.3282025,-107.808914
2021-11-21,-3727,2b189e78-6fdf-4154-adca-5aaef2bd79ae,37.3282025,-107.808914
2021-11-22,-3565,2b189e78-6fdf-4154-adca-5aaef2bd79ae,37.3282025,-107.808914
2021-11-23,2764,2b189e78-6fdf-4154-adca-5aaef2bd79ae,37.3282025,-107.808914
2021-11-24,-458,2b189e78-6fdf-4154-adca-5aaef2bd79ae,37.3282025,-107.808914
2021-11-25,-4504,2b189e78-6fdf-4154-adca-5aaef2bd79ae,37.3282025,-107.808914
2021-11-26,-2245,2b189e78-6fdf-4154-adca-5aaef2bd79ae,37.3282025,-107.808914
2021-11-27,-4549,2b189e78-6fdf-4154-adca-5aaef2bd79ae,37.3282025,-107.808914
2021-11-28,-3518,2b189e78-6fdf-4154-adca-5aaef2bd79ae,37.3282025,-107.808914
2021-11-29,-3939,2b189e78-6fdf-4154-adca-5aaef2bd79ae,37.3282025,-107.808914
2021-11-30,-4289,2b189e78-6fdf-4154-adca-5aaef2bd79ae,37.3282025,-107.808914
2021-12-01,-3094,2b189e78-6fdf-4154-adca-5aaef2bd79ae,37.3282025,-107.808914
2021-12-02,-4669,2b189e78-6fdf-4154-adca-5aaef2bd79ae,37.3282025,-107.808914
2021-12-03,-2038,2b189e78-6fdf-4154-adca-5aaef2bd79ae,37.3282025,-107.808914
2021-12-04,-4271,2b189e78-6fdf-4154-adca-5aaef2bd79ae,37.3282025,-107.808914
2021-12-05,-2930,2b189e78-6fdf-4154-adca-5aaef2bd79ae,37.3282025,-107.808914
2021-12-06,-718,2b189e78-6fdf-4154-adca-5aaef2bd79ae,37.3282025,-107.808914
2021-12-07,2292,2b189e78-6fdf-4154-adca-5aaef2bd79ae,37.3282025,-107.808914
2021-12-08,4196,2b189e78-6fdf-4154-adca-5aaef2bd79ae,37.3282025,-107.808914
2021-12-09,2619,2b189e78-6fdf-4154-adca-5aaef2bd79ae,37.3282025,-107.808914
2021-12-10,6069,2b189e78-6fdf-4154-adca-5aaef2bd79ae,37.3282025,-107.808914
2021-12-11,6674,2b189e78-6fdf-4154-adca-5aaef2bd79ae,37.3282025,-107.808914
2021-12-12,4511,2b189e78-6fdf-4154-adca-5aaef2bd79ae,37.3282025,-107.808914
2021-12-13,6360,2b189e78-6fdf-4154-adca-5aaef2bd79ae,37.3282025,-107.808914
2021-12-14,730,2b189e78-6fdf-4154-adca-5aaef2bd79ae,37.3282025,-107.808914
2021-12-15,1760,2b189e78-6fdf-4154-adca-5aaef2bd79ae,37.3282025,-107.808914
2021-12-16,4415,2b189e78-6fdf-4154-adca-5aaef2bd79ae,37.3282025,-107.808914
2021-12-17,3801,2b189e78-6fdf-4154-adca-5aaef2bd79ae,37.3282025,-107.808914
2021-12-18,6002,2b189e78-6fdf-4154-adca-5aaef2bd79ae,37.3282025,-107.808914
2021-12-19,3565,2b189e78-6fdf-4154-adca-5aaef2bd79ae,37.3282025,-107.808914
2021-12-20,5658,2b189e78-6fdf-4154-adca-5aaef2bd79ae,37.3282025,-107.808914
2021-12-21,3805,2b189e78-6fdf-4154-adca-5aaef2bd79ae,37.3282025,-107.808914
2021-12-22,3549,2b189e78-6fdf-4154-adca-5aaef2bd79ae,37.3282025,-107.808914
2021-12-23,1294,2b189e78-6fdf-4154-adca-5aaef2bd79ae,37.3282025,-107.808914
2021-12-24,4487,2b189e78-6fdf-4154-adca-5aaef2bd79ae,37.3282025,-107.808914
2021-12-25,7120,2b189e78-6fdf-4154-adca-5aaef2bd79ae,37.3282025,-107.808914
2021-12-26,1255,2b189e78-6fdf-4154-adca-5aaef2bd79ae,37.3282025,-107.808914
2021-12-27,3662,2b189e78-6fdf-4154-adca-5aaef2bd79ae,37.3282025,-107.808914
2021-12-28,827,2b189e78-6fdf-4154-adca-5aaef2bd79ae,37.3282025,-107.808914
2021-12-29,1046,2b189e78-6fdf-4154-adca-5aaef2bd79ae,37.3282025,-107.808914
2021-12-30,1352,2b189e78-6fdf-4154-adca-5aaef2bd79ae,37.3282025,-107.808914
