date,mod10a1_ndsi,cell_id,latitude,longitude
2020-01-01,993,60f9593a-74bd-418a-aa11-b0cca11beda2,47.970529,-123.8977405
2020-01-02,4389,60f9593a-74bd-418a-aa11-b0cca11beda2,47.970529,-123.8977405
2020-01-03,2819,60f9593a-74bd-418a-aa11-b0cca11beda2,47.970529,-123.8977405
2020-01-04,5057,60f9593a-74bd-418a-aa11-b0cca11beda2,47.970529,-123.8977405
2020-01-05,2798,60f9593a-74bd-418a-aa11-b0cca11beda2,47.970529,-123.8977405
2020-01-06,4196,60f9593a-74bd-418a-aa11-b0cca11beda2,47.970529,-123.8977405
2020-01-07,3605,60f9593a-74bd-418a-aa11-b0cca11beda2,47.970529,-123.8977405
2020-01-08,4147,60f9593a-74bd-418a-aa11-b0cca11beda2,47.970529,-123.8977405
2020-01-09,3717,60f9593a-74bd-418a-aa11-b0cca11beda2,47.970529,-123.8977405
2020-01-10,1236,60f9593a-74bd-418a-aa11-b0cca11beda2,47.970529,-123.8977405
2020-01-11,2350,60f9593a-74bd-418a-aa11-b0cca11beda2,47.970529,-123.8977405
2020-01-12,4117,60f9593a-74bd-418a-aa11-b0cca11beda2,47.970529,-123.8977405
2020-01-13,3555,60f9593a-74bd-418a-aa11-b0cca11beda2,47.970529,-123.8977405
2020-01-14,1017,60f9593a-74bd-418a-aa11-b0cca11beda2,47.970529,-123.8977405
2020-01-15,2937,60f9593a-74bd-418a-aa11-b0cca11beda2,47.970529,-123.8977405
2020-01-16,3966,60f9593a-74bd-418a-aa11-b0cca11beda2,47.970529,-123.8977405
2020-01-17,3084,60f9593a-74bd-418a-aa11-b0cca11beda2,47.970529,-123.8977405
2020-01-18,2022,60f9593a-74bd-418a-aa11-b0cca11beda2,47.970529,-123.8977405
2020-01-19,495,60f9593a-74bd-418a-aa11-b0cca11beda2,47.970529,-123.8977405
2020-01-20,1854,60f9593a-74bd-418a-aa11-b0cca11beda2,47.970529,-123.8977405
2020-01-21,4153,60f9593a-74bd-418a-aa11-b0cca11beda2,47.970529,-123.8977405
2020-01-22,4646,60f9593a-74bd-418a-aa11-b0cca11beda2,47.970529,-123.8977405
2020-01-23,4097,60f9593a-74bd-418a-aa11-b0cca11beda2,47.970529,-123.8977405
2020-01-24,5028,60f9593a-74bd-418a-aa11-b0cca11beda2,47.970529,-123.8977405
2020-01-25,6909,60f9593a-74bd-418a-aa11-b0cca11beda2,47.970529,-123.8977405
2020-01-26,2701,60f9593a-74bd-418a-aa11-b0cca11beda2,47.970529,-123.8977405
2020-01-27,2593,60f9593a-74bd-418a-aa11-b0cca11beda2,47.970529,-123.8977405
2020-01-28,699,60f9593a-74bd-418a-aa11-b0cca11beda2,47.970529,-123.8977405
2020-01-29,4450,60f9593a-74bd-418a-aa11-b0cca11beda2,47.970529,-123.8977405
2020-01-30,1604,60f9593a-74bd-418a-aa11-b0cca11beda2,47.970529,-123.8977405
2020-01-31,3497,60f9593a-74bd-418a-aa11-b0cca11beda2,47.970529,-123.8977405
2020-02-01,2562,60f9593a-74bd-418a-aa11-b0cca11beda2,47.970529,-123.8977405
2020-02-02,7076,60f9593a-74bd-418a-aa11-b0cca11beda2,47.970529,-123.8977405
2020-02-03,7561,60f9593a-74bd-418a-aa11-b0cca11beda2,47.970529,-123.8977405
2020-02-04,2162,60f9593a-74bd-418a-aa11-b0cca11beda2,47.970529,-123.8977405
2020-02-05,4351,60f9593a-74bd-418a-aa11-b0cca11beda2,47.970529,-123.8977405
2020-02-06,2013,60f9593a-74bd-418a-aa11-b0cca11beda2,47.970529,-123.8977405
2020-02-07,3041,60f9593a-74bd-418a-aa11-b0cca11beda2,47.970529,-123.8977405
2020-02-08,1539,60f9593a-74bd-418a-aa11-b0cca11beda2,47.970529,-123.8977405
2020-02-09,2943,60f9593a-74bd-418a-aa11-b0cca11beda2,47.970529,-123.8977405
2020-02-10,2799,60f9593a-74bd-418a-aa11-b0cca11beda2,47.970529,-123.8977405
2020-02-11,616,60f9593a-74bd-418a-aa11-b0cca11beda2,47.970529,-123.8977405
2020-02-12,-448,60f9593a-74bd-418a-aa11-b0cca11beda2,47.970529,-123.8977405
2020-02-13,2580,60f9593a-74bd-418a-aa11-b0cca11beda2,47.970529,-123.8977405
2020-02-14,2519,60f9593a-74bd-418a-aa11-b0cca11beda2,47.970529,-123.8977405
2020-02-15,4124,60f9593a-74bd-418a-aa11-b0cca11beda2,47.970529,-123.8977405
2020-02-16,5391,60f9593a-74bd-418a-aa11-b0cca11beda2,47.970529,-123.8977405
2020-02-17,2860,60f9593a-74bd-418a-aa11-b0cca11beda2,47.970529,-123.8977405
2020-02-18,3676,60f9593a-74bd-418a-aa11-b0cca11beda2,47.970529,-123.8977405
2020-02-19,3576,60f9593a-74bd-418a-aa11-b0cca11beda2,47.970529,-123.8977405
2020-02-20,3368,60f9593a-74bd-418a-aa11-b0cca11beda2,47.970529,-123.8977405
2020-02-21,1528,60f9593a-74bd-418a-aa11-b0cca11beda2,47.970529,-123.8977405
2020-02-22,2506,60f9593a-74bd-418a-aa11-b0cca11beda2,47.970529,-123.8977405
2020-02-23,4126,60f9593a-74bd-418a-aa11-b0cca11beda2,47.970529,-123.8977405
2020-02-24,879,60f9593a-74bd-418a-aa11-b0cca11beda2,47.970529,-123.8977405
2020-02-25,166,60f9593a-74bd-418a-aa11-b0cca11beda2,47.970529,-123.8977405
2020-02-26,1281,60f9593a-74bd-418a-aa11-b0cca11beda2,47.970529,-123.8977405
2020-02-27,2274,60f9593a-74bd-418a-aa11-b0cca11beda2,47.970529,-123.8977405
2020-02-28,2978,60f9593a-74bd-418a-aa11-b0cca11beda2,47.970529,-123.8977405
2020-02-29,4490,60f9593a-74bd-418a-aa11-b0cca11beda2,47.970529,-123.8977405
2020-03-01,2372,60f9593a-74bd-418a-aa11-b0cca11beda2,47.970529,-123.8977405
2020-03-02,1616,60f9593a-74bd-418a-aa11-b0cca11beda2,47.970529,-123.8977405
2020-03-03,-155,60f9593a-74bd-418a-aa11-b0cca11beda2,47.970529,-123.8977405
2020-03-04,4722,60f9593a-74bd-418a-aa11-b0cca11beda2,47.970529,-123.8977405
2020-03-05,2738,60f9593a-74bd-418a-aa11-b0cca11beda2,47.970529,-123.8977405
2020-03-06,4266,60f9593a-74bd-418a-aa11-b0cca11beda2,47.970529,-123.8977405
2020-03-07,3167,60f9593a-74bd-418a-aa11-b0cca11beda2,47.970529,-123.8977405
2020-03-08,2778,60f9593a-74bd-418a-aa11-b0cca11beda2,47.970529,-123.8977405
2020-03-09,2170,60f9593a-74bd-418a-aa11-b0cca11beda2,47.970529,-123.8977405
2020-03-10,1614,60f9593a-74bd-418a-aa11-b0cca11beda2,47.970529,-123.8977405
2020-03-11,1044,60f9593a-74bd-418a-aa11-b0cca11beda2,47.970529,-123.8977405
2020-03-12,-273,60f9593a-74bd-418a-aa11-b0cca11beda2,47.970529,-123.8977405
2020-03-13,3365,60f9593a-74bd-418a-aa11-b0cca11beda2,47.970529,-123.8977405
2020-03-14,1617,60f9593a-74bd-418a-aa11-b0cca11beda2,47.970529,-123.8977405
2020-03-15,1378,60f9593a-74bd-418a-aa11-b0cca11beda2,47.970529,-123.8977405
2020-03-16,1351,60f9593a-74bd-418a-aa11-b0cca11beda2,47.970529,-123.8977405
2020-03-17,3124,60f9593a-74bd-418a-aa11-b0cca11beda2,47.970529,-123.8977405
2020-03-18,1535,60f9593a-74bd-418a-aa11-b0cca11beda2,47.970529,-123.8977405
2020-03-19,547,60f9593a-74bd-418a-aa11-b0cca11beda2,47.970529,-123.8977405
2020-03-20,2158,60f9593a-74bd-418a-aa11-b0cca11beda2,47.970529,-123.8977405
2020-03-21,152,60f9593a-74bd-418a-aa11-b0cca11beda2,47.970529,-123.8977405
2020-03-22,3181,60f9593a-74bd-418a-aa11-b0cca11beda2,47.970529,-123.8977405
2020-03-23,5915,60f9593a-74bd-418a-aa11-b0cca11beda2,47.970529,-123.8977405
2020-03-24,2591,60f9593a-74bd-418a-aa11-b0cca11beda2,47.970529,-123.8977405
2020-03-25,16,60f9593a-74bd-418a-aa11-b0cca11beda2,47.970529,-123.8977405
2020-03-26,1395,60f9593a-74bd-418a-aa11-b0cca11beda2,47.970529,-123.8977405
2020-03-27,1351,60f9593a-74bd-418a-aa11-b0cca11beda2,47.970529,-123.8977405
2020-03-28,3892,60f9593a-74bd-418a-aa11-b0cca11beda2,47.970529,-123.8977405
2020-03-29,2098,60f9593a-74bd-418a-aa11-b0cca11beda2,47.970529,-123.8977405
2020-03-30,4039,60f9593a-74bd-418a-aa11-b0cca11beda2,47.970529,-123.8977405
2020-03-31,2202,60f9593a-74bd-418a-aa11-b0cca11beda2,47.970529,-123.8977405
2020-04-01,2365,60f9593a-74bd-418a-aa11-b0cca11beda2,47.970529,-123.8977405
2020-04-02,3152,60f9593a-74bd-418a-aa11-b0cca11beda2,47.970529,-123.8977405
2020-04-03,934,60f9593a-74bd-418a-aa11-b0cca11beda2,47.970529,-123.8977405
2020-04-04,2434,60f9593a-74bd-418a-aa11-b0cca11beda2,47.970529,-123.8977405
2020-04-05,452,60f9593a-74bd-418a-aa11-b0cca11beda2,47.970529,-123.8977405
2020-04-06,2119,60f9593a-74bd-418a-aa11-b0cca11beda2,47.970529,-123.8977405
2020-04-07,-270,60f9593a-74bd-418a-aa11-b0cca11beda2,47.970529,-123.8977405
2020-04-08,929,60f9593a-74bd-418a-aa11-b0cca11beda2,47.970529,-123.8977405
2020-04-09,70,60f9593a-74bd-418a-aa11-b0cca11beda2,47.970529,-123.8977405
2020-04-10,1349,60f9593a-74bd-418a-aa11-b0cca11beda2,47.970529,-123.8977405
2020-04-11,-902,60f9593a-74bd-418a-aa11-b0cca11beda2,47.970529,-123.8977405
2020-04-12,785,60f9593a-74bd-418a-aa11-b0cca11beda2,47.970529,-123.8977405
2020-04-13,-398,60f9593a-74bd-418a-aa11-b0cca11beda2,47.970529,-123.8977405
2020-04-14,44,60f9593a-74bd-418a-aa11-b0cca11beda2,47.970529,-123.8977405
2020-04-15,861,60f9593a-74bd-418a-aa11-b0cca11beda2,47.970529,-123.8977405
2020-04-16,-70,60f9593a-74bd-418a-aa11-b0cca11beda2,47.970529,-123.8977405
2020-04-17,2989,60f9593a-74bd-418a-aa11-b0cca11beda2,47.970529,-123.8977405
2020-04-18,999,60f9593a-74bd-418a-aa11-b0cca11beda2,47.970529,-123.8977405
2020-04-19,-209,60f9593a-74bd-418a-aa11-b0cca11beda2,47.970529,-123.8977405
2020-04-20,-240,60f9593a-74bd-418a-aa11-b0cca11beda2,47.970529,-123.8977405
2020-04-21,-798,60f9593a-74bd-418a-aa11-b0cca11beda2,47.970529,-123.8977405
2020-04-22,6265,60f9593a-74bd-418a-aa11-b0cca11beda2,47.970529,-123.8977405
2020-04-23,607,60f9593a-74bd-418a-aa11-b0cca11beda2,47.970529,-123.8977405
2020-04-24,788,60f9593a-74bd-418a-aa11-b0cca11beda2,47.970529,-123.8977405
2020-04-25,850,60f9593a-74bd-418a-aa11-b0cca11beda2,47.970529,-123.8977405
2020-04-26,2473,60f9593a-74bd-418a-aa11-b0cca11beda2,47.970529,-123.8977405
2020-04-27,3256,60f9593a-74bd-418a-aa11-b0cca11beda2,47.970529,-123.8977405
2020-04-28,5761,60f9593a-74bd-418a-aa11-b0cca11beda2,47.970529,-123.8977405
2020-04-29,2183,60f9593a-74bd-418a-aa11-b0cca11beda2,47.970529,-123.8977405
2020-04-30,2177,60f9593a-74bd-418a-aa11-b0cca11beda2,47.970529,-123.8977405
2020-05-01,1726,60f9593a-74bd-418a-aa11-b0cca11beda2,47.970529,-123.8977405
2020-05-02,5398,60f9593a-74bd-418a-aa11-b0cca11beda2,47.970529,-123.8977405
2020-05-03,5739,60f9593a-74bd-418a-aa11-b0cca11beda2,47.970529,-123.8977405
2020-05-04,4329,60f9593a-74bd-418a-aa11-b0cca11beda2,47.970529,-123.8977405
2020-05-05,939,60f9593a-74bd-418a-aa11-b0cca11beda2,47.970529,-123.8977405
2020-05-06,80,60f9593a-74bd-418a-aa11-b0cca11beda2,47.970529,-123.8977405
2020-05-07,-452,60f9593a-74bd-418a-aa11-b0cca11beda2,47.970529,-123.8977405
2020-05-08,-301,60f9593a-74bd-418a-aa11-b0cca11beda2,47.970529,-123.8977405
2020-05-09,-218,60f9593a-74bd-418a-aa11-b0cca11beda2,47.970529,-123.8977405
2020-05-10,737,60f9593a-74bd-418a-aa11-b0cca11beda2,47.970529,-123.8977405
2020-05-11,770,60f9593a-74bd-418a-aa11-b0cca11beda2,47.970529,-123.8977405
2020-05-12,1028,60f9593a-74bd-418a-aa11-b0cca11beda2,47.970529,-123.8977405
2020-05-13,159,60f9593a-74bd-418a-aa11-b0cca11beda2,47.970529,-123.8977405
2020-05-14,3805,60f9593a-74bd-418a-aa11-b0cca11beda2,47.970529,-123.8977405
2020-05-15,373,60f9593a-74bd-418a-aa11-b0cca11beda2,47.970529,-123.8977405
2020-05-16,5008,60f9593a-74bd-418a-aa11-b0cca11beda2,47.970529,-123.8977405
2020-05-17,1816,60f9593a-74bd-418a-aa11-b0cca11beda2,47.970529,-123.8977405
2020-05-18,-710,60f9593a-74bd-418a-aa11-b0cca11beda2,47.970529,-123.8977405
2020-05-19,528,60f9593a-74bd-418a-aa11-b0cca11beda2,47.970529,-123.8977405
2020-05-20,2070,60f9593a-74bd-418a-aa11-b0cca11beda2,47.970529,-123.8977405
2020-05-21,5977,60f9593a-74bd-418a-aa11-b0cca11beda2,47.970529,-123.8977405
2020-05-22,1753,60f9593a-74bd-418a-aa11-b0cca11beda2,47.970529,-123.8977405
2020-05-23,-138,60f9593a-74bd-418a-aa11-b0cca11beda2,47.970529,-123.8977405
2020-05-24,1295,60f9593a-74bd-418a-aa11-b0cca11beda2,47.970529,-123.8977405
2020-05-25,3453,60f9593a-74bd-418a-aa11-b0cca11beda2,47.970529,-123.8977405
2020-05-26,450,60f9593a-74bd-418a-aa11-b0cca11beda2,47.970529,-123.8977405
2020-05-27,-1669,60f9593a-74bd-418a-aa11-b0cca11beda2,47.970529,-123.8977405
2020-05-28,175,60f9593a-74bd-418a-aa11-b0cca11beda2,47.970529,-123.8977405
2020-05-29,-573,60f9593a-74bd-418a-aa11-b0cca11beda2,47.970529,-123.8977405
2020-05-30,4594,60f9593a-74bd-418a-aa11-b0cca11beda2,47.970529,-123.8977405
2020-05-31,1487,60f9593a-74bd-418a-aa11-b0cca11beda2,47.970529,-123.8977405
2020-06-01,176,60f9593a-74bd-418a-aa11-b0cca11beda2,47.970529,-123.8977405
2020-06-02,1806,60f9593a-74bd-418a-aa11-b0cca11beda2,47.970529,-123.8977405
2020-06-03,585,60f9593a-74bd-418a-aa11-b0cca11beda2,47.970529,-123.8977405
2020-06-04,2805,60f9593a-74bd-418a-aa11-b0cca11beda2,47.970529,-123.8977405
2020-06-05,-929,60f9593a-74bd-418a-aa11-b0cca11beda2,47.970529,-123.8977405
2020-06-06,7250,60f9593a-74bd-418a-aa11-b0cca11beda2,47.970529,-123.8977405
2020-06-07,137,60f9593a-74bd-418a-aa11-b0cca11beda2,47.970529,-123.8977405
2020-06-08,1422,60f9593a-74bd-418a-aa11-b0cca11beda2,47.970529,-123.8977405
2020-06-09,1389,60f9593a-74bd-418a-aa11-b0cca11beda2,47.970529,-123.8977405
2020-06-10,2953,60f9593a-74bd-418a-aa11-b0cca11beda2,47.970529,-123.8977405
2020-06-11,1060,60f9593a-74bd-418a-aa11-b0cca11beda2,47.970529,-123.8977405
2020-06-12,1948,60f9593a-74bd-418a-aa11-b0cca11beda2,47.970529,-123.8977405
2020-06-13,1613,60f9593a-74bd-418a-aa11-b0cca11beda2,47.970529,-123.8977405
2020-06-14,1182,60f9593a-74bd-418a-aa11-b0cca11beda2,47.970529,-123.8977405
2020-06-15,1859,60f9593a-74bd-418a-aa11-b0cca11beda2,47.970529,-123.8977405
2020-06-16,684,60f9593a-74bd-418a-aa11-b0cca11beda2,47.970529,-123.8977405
2020-06-17,-196,60f9593a-74bd-418a-aa11-b0cca11beda2,47.970529,-123.8977405
2020-06-18,2994,60f9593a-74bd-418a-aa11-b0cca11beda2,47.970529,-123.8977405
2020-06-19,-48,60f9593a-74bd-418a-aa11-b0cca11beda2,47.970529,-123.8977405
2020-06-20,1585,60f9593a-74bd-418a-aa11-b0cca11beda2,47.970529,-123.8977405
2020-06-21,445,60f9593a-74bd-418a-aa11-b0cca11beda2,47.970529,-123.8977405
2020-06-22,-395,60f9593a-74bd-418a-aa11-b0cca11beda2,47.970529,-123.8977405
2020-06-23,166,60f9593a-74bd-418a-aa11-b0cca11beda2,47.970529,-123.8977405
2020-06-24,-630,60f9593a-74bd-418a-aa11-b0cca11beda2,47.970529,-123.8977405
2020-06-25,-558,60f9593a-74bd-418a-aa11-b0cca11beda2,47.970529,-123.8977405
2020-06-26,-952,60f9593a-74bd-418a-aa11-b0cca11beda2,47.970529,-123.8977405
2020-06-27,1432,60f9593a-74bd-418a-aa11-b0cca11beda2,47.970529,-123.8977405
2020-06-28,-1088,60f9593a-74bd-418a-aa11-b0cca11beda2,47.970529,-123.8977405
2020-06-29,-1381,60f9593a-74bd-418a-aa11-b0cca11beda2,47.970529,-123.8977405
2020-06-30,975,60f9593a-74bd-418a-aa11-b0cca11beda2,47.970529,-123.8977405
2020-07-01,-232,60f9593a-74bd-418a-aa11-b0cca11beda2,47.970529,-123.8977405
2020-07-02,616,60f9593a-74bd-418a-aa11-b0cca11beda2,47.970529,-123.8977405
2020-07-03,999,60f9593a-74bd-418a-aa11-b0cca11beda2,47.970529,-123.8977405
2020-07-04,559,60f9593a-74bd-418a-aa11-b0cca11beda2,47.970529,-123.8977405
2020-07-05,100,60f9593a-74bd-418a-aa11-b0cca11beda2,47.970529,-123.8977405
2020-07-06,669,60f9593a-74bd-418a-aa11-b0cca11beda2,47.970529,-123.8977405
2020-07-07,788,60f9593a-74bd-418a-aa11-b0cca11beda2,47.970529,-123.8977405
2020-07-08,107,60f9593a-74bd-418a-aa11-b0cca11beda2,47.970529,-123.8977405
2020-07-09,12,60f9593a-74bd-418a-aa11-b0cca11beda2,47.970529,-123.8977405
2020-07-10,-266,60f9593a-74bd-418a-aa11-b0cca11beda2,47.970529,-123.8977405
2020-07-11,4555,60f9593a-74bd-418a-aa11-b0cca11beda2,47.970529,-123.8977405
2020-07-12,112,60f9593a-74bd-418a-aa11-b0cca11beda2,47.970529,-123.8977405
2020-07-13,-274,60f9593a-74bd-418a-aa11-b0cca11beda2,47.970529,-123.8977405
2020-07-14,-1334,60f9593a-74bd-418a-aa11-b0cca11beda2,47.970529,-123.8977405
2020-07-15,582,60f9593a-74bd-418a-aa11-b0cca11beda2,47.970529,-123.8977405
2020-07-16,333,60f9593a-74bd-418a-aa11-b0cca11beda2,47.970529,-123.8977405
2020-07-17,491,60f9593a-74bd-418a-aa11-b0cca11beda2,47.970529,-123.8977405
2020-07-18,-548,60f9593a-74bd-418a-aa11-b0cca11beda2,47.970529,-123.8977405
2020-07-19,-351,60f9593a-74bd-418a-aa11-b0cca11beda2,47.970529,-123.8977405
2020-07-20,1353,60f9593a-74bd-418a-aa11-b0cca11beda2,47.970529,-123.8977405
2020-07-21,-1175,60f9593a-74bd-418a-aa11-b0cca11beda2,47.970529,-123.8977405
2020-07-22,1072,60f9593a-74bd-418a-aa11-b0cca11beda2,47.970529,-123.8977405
2020-07-23,-874,60f9593a-74bd-418a-aa11-b0cca11beda2,47.970529,-123.8977405
2020-07-24,1430,60f9593a-74bd-418a-aa11-b0cca11beda2,47.970529,-123.8977405
2020-07-25,-741,60f9593a-74bd-418a-aa11-b0cca11beda2,47.970529,-123.8977405
2020-07-26,-448,60f9593a-74bd-418a-aa11-b0cca11beda2,47.970529,-123.8977405
2020-07-27,-332,60f9593a-74bd-418a-aa11-b0cca11beda2,47.970529,-123.8977405
2020-07-28,-527,60f9593a-74bd-418a-aa11-b0cca11beda2,47.970529,-123.8977405
2020-07-29,1052,60f9593a-74bd-418a-aa11-b0cca11beda2,47.970529,-123.8977405
2020-07-30,-1224,60f9593a-74bd-418a-aa11-b0cca11beda2,47.970529,-123.8977405
2020-07-31,-436,60f9593a-74bd-418a-aa11-b0cca11beda2,47.970529,-123.8977405
2020-08-01,-666,60f9593a-74bd-418a-aa11-b0cca11beda2,47.970529,-123.8977405
2020-08-02,-785,60f9593a-74bd-418a-aa11-b0cca11beda2,47.970529,-123.8977405
2020-08-03,678,60f9593a-74bd-418a-aa11-b0cca11beda2,47.970529,-123.8977405
2020-08-04,-251,60f9593a-74bd-418a-aa11-b0cca11beda2,47.970529,-123.8977405
2020-08-05,1181,60f9593a-74bd-418a-aa11-b0cca11beda2,47.970529,-123.8977405
2020-08-06,2739,60f9593a-74bd-418a-aa11-b0cca11beda2,47.970529,-123.8977405
2020-08-07,423,60f9593a-74bd-418a-aa11-b0cca11beda2,47.970529,-123.8977405
2020-08-08,306,60f9593a-74bd-418a-aa11-b0cca11beda2,47.970529,-123.8977405
2020-08-09,138,60f9593a-74bd-418a-aa11-b0cca11beda2,47.970529,-123.8977405
2020-08-10,-785,60f9593a-74bd-418a-aa11-b0cca11beda2,47.970529,-123.8977405
2020-08-11,1057,60f9593a-74bd-418a-aa11-b0cca11beda2,47.970529,-123.8977405
2020-08-12,-681,60f9593a-74bd-418a-aa11-b0cca11beda2,47.970529,-123.8977405
2020-08-13,-351,60f9593a-74bd-418a-aa11-b0cca11beda2,47.970529,-123.8977405
2020-08-14,705,60f9593a-74bd-418a-aa11-b0cca11beda2,47.970529,-123.8977405
2020-08-15,-1427,60f9593a-74bd-418a-aa11-b0cca11beda2,47.970529,-123.8977405
2020-08-16,442,60f9593a-74bd-418a-aa11-b0cca11beda2,47.970529,-123.8977405
2020-08-17,-869,60f9593a-74bd-418a-aa11-b0cca11beda2,47.970529,-123.8977405
2020-08-18,278,60f9593a-74bd-418a-aa11-b0cca11beda2,47.970529,-123.8977405
2020-08-19,2191,60f9593a-74bd-418a-aa11-b0cca11beda2,47.970529,-123.8977405
2020-08-20,1787,60f9593a-74bd-418a-aa11-b0cca11beda2,47.970529,-123.8977405
2020-08-21,4347,60f9593a-74bd-418a-aa11-b0cca11beda2,47.970529,-123.8977405
2020-08-22,689,60f9593a-74bd-418a-aa11-b0cca11beda2,47.970529,-123.8977405
2020-08-23,1406,60f9593a-74bd-418a-aa11-b0cca11beda2,47.970529,-123.8977405
2020-08-24,-354,60f9593a-74bd-418a-aa11-b0cca11beda2,47.970529,-123.8977405
2020-08-25,547,60f9593a-74bd-418a-aa11-b0cca11beda2,47.970529,-123.8977405
2020-08-26,-562,60f9593a-74bd-418a-aa11-b0cca11beda2,47.970529,-123.8977405
2020-08-27,-273,60f9593a-74bd-418a-aa11-b0cca11beda2,47.970529,-123.8977405
2020-08-28,-140,60f9593a-74bd-418a-aa11-b0cca11beda2,47.970529,-123.8977405
2020-08-29,81,60f9593a-74bd-418a-aa11-b0cca11beda2,47.970529,-123.8977405
2020-08-30,1279,60f9593a-74bd-418a-aa11-b0cca11beda2,47.970529,-123.8977405
2020-08-31,-135,60f9593a-74bd-418a-aa11-b0cca11beda2,47.970529,-123.8977405
2020-09-01,794,60f9593a-74bd-418a-aa11-b0cca11beda2,47.970529,-123.8977405
2020-09-02,-214,60f9593a-74bd-418a-aa11-b0cca11beda2,47.970529,-123.8977405
2020-09-03,904,60f9593a-74bd-418a-aa11-b0cca11beda2,47.970529,-123.8977405
2020-09-04,2276,60f9593a-74bd-418a-aa11-b0cca11beda2,47.970529,-123.8977405
2020-09-05,809,60f9593a-74bd-418a-aa11-b0cca11beda2,47.970529,-123.8977405
2020-09-06,1166,60f9593a-74bd-418a-aa11-b0cca11beda2,47.970529,-123.8977405
2020-09-07,241,60f9593a-74bd-418a-aa11-b0cca11beda2,47.970529,-123.8977405
2020-09-08,1539,60f9593a-74bd-418a-aa11-b0cca11beda2,47.970529,-123.8977405
2020-09-09,-1209,60f9593a-74bd-418a-aa11-b0cca11beda2,47.970529,-123.8977405
2020-09-10,1960,60f9593a-74bd-418a-aa11-b0cca11beda2,47.970529,-123.8977405
2020-09-11,-187,60f9593a-74bd-418a-aa11-b0cca11beda2,47.970529,-123.8977405
2020-09-12,2450,60f9593a-74bd-418a-aa11-b0cca11beda2,47.970529,-123.8977405
2020-09-13,3086,60f9593a-74bd-418a-aa11-b0cca11beda2,47.970529,-123.8977405
2020-09-14,-186,60f9593a-74bd-418a-aa11-b0cca11beda2,47.970529,-123.8977405
2020-09-15,179,60f9593a-74bd-418a-aa11-b0cca11beda2,47.970529,-123.8977405
2020-09-16,3535,60f9593a-74bd-418a-aa11-b0cca11beda2,47.970529,-123.8977405
2020-09-17,5039,60f9593a-74bd-418a-aa11-b0cca11beda2,47.970529,-123.8977405
2020-09-18,1445,60f9593a-74bd-418a-aa11-b0cca11beda2,47.970529,-123.8977405
2020-09-19,1186,60f9593a-74bd-418a-aa11-b0cca11beda2,47.970529,-123.8977405
2020-09-20,696,60f9593a-74bd-418a-aa11-b0cca11beda2,47.970529,-123.8977405
2020-09-21,296,60f9593a-74bd-418a-aa11-b0cca11beda2,47.970529,-123.8977405
2020-09-22,399,60f9593a-74bd-418a-aa11-b0cca11beda2,47.970529,-123.8977405
2020-09-23,4211,60f9593a-74bd-418a-aa11-b0cca11beda2,47.970529,-123.8977405
2020-09-24,5301,60f9593a-74bd-418a-aa11-b0cca11beda2,47.970529,-123.8977405
2020-09-25,2273,60f9593a-74bd-418a-aa11-b0cca11beda2,47.970529,-123.8977405
2020-09-26,1775,60f9593a-74bd-418a-aa11-b0cca11beda2,47.970529,-123.8977405
2020-09-27,-306,60f9593a-74bd-418a-aa11-b0cca11beda2,47.970529,-123.8977405
2020-09-28,-31,60f9593a-74bd-418a-aa11-b0cca11beda2,47.970529,-123.8977405
2020-09-29,714,60f9593a-74bd-418a-aa11-b0cca11beda2,47.970529,-123.8977405
2020-09-30,2376,60f9593a-74bd-418a-aa11-b0cca11beda2,47.970529,-123.8977405
2020-10-01,3370,60f9593a-74bd-418a-aa11-b0cca11beda2,47.970529,-123.8977405
2020-10-02,626,60f9593a-74bd-418a-aa11-b0cca11beda2,47.970529,-123.8977405
2020-10-03,2520,60f9593a-74bd-418a-aa11-b0cca11beda2,47.970529,-123.8977405
2020-10-04,1218,60f9593a-74bd-418a-aa11-b0cca11beda2,47.970529,-123.8977405
2020-10-05,749,60f9593a-74bd-418a-aa11-b0cca11beda2,47.970529,-123.8977405
2020-10-06,307,60f9593a-74bd-418a-aa11-b0cca11beda2,47.970529,-123.8977405
2020-10-07,2475,60f9593a-74bd-418a-aa11-b0cca11beda2,47.970529,-123.8977405
2020-10-08,2014,60f9593a-74bd-418a-aa11-b0cca11beda2,47.970529,-123.8977405
2020-10-09,3508,60f9593a-74bd-418a-aa11-b0cca11beda2,47.970529,-123.8977405
2020-10-10,2278,60f9593a-74bd-418a-aa11-b0cca11beda2,47.970529,-123.8977405
2020-10-11,4411,60f9593a-74bd-418a-aa11-b0cca11beda2,47.970529,-123.8977405
2020-10-12,382,60f9593a-74bd-418a-aa11-b0cca11beda2,47.970529,-123.8977405
2020-10-13,3121,60f9593a-74bd-418a-aa11-b0cca11beda2,47.970529,-123.8977405
2020-10-14,1672,60f9593a-74bd-418a-aa11-b0cca11beda2,47.970529,-123.8977405
2020-10-15,468,60f9593a-74bd-418a-aa11-b0cca11beda2,47.970529,-123.8977405
2020-10-16,1489,60f9593a-74bd-418a-aa11-b0cca11beda2,47.970529,-123.8977405
2020-10-17,1740,60f9593a-74bd-418a-aa11-b0cca11beda2,47.970529,-123.8977405
2020-10-18,957,60f9593a-74bd-418a-aa11-b0cca11beda2,47.970529,-123.8977405
2020-10-19,1705,60f9593a-74bd-418a-aa11-b0cca11beda2,47.970529,-123.8977405
2020-10-20,-397,60f9593a-74bd-418a-aa11-b0cca11beda2,47.970529,-123.8977405
2020-10-21,-472,60f9593a-74bd-418a-aa11-b0cca11beda2,47.970529,-123.8977405
2020-10-22,2658,60f9593a-74bd-418a-aa11-b0cca11beda2,47.970529,-123.8977405
2020-10-23,894,60f9593a-74bd-418a-aa11-b0cca11beda2,47.970529,-123.8977405
2020-10-24,3370,60f9593a-74bd-418a-aa11-b0cca11beda2,47.970529,-123.8977405
2020-10-25,1081,60f9593a-74bd-418a-aa11-b0cca11beda2,47.970529,-123.8977405
2020-10-26,2640,60f9593a-74bd-418a-aa11-b0cca11beda2,47.970529,-123.8977405
2020-10-27,962,60f9593a-74bd-418a-aa11-b0cca11beda2,47.970529,-123.8977405
2020-10-28,139,60f9593a-74bd-418a-aa11-b0cca11beda2,47.970529,-123.8977405
2020-10-29,1307,60f9593a-74bd-418a-aa11-b0cca11beda2,47.970529,-123.8977405
2020-10-30,978,60f9593a-74bd-418a-aa11-b0cca11beda2,47.970529,-123.8977405
2020-10-31,1821,60f9593a-74bd-418a-aa11-b0cca11beda2,47.970529,-123.8977405
2020-11-01,2506,60f9593a-74bd-418a-aa11-b0cca11beda2,47.970529,-123.8977405
2020-11-02,3309,60f9593a-74bd-418a-aa11-b0cca11beda2,47.970529,-123.8977405
2020-11-03,5765,60f9593a-74bd-418a-aa11-b0cca11beda2,47.970529,-123.8977405
2020-11-04,3969,60f9593a-74bd-418a-aa11-b0cca11beda2,47.970529,-123.8977405
2020-11-05,4811,60f9593a-74bd-418a-aa11-b0cca11beda2,47.970529,-123.8977405
2020-11-06,1414,60f9593a-74bd-418a-aa11-b0cca11beda2,47.970529,-123.8977405
2020-11-07,1836,60f9593a-74bd-418a-aa11-b0cca11beda2,47.970529,-123.8977405
2020-11-08,3616,60f9593a-74bd-418a-aa11-b0cca11beda2,47.970529,-123.8977405
2020-11-09,1739,60f9593a-74bd-418a-aa11-b0cca11beda2,47.970529,-123.8977405
2020-11-10,6131,60f9593a-74bd-418a-aa11-b0cca11beda2,47.970529,-123.8977405
2020-11-11,1382,60f9593a-74bd-418a-aa11-b0cca11beda2,47.970529,-123.8977405
2020-11-12,3073,60f9593a-74bd-418a-aa11-b0cca11beda2,47.970529,-123.8977405
2020-11-13,5664,60f9593a-74bd-418a-aa11-b0cca11beda2,47.970529,-123.8977405
2020-11-14,4712,60f9593a-74bd-418a-aa11-b0cca11beda2,47.970529,-123.8977405
2020-11-15,4820,60f9593a-74bd-418a-aa11-b0cca11beda2,47.970529,-123.8977405
2020-11-16,4603,60f9593a-74bd-418a-aa11-b0cca11beda2,47.970529,-123.8977405
2020-11-17,4719,60f9593a-74bd-418a-aa11-b0cca11beda2,47.970529,-123.8977405
2020-11-18,2584,60f9593a-74bd-418a-aa11-b0cca11beda2,47.970529,-123.8977405
2020-11-19,735,60f9593a-74bd-418a-aa11-b0cca11beda2,47.970529,-123.8977405
2020-11-20,2188,60f9593a-74bd-418a-aa11-b0cca11beda2,47.970529,-123.8977405
2020-11-21,3979,60f9593a-74bd-418a-aa11-b0cca11beda2,47.970529,-123.8977405
2020-11-22,3394,60f9593a-74bd-418a-aa11-b0cca11beda2,47.970529,-123.8977405
2020-11-23,1218,60f9593a-74bd-418a-aa11-b0cca11beda2,47.970529,-123.8977405
2020-11-24,4130,60f9593a-74bd-418a-aa11-b0cca11beda2,47.970529,-123.8977405
2020-11-25,1030,60f9593a-74bd-418a-aa11-b0cca11beda2,47.970529,-123.8977405
2020-11-26,965,60f9593a-74bd-418a-aa11-b0cca11beda2,47.970529,-123.8977405
2020-11-27,2083,60f9593a-74bd-418a-aa11-b0cca11beda2,47.970529,-123.8977405
2020-11-28,7264,60f9593a-74bd-418a-aa11-b0cca11beda2,47.970529,-123.8977405
2020-11-30,3436,60f9593a-74bd-418a-aa11-b0cca11beda2,47.970529,-123.8977405
2020-12-01,7971,60f9593a-74bd-418a-aa11-b0cca11beda2,47.970529,-123.8977405
2020-12-02,2962,60f9593a-74bd-418a-aa11-b0cca11beda2,47.970529,-123.8977405
2020-12-03,4499,60f9593a-74bd-418a-aa11-b0cca11beda2,47.970529,-123.8977405
2020-12-04,5892,60f9593a-74bd-418a-aa11-b0cca11beda2,47.970529,-123.8977405
2020-12-05,3126,60f9593a-74bd-418a-aa11-b0cca11beda2,47.970529,-123.8977405
2020-12-06,908,60f9593a-74bd-418a-aa11-b0cca11beda2,47.970529,-123.8977405
2020-12-08,1004,60f9593a-74bd-418a-aa11-b0cca11beda2,47.970529,-123.8977405
2020-12-09,1620,60f9593a-74bd-418a-aa11-b0cca11beda2,47.970529,-123.8977405
2020-12-11,5688,60f9593a-74bd-418a-aa11-b0cca11beda2,47.970529,-123.8977405
2020-12-12,4012,60f9593a-74bd-418a-aa11-b0cca11beda2,47.970529,-123.8977405
2020-12-13,3327,60f9593a-74bd-418a-aa11-b0cca11beda2,47.970529,-123.8977405
2020-12-14,3544,60f9593a-74bd-418a-aa11-b0cca11beda2,47.970529,-123.8977405
2020-12-15,4638,60f9593a-74bd-418a-aa11-b0cca11beda2,47.970529,-123.8977405
2020-12-16,2869,60f9593a-74bd-418a-aa11-b0cca11beda2,47.970529,-123.8977405
2020-12-17,1850,60f9593a-74bd-418a-aa11-b0cca11beda2,47.970529,-123.8977405
2020-12-18,1484,60f9593a-74bd-418a-aa11-b0cca11beda2,47.970529,-123.8977405
2020-12-19,4671,60f9593a-74bd-418a-aa11-b0cca11beda2,47.970529,-123.8977405
2020-12-20,2269,60f9593a-74bd-418a-aa11-b0cca11beda2,47.970529,-123.8977405
2020-12-22,7769,60f9593a-74bd-418a-aa11-b0cca11beda2,47.970529,-123.8977405
2020-12-23,8314,60f9593a-74bd-418a-aa11-b0cca11beda2,47.970529,-123.8977405
2020-12-25,3430,60f9593a-74bd-418a-aa11-b0cca11beda2,47.970529,-123.8977405
2020-12-26,3801,60f9593a-74bd-418a-aa11-b0cca11beda2,47.970529,-123.8977405
2020-12-27,3249,60f9593a-74bd-418a-aa11-b0cca11beda2,47.970529,-123.8977405
2020-12-28,8507,60f9593a-74bd-418a-aa11-b0cca11beda2,47.970529,-123.8977405
2020-12-29,1657,60f9593a-74bd-418a-aa11-b0cca11beda2,47.970529,-123.8977405
2020-12-30,6194,60f9593a-74bd-418a-aa11-b0cca11beda2,47.970529,-123.8977405
2020-12-31,893,60f9593a-74bd-418a-aa11-b0cca11beda2,47.970529,-123.8977405
2021-01-02,3353,60f9593a-74bd-418a-aa11-b0cca11beda2,47.970529,-123.8977405
2021-01-03,2169,60f9593a-74bd-418a-aa11-b0cca11beda2,47.970529,-123.8977405
2021-01-05,2931,60f9593a-74bd-418a-aa11-b0cca11beda2,47.970529,-123.8977405
2021-01-06,-624,60f9593a-74bd-418a-aa11-b0cca11beda2,47.970529,-123.8977405
2021-01-08,1913,60f9593a-74bd-418a-aa11-b0cca11beda2,47.970529,-123.8977405
2021-01-09,29,60f9593a-74bd-418a-aa11-b0cca11beda2,47.970529,-123.8977405
2021-01-10,1215,60f9593a-74bd-418a-aa11-b0cca11beda2,47.970529,-123.8977405
2021-01-11,3506,60f9593a-74bd-418a-aa11-b0cca11beda2,47.970529,-123.8977405
2021-01-12,1022,60f9593a-74bd-418a-aa11-b0cca11beda2,47.970529,-123.8977405
2021-01-13,5057,60f9593a-74bd-418a-aa11-b0cca11beda2,47.970529,-123.8977405
2021-01-14,3051,60f9593a-74bd-418a-aa11-b0cca11beda2,47.970529,-123.8977405
2021-01-15,7228,60f9593a-74bd-418a-aa11-b0cca11beda2,47.970529,-123.8977405
2021-01-16,2664,60f9593a-74bd-418a-aa11-b0cca11beda2,47.970529,-123.8977405
2021-01-17,1004,60f9593a-74bd-418a-aa11-b0cca11beda2,47.970529,-123.8977405
2021-01-18,4843,60f9593a-74bd-418a-aa11-b0cca11beda2,47.970529,-123.8977405
2021-01-19,3019,60f9593a-74bd-418a-aa11-b0cca11beda2,47.970529,-123.8977405
2021-01-20,2049,60f9593a-74bd-418a-aa11-b0cca11beda2,47.970529,-123.8977405
2021-01-21,1271,60f9593a-74bd-418a-aa11-b0cca11beda2,47.970529,-123.8977405
2021-01-22,-136,60f9593a-74bd-418a-aa11-b0cca11beda2,47.970529,-123.8977405
2021-01-23,6332,60f9593a-74bd-418a-aa11-b0cca11beda2,47.970529,-123.8977405
2021-01-24,3815,60f9593a-74bd-418a-aa11-b0cca11beda2,47.970529,-123.8977405
2021-01-25,5840,60f9593a-74bd-418a-aa11-b0cca11beda2,47.970529,-123.8977405
2021-01-26,2720,60f9593a-74bd-418a-aa11-b0cca11beda2,47.970529,-123.8977405
2021-01-27,3452,60f9593a-74bd-418a-aa11-b0cca11beda2,47.970529,-123.8977405
2021-01-29,2501,60f9593a-74bd-418a-aa11-b0cca11beda2,47.970529,-123.8977405
2021-01-30,2919,60f9593a-74bd-418a-aa11-b0cca11beda2,47.970529,-123.8977405
2021-01-31,4719,60f9593a-74bd-418a-aa11-b0cca11beda2,47.970529,-123.8977405
2021-02-01,4068,60f9593a-74bd-418a-aa11-b0cca11beda2,47.970529,-123.8977405
2021-02-02,4234,60f9593a-74bd-418a-aa11-b0cca11beda2,47.970529,-123.8977405
2021-02-03,7815,60f9593a-74bd-418a-aa11-b0cca11beda2,47.970529,-123.8977405
2021-02-04,370,60f9593a-74bd-418a-aa11-b0cca11beda2,47.970529,-123.8977405
2021-02-05,3798,60f9593a-74bd-418a-aa11-b0cca11beda2,47.970529,-123.8977405
2021-02-06,755,60f9593a-74bd-418a-aa11-b0cca11beda2,47.970529,-123.8977405
2021-02-07,1648,60f9593a-74bd-418a-aa11-b0cca11beda2,47.970529,-123.8977405
2021-02-08,524,60f9593a-74bd-418a-aa11-b0cca11beda2,47.970529,-123.8977405
2021-02-09,6816,60f9593a-74bd-418a-aa11-b0cca11beda2,47.970529,-123.8977405
2021-02-10,785,60f9593a-74bd-418a-aa11-b0cca11beda2,47.970529,-123.8977405
2021-02-11,3062,60f9593a-74bd-418a-aa11-b0cca11beda2,47.970529,-123.8977405
2021-02-12,2768,60f9593a-74bd-418a-aa11-b0cca11beda2,47.970529,-123.8977405
2021-02-13,2646,60f9593a-74bd-418a-aa11-b0cca11beda2,47.970529,-123.8977405
2021-02-14,2146,60f9593a-74bd-418a-aa11-b0cca11beda2,47.970529,-123.8977405
2021-02-15,1457,60f9593a-74bd-418a-aa11-b0cca11beda2,47.970529,-123.8977405
2021-02-16,2280,60f9593a-74bd-418a-aa11-b0cca11beda2,47.970529,-123.8977405
2021-02-17,4198,60f9593a-74bd-418a-aa11-b0cca11beda2,47.970529,-123.8977405
2021-02-18,1295,60f9593a-74bd-418a-aa11-b0cca11beda2,47.970529,-123.8977405
2021-02-19,3282,60f9593a-74bd-418a-aa11-b0cca11beda2,47.970529,-123.8977405
2021-02-20,1642,60f9593a-74bd-418a-aa11-b0cca11beda2,47.970529,-123.8977405
2021-02-21,4192,60f9593a-74bd-418a-aa11-b0cca11beda2,47.970529,-123.8977405
2021-02-22,3221,60f9593a-74bd-418a-aa11-b0cca11beda2,47.970529,-123.8977405
2021-02-23,4138,60f9593a-74bd-418a-aa11-b0cca11beda2,47.970529,-123.8977405
2021-02-24,2902,60f9593a-74bd-418a-aa11-b0cca11beda2,47.970529,-123.8977405
2021-02-25,2278,60f9593a-74bd-418a-aa11-b0cca11beda2,47.970529,-123.8977405
2021-02-26,1195,60f9593a-74bd-418a-aa11-b0cca11beda2,47.970529,-123.8977405
2021-02-27,3642,60f9593a-74bd-418a-aa11-b0cca11beda2,47.970529,-123.8977405
2021-02-28,500,60f9593a-74bd-418a-aa11-b0cca11beda2,47.970529,-123.8977405
2021-03-01,2012,60f9593a-74bd-418a-aa11-b0cca11beda2,47.970529,-123.8977405
2021-03-02,1187,60f9593a-74bd-418a-aa11-b0cca11beda2,47.970529,-123.8977405
2021-03-03,2465,60f9593a-74bd-418a-aa11-b0cca11beda2,47.970529,-123.8977405
2021-03-04,3310,60f9593a-74bd-418a-aa11-b0cca11beda2,47.970529,-123.8977405
2021-03-05,6002,60f9593a-74bd-418a-aa11-b0cca11beda2,47.970529,-123.8977405
2021-03-06,1791,60f9593a-74bd-418a-aa11-b0cca11beda2,47.970529,-123.8977405
2021-03-07,5573,60f9593a-74bd-418a-aa11-b0cca11beda2,47.970529,-123.8977405
2021-03-08,5705,60f9593a-74bd-418a-aa11-b0cca11beda2,47.970529,-123.8977405
2021-03-09,4049,60f9593a-74bd-418a-aa11-b0cca11beda2,47.970529,-123.8977405
2021-03-10,1596,60f9593a-74bd-418a-aa11-b0cca11beda2,47.970529,-123.8977405
2021-03-11,3144,60f9593a-74bd-418a-aa11-b0cca11beda2,47.970529,-123.8977405
2021-03-12,112,60f9593a-74bd-418a-aa11-b0cca11beda2,47.970529,-123.8977405
2021-03-13,1355,60f9593a-74bd-418a-aa11-b0cca11beda2,47.970529,-123.8977405
2021-03-14,5109,60f9593a-74bd-418a-aa11-b0cca11beda2,47.970529,-123.8977405
2021-03-15,4672,60f9593a-74bd-418a-aa11-b0cca11beda2,47.970529,-123.8977405
2021-03-16,2215,60f9593a-74bd-418a-aa11-b0cca11beda2,47.970529,-123.8977405
2021-03-17,2022,60f9593a-74bd-418a-aa11-b0cca11beda2,47.970529,-123.8977405
2021-03-18,4668,60f9593a-74bd-418a-aa11-b0cca11beda2,47.970529,-123.8977405
2021-03-19,4303,60f9593a-74bd-418a-aa11-b0cca11beda2,47.970529,-123.8977405
2021-03-20,916,60f9593a-74bd-418a-aa11-b0cca11beda2,47.970529,-123.8977405
2021-03-21,2855,60f9593a-74bd-418a-aa11-b0cca11beda2,47.970529,-123.8977405
2021-03-22,632,60f9593a-74bd-418a-aa11-b0cca11beda2,47.970529,-123.8977405
2021-03-23,26,60f9593a-74bd-418a-aa11-b0cca11beda2,47.970529,-123.8977405
2021-03-24,2063,60f9593a-74bd-418a-aa11-b0cca11beda2,47.970529,-123.8977405
2021-03-25,2316,60f9593a-74bd-418a-aa11-b0cca11beda2,47.970529,-123.8977405
2021-03-26,-130,60f9593a-74bd-418a-aa11-b0cca11beda2,47.970529,-123.8977405
2021-03-27,185,60f9593a-74bd-418a-aa11-b0cca11beda2,47.970529,-123.8977405
2021-03-28,4320,60f9593a-74bd-418a-aa11-b0cca11beda2,47.970529,-123.8977405
2021-03-29,945,60f9593a-74bd-418a-aa11-b0cca11beda2,47.970529,-123.8977405
2021-03-30,622,60f9593a-74bd-418a-aa11-b0cca11beda2,47.970529,-123.8977405
2021-03-31,308,60f9593a-74bd-418a-aa11-b0cca11beda2,47.970529,-123.8977405
2021-04-01,1327,60f9593a-74bd-418a-aa11-b0cca11beda2,47.970529,-123.8977405
2021-04-02,217,60f9593a-74bd-418a-aa11-b0cca11beda2,47.970529,-123.8977405
2021-04-03,1951,60f9593a-74bd-418a-aa11-b0cca11beda2,47.970529,-123.8977405
2021-04-04,1411,60f9593a-74bd-418a-aa11-b0cca11beda2,47.970529,-123.8977405
2021-04-05,-40,60f9593a-74bd-418a-aa11-b0cca11beda2,47.970529,-123.8977405
2021-04-06,1050,60f9593a-74bd-418a-aa11-b0cca11beda2,47.970529,-123.8977405
2021-04-07,1962,60f9593a-74bd-418a-aa11-b0cca11beda2,47.970529,-123.8977405
2021-04-08,983,60f9593a-74bd-418a-aa11-b0cca11beda2,47.970529,-123.8977405
2021-04-09,816,60f9593a-74bd-418a-aa11-b0cca11beda2,47.970529,-123.8977405
2021-04-10,1539,60f9593a-74bd-418a-aa11-b0cca11beda2,47.970529,-123.8977405
2021-04-11,1611,60f9593a-74bd-418a-aa11-b0cca11beda2,47.970529,-123.8977405
2021-04-12,224,60f9593a-74bd-418a-aa11-b0cca11beda2,47.970529,-123.8977405
2021-04-13,727,60f9593a-74bd-418a-aa11-b0cca11beda2,47.970529,-123.8977405
2021-04-14,-393,60f9593a-74bd-418a-aa11-b0cca11beda2,47.970529,-123.8977405
2021-04-15,97,60f9593a-74bd-418a-aa11-b0cca11beda2,47.970529,-123.8977405
2021-04-16,-577,60f9593a-74bd-418a-aa11-b0cca11beda2,47.970529,-123.8977405
2021-04-17,-111,60f9593a-74bd-418a-aa11-b0cca11beda2,47.970529,-123.8977405
2021-04-18,1191,60f9593a-74bd-418a-aa11-b0cca11beda2,47.970529,-123.8977405
2021-04-19,-529,60f9593a-74bd-418a-aa11-b0cca11beda2,47.970529,-123.8977405
2021-04-20,771,60f9593a-74bd-418a-aa11-b0cca11beda2,47.970529,-123.8977405
2021-04-21,-904,60f9593a-74bd-418a-aa11-b0cca11beda2,47.970529,-123.8977405
2021-04-22,98,60f9593a-74bd-418a-aa11-b0cca11beda2,47.970529,-123.8977405
2021-04-23,3528,60f9593a-74bd-418a-aa11-b0cca11beda2,47.970529,-123.8977405
2021-04-24,5574,60f9593a-74bd-418a-aa11-b0cca11beda2,47.970529,-123.8977405
2021-04-25,1627,60f9593a-74bd-418a-aa11-b0cca11beda2,47.970529,-123.8977405
2021-04-26,2068,60f9593a-74bd-418a-aa11-b0cca11beda2,47.970529,-123.8977405
2021-04-27,1902,60f9593a-74bd-418a-aa11-b0cca11beda2,47.970529,-123.8977405
2021-04-28,1592,60f9593a-74bd-418a-aa11-b0cca11beda2,47.970529,-123.8977405
2021-04-29,1957,60f9593a-74bd-418a-aa11-b0cca11beda2,47.970529,-123.8977405
2021-04-30,488,60f9593a-74bd-418a-aa11-b0cca11beda2,47.970529,-123.8977405
2021-05-01,-89,60f9593a-74bd-418a-aa11-b0cca11beda2,47.970529,-123.8977405
2021-05-02,-198,60f9593a-74bd-418a-aa11-b0cca11beda2,47.970529,-123.8977405
2021-05-03,3494,60f9593a-74bd-418a-aa11-b0cca11beda2,47.970529,-123.8977405
2021-05-04,-36,60f9593a-74bd-418a-aa11-b0cca11beda2,47.970529,-123.8977405
2021-05-05,4102,60f9593a-74bd-418a-aa11-b0cca11beda2,47.970529,-123.8977405
2021-05-06,4130,60f9593a-74bd-418a-aa11-b0cca11beda2,47.970529,-123.8977405
2021-05-07,-334,60f9593a-74bd-418a-aa11-b0cca11beda2,47.970529,-123.8977405
2021-05-08,2716,60f9593a-74bd-418a-aa11-b0cca11beda2,47.970529,-123.8977405
2021-05-09,1890,60f9593a-74bd-418a-aa11-b0cca11beda2,47.970529,-123.8977405
2021-05-10,1635,60f9593a-74bd-418a-aa11-b0cca11beda2,47.970529,-123.8977405
2021-05-11,-259,60f9593a-74bd-418a-aa11-b0cca11beda2,47.970529,-123.8977405
2021-05-12,404,60f9593a-74bd-418a-aa11-b0cca11beda2,47.970529,-123.8977405
2021-05-13,540,60f9593a-74bd-418a-aa11-b0cca11beda2,47.970529,-123.8977405
2021-05-14,-1479,60f9593a-74bd-418a-aa11-b0cca11beda2,47.970529,-123.8977405
2021-05-15,236,60f9593a-74bd-418a-aa11-b0cca11beda2,47.970529,-123.8977405
2021-05-16,-1300,60f9593a-74bd-418a-aa11-b0cca11beda2,47.970529,-123.8977405
2021-05-17,3803,60f9593a-74bd-418a-aa11-b0cca11beda2,47.970529,-123.8977405
2021-05-18,1795,60f9593a-74bd-418a-aa11-b0cca11beda2,47.970529,-123.8977405
2021-05-19,1064,60f9593a-74bd-418a-aa11-b0cca11beda2,47.970529,-123.8977405
2021-05-20,-212,60f9593a-74bd-418a-aa11-b0cca11beda2,47.970529,-123.8977405
2021-05-21,-1243,60f9593a-74bd-418a-aa11-b0cca11beda2,47.970529,-123.8977405
2021-05-22,84,60f9593a-74bd-418a-aa11-b0cca11beda2,47.970529,-123.8977405
2021-05-23,113,60f9593a-74bd-418a-aa11-b0cca11beda2,47.970529,-123.8977405
2021-05-24,4628,60f9593a-74bd-418a-aa11-b0cca11beda2,47.970529,-123.8977405
2021-05-25,1282,60f9593a-74bd-418a-aa11-b0cca11beda2,47.970529,-123.8977405
2021-05-26,4044,60f9593a-74bd-418a-aa11-b0cca11beda2,47.970529,-123.8977405
2021-05-27,5471,60f9593a-74bd-418a-aa11-b0cca11beda2,47.970529,-123.8977405
2021-05-28,446,60f9593a-74bd-418a-aa11-b0cca11beda2,47.970529,-123.8977405
2021-05-29,522,60f9593a-74bd-418a-aa11-b0cca11beda2,47.970529,-123.8977405
2021-05-30,5073,60f9593a-74bd-418a-aa11-b0cca11beda2,47.970529,-123.8977405
2021-05-31,512,60f9593a-74bd-418a-aa11-b0cca11beda2,47.970529,-123.8977405
2021-06-01,-1622,60f9593a-74bd-418a-aa11-b0cca11beda2,47.970529,-123.8977405
2021-06-02,-646,60f9593a-74bd-418a-aa11-b0cca11beda2,47.970529,-123.8977405
2021-06-03,786,60f9593a-74bd-418a-aa11-b0cca11beda2,47.970529,-123.8977405
2021-06-04,998,60f9593a-74bd-418a-aa11-b0cca11beda2,47.970529,-123.8977405
2021-06-05,2429,60f9593a-74bd-418a-aa11-b0cca11beda2,47.970529,-123.8977405
2021-06-06,5887,60f9593a-74bd-418a-aa11-b0cca11beda2,47.970529,-123.8977405
2021-06-07,1314,60f9593a-74bd-418a-aa11-b0cca11beda2,47.970529,-123.8977405
2021-06-08,974,60f9593a-74bd-418a-aa11-b0cca11beda2,47.970529,-123.8977405
2021-06-09,2148,60f9593a-74bd-418a-aa11-b0cca11beda2,47.970529,-123.8977405
2021-06-10,1550,60f9593a-74bd-418a-aa11-b0cca11beda2,47.970529,-123.8977405
2021-06-11,6878,60f9593a-74bd-418a-aa11-b0cca11beda2,47.970529,-123.8977405
2021-06-12,-635,60f9593a-74bd-418a-aa11-b0cca11beda2,47.970529,-123.8977405
2021-06-13,1854,60f9593a-74bd-418a-aa11-b0cca11beda2,47.970529,-123.8977405
2021-06-14,1489,60f9593a-74bd-418a-aa11-b0cca11beda2,47.970529,-123.8977405
2021-06-15,1910,60f9593a-74bd-418a-aa11-b0cca11beda2,47.970529,-123.8977405
2021-06-16,375,60f9593a-74bd-418a-aa11-b0cca11beda2,47.970529,-123.8977405
2021-06-17,-1401,60f9593a-74bd-418a-aa11-b0cca11beda2,47.970529,-123.8977405
2021-06-18,339,60f9593a-74bd-418a-aa11-b0cca11beda2,47.970529,-123.8977405
2021-06-19,-512,60f9593a-74bd-418a-aa11-b0cca11beda2,47.970529,-123.8977405
2021-06-20,-812,60f9593a-74bd-418a-aa11-b0cca11beda2,47.970529,-123.8977405
2021-06-21,706,60f9593a-74bd-418a-aa11-b0cca11beda2,47.970529,-123.8977405
2021-06-22,-1273,60f9593a-74bd-418a-aa11-b0cca11beda2,47.970529,-123.8977405
2021-06-23,903,60f9593a-74bd-418a-aa11-b0cca11beda2,47.970529,-123.8977405
2021-06-24,-1380,60f9593a-74bd-418a-aa11-b0cca11beda2,47.970529,-123.8977405
2021-06-25,444,60f9593a-74bd-418a-aa11-b0cca11beda2,47.970529,-123.8977405
2021-06-26,-852,60f9593a-74bd-418a-aa11-b0cca11beda2,47.970529,-123.8977405
2021-06-27,158,60f9593a-74bd-418a-aa11-b0cca11beda2,47.970529,-123.8977405
2021-06-28,-504,60f9593a-74bd-418a-aa11-b0cca11beda2,47.970529,-123.8977405
2021-06-29,-937,60f9593a-74bd-418a-aa11-b0cca11beda2,47.970529,-123.8977405
2021-06-30,2285,60f9593a-74bd-418a-aa11-b0cca11beda2,47.970529,-123.8977405
2021-07-01,-459,60f9593a-74bd-418a-aa11-b0cca11beda2,47.970529,-123.8977405
2021-07-02,549,60f9593a-74bd-418a-aa11-b0cca11beda2,47.970529,-123.8977405
2021-07-03,-1071,60f9593a-74bd-418a-aa11-b0cca11beda2,47.970529,-123.8977405
2021-07-04,1019,60f9593a-74bd-418a-aa11-b0cca11beda2,47.970529,-123.8977405
2021-07-05,-590,60f9593a-74bd-418a-aa11-b0cca11beda2,47.970529,-123.8977405
2021-07-06,-493,60f9593a-74bd-418a-aa11-b0cca11beda2,47.970529,-123.8977405
2021-07-07,1904,60f9593a-74bd-418a-aa11-b0cca11beda2,47.970529,-123.8977405
2021-07-08,-930,60f9593a-74bd-418a-aa11-b0cca11beda2,47.970529,-123.8977405
2021-07-09,1216,60f9593a-74bd-418a-aa11-b0cca11beda2,47.970529,-123.8977405
2021-07-10,-1291,60f9593a-74bd-418a-aa11-b0cca11beda2,47.970529,-123.8977405
2021-07-11,186,60f9593a-74bd-418a-aa11-b0cca11beda2,47.970529,-123.8977405
2021-07-12,-863,60f9593a-74bd-418a-aa11-b0cca11beda2,47.970529,-123.8977405
2021-07-13,-293,60f9593a-74bd-418a-aa11-b0cca11beda2,47.970529,-123.8977405
2021-07-14,-313,60f9593a-74bd-418a-aa11-b0cca11beda2,47.970529,-123.8977405
2021-07-15,-10,60f9593a-74bd-418a-aa11-b0cca11beda2,47.970529,-123.8977405
2021-07-16,1469,60f9593a-74bd-418a-aa11-b0cca11beda2,47.970529,-123.8977405
2021-07-17,-48,60f9593a-74bd-418a-aa11-b0cca11beda2,47.970529,-123.8977405
2021-07-18,-263,60f9593a-74bd-418a-aa11-b0cca11beda2,47.970529,-123.8977405
2021-07-19,-1086,60f9593a-74bd-418a-aa11-b0cca11beda2,47.970529,-123.8977405
2021-07-20,35,60f9593a-74bd-418a-aa11-b0cca11beda2,47.970529,-123.8977405
2021-07-21,-73,60f9593a-74bd-418a-aa11-b0cca11beda2,47.970529,-123.8977405
2021-07-22,148,60f9593a-74bd-418a-aa11-b0cca11beda2,47.970529,-123.8977405
2021-07-23,311,60f9593a-74bd-418a-aa11-b0cca11beda2,47.970529,-123.8977405
2021-07-24,-1291,60f9593a-74bd-418a-aa11-b0cca11beda2,47.970529,-123.8977405
2021-07-25,471,60f9593a-74bd-418a-aa11-b0cca11beda2,47.970529,-123.8977405
2021-07-26,-1148,60f9593a-74bd-418a-aa11-b0cca11beda2,47.970529,-123.8977405
2021-07-27,709,60f9593a-74bd-418a-aa11-b0cca11beda2,47.970529,-123.8977405
2021-07-28,-1082,60f9593a-74bd-418a-aa11-b0cca11beda2,47.970529,-123.8977405
2021-07-29,-369,60f9593a-74bd-418a-aa11-b0cca11beda2,47.970529,-123.8977405
2021-07-30,-696,60f9593a-74bd-418a-aa11-b0cca11beda2,47.970529,-123.8977405
2021-07-31,695,60f9593a-74bd-418a-aa11-b0cca11beda2,47.970529,-123.8977405
2021-08-01,2644,60f9593a-74bd-418a-aa11-b0cca11beda2,47.970529,-123.8977405
2021-08-02,-736,60f9593a-74bd-418a-aa11-b0cca11beda2,47.970529,-123.8977405
2021-08-03,770,60f9593a-74bd-418a-aa11-b0cca11beda2,47.970529,-123.8977405
2021-08-04,-1125,60f9593a-74bd-418a-aa11-b0cca11beda2,47.970529,-123.8977405
2021-08-05,639,60f9593a-74bd-418a-aa11-b0cca11beda2,47.970529,-123.8977405
2021-08-06,-235,60f9593a-74bd-418a-aa11-b0cca11beda2,47.970529,-123.8977405
2021-08-07,1697,60f9593a-74bd-418a-aa11-b0cca11beda2,47.970529,-123.8977405
2021-08-08,1843,60f9593a-74bd-418a-aa11-b0cca11beda2,47.970529,-123.8977405
2021-08-09,579,60f9593a-74bd-418a-aa11-b0cca11beda2,47.970529,-123.8977405
2021-08-10,927,60f9593a-74bd-418a-aa11-b0cca11beda2,47.970529,-123.8977405
2021-08-11,-839,60f9593a-74bd-418a-aa11-b0cca11beda2,47.970529,-123.8977405
2021-08-12,2882,60f9593a-74bd-418a-aa11-b0cca11beda2,47.970529,-123.8977405
2021-08-13,211,60f9593a-74bd-418a-aa11-b0cca11beda2,47.970529,-123.8977405
2021-08-14,4147,60f9593a-74bd-418a-aa11-b0cca11beda2,47.970529,-123.8977405
2021-08-15,23,60f9593a-74bd-418a-aa11-b0cca11beda2,47.970529,-123.8977405
2021-08-16,1474,60f9593a-74bd-418a-aa11-b0cca11beda2,47.970529,-123.8977405
2021-08-17,2291,60f9593a-74bd-418a-aa11-b0cca11beda2,47.970529,-123.8977405
2021-08-18,147,60f9593a-74bd-418a-aa11-b0cca11beda2,47.970529,-123.8977405
2021-08-19,1475,60f9593a-74bd-418a-aa11-b0cca11beda2,47.970529,-123.8977405
2021-08-20,1018,60f9593a-74bd-418a-aa11-b0cca11beda2,47.970529,-123.8977405
2021-08-21,1763,60f9593a-74bd-418a-aa11-b0cca11beda2,47.970529,-123.8977405
2021-08-22,208,60f9593a-74bd-418a-aa11-b0cca11beda2,47.970529,-123.8977405
2021-08-23,2867,60f9593a-74bd-418a-aa11-b0cca11beda2,47.970529,-123.8977405
2021-08-24,709,60f9593a-74bd-418a-aa11-b0cca11beda2,47.970529,-123.8977405
2021-08-25,1286,60f9593a-74bd-418a-aa11-b0cca11beda2,47.970529,-123.8977405
2021-08-26,745,60f9593a-74bd-418a-aa11-b0cca11beda2,47.970529,-123.8977405
2021-08-27,674,60f9593a-74bd-418a-aa11-b0cca11beda2,47.970529,-123.8977405
2021-08-28,297,60f9593a-74bd-418a-aa11-b0cca11beda2,47.970529,-123.8977405
2021-08-29,-23,60f9593a-74bd-418a-aa11-b0cca11beda2,47.970529,-123.8977405
2021-08-30,2018,60f9593a-74bd-418a-aa11-b0cca11beda2,47.970529,-123.8977405
2021-08-31,1112,60f9593a-74bd-418a-aa11-b0cca11beda2,47.970529,-123.8977405
2021-09-01,-528,60f9593a-74bd-418a-aa11-b0cca11beda2,47.970529,-123.8977405
2021-09-02,1305,60f9593a-74bd-418a-aa11-b0cca11beda2,47.970529,-123.8977405
2021-09-03,4450,60f9593a-74bd-418a-aa11-b0cca11beda2,47.970529,-123.8977405
2021-09-04,203,60f9593a-74bd-418a-aa11-b0cca11beda2,47.970529,-123.8977405
2021-09-05,1716,60f9593a-74bd-418a-aa11-b0cca11beda2,47.970529,-123.8977405
2021-09-06,1206,60f9593a-74bd-418a-aa11-b0cca11beda2,47.970529,-123.8977405
2021-09-07,-491,60f9593a-74bd-418a-aa11-b0cca11beda2,47.970529,-123.8977405
2021-09-08,156,60f9593a-74bd-418a-aa11-b0cca11beda2,47.970529,-123.8977405
2021-09-09,974,60f9593a-74bd-418a-aa11-b0cca11beda2,47.970529,-123.8977405
2021-09-11,3071,60f9593a-74bd-418a-aa11-b0cca11beda2,47.970529,-123.8977405
2021-09-12,516,60f9593a-74bd-418a-aa11-b0cca11beda2,47.970529,-123.8977405
2021-09-13,650,60f9593a-74bd-418a-aa11-b0cca11beda2,47.970529,-123.8977405
2021-09-14,1930,60f9593a-74bd-418a-aa11-b0cca11beda2,47.970529,-123.8977405
2021-09-15,1860,60f9593a-74bd-418a-aa11-b0cca11beda2,47.970529,-123.8977405
2021-09-16,595,60f9593a-74bd-418a-aa11-b0cca11beda2,47.970529,-123.8977405
2021-09-17,5706,60f9593a-74bd-418a-aa11-b0cca11beda2,47.970529,-123.8977405
2021-09-18,1063,60f9593a-74bd-418a-aa11-b0cca11beda2,47.970529,-123.8977405
2021-09-19,4234,60f9593a-74bd-418a-aa11-b0cca11beda2,47.970529,-123.8977405
2021-09-20,27,60f9593a-74bd-418a-aa11-b0cca11beda2,47.970529,-123.8977405
2021-09-21,901,60f9593a-74bd-418a-aa11-b0cca11beda2,47.970529,-123.8977405
2021-09-23,405,60f9593a-74bd-418a-aa11-b0cca11beda2,47.970529,-123.8977405
2021-09-24,2048,60f9593a-74bd-418a-aa11-b0cca11beda2,47.970529,-123.8977405
2021-09-25,2703,60f9593a-74bd-418a-aa11-b0cca11beda2,47.970529,-123.8977405
2021-09-26,1741,60f9593a-74bd-418a-aa11-b0cca11beda2,47.970529,-123.8977405
2021-09-27,3058,60f9593a-74bd-418a-aa11-b0cca11beda2,47.970529,-123.8977405
2021-09-28,1267,60f9593a-74bd-418a-aa11-b0cca11beda2,47.970529,-123.8977405
2021-09-29,2092,60f9593a-74bd-418a-aa11-b0cca11beda2,47.970529,-123.8977405
2021-09-30,2434,60f9593a-74bd-418a-aa11-b0cca11beda2,47.970529,-123.8977405
2021-10-01,1696,60f9593a-74bd-418a-aa11-b0cca11beda2,47.970529,-123.8977405
2021-10-02,-25,60f9593a-74bd-418a-aa11-b0cca11beda2,47.970529,-123.8977405
2021-10-03,610,60f9593a-74bd-418a-aa11-b0cca11beda2,47.970529,-123.8977405
2021-10-04,2798,60f9593a-74bd-418a-aa11-b0cca11beda2,47.970529,-123.8977405
2021-10-05,4295,60f9593a-74bd-418a-aa11-b0cca11beda2,47.970529,-123.8977405
2021-10-06,1527,60f9593a-74bd-418a-aa11-b0cca11beda2,47.970529,-123.8977405
2021-10-07,1209,60f9593a-74bd-418a-aa11-b0cca11beda2,47.970529,-123.8977405
2021-10-08,72,60f9593a-74bd-418a-aa11-b0cca11beda2,47.970529,-123.8977405
2021-10-09,3339,60f9593a-74bd-418a-aa11-b0cca11beda2,47.970529,-123.8977405
2021-10-10,1516,60f9593a-74bd-418a-aa11-b0cca11beda2,47.970529,-123.8977405
2021-10-11,4257,60f9593a-74bd-418a-aa11-b0cca11beda2,47.970529,-123.8977405
2021-10-12,4249,60f9593a-74bd-418a-aa11-b0cca11beda2,47.970529,-123.8977405
2021-10-13,3740,60f9593a-74bd-418a-aa11-b0cca11beda2,47.970529,-123.8977405
2021-10-14,1722,60f9593a-74bd-418a-aa11-b0cca11beda2,47.970529,-123.8977405
2021-10-15,5022,60f9593a-74bd-418a-aa11-b0cca11beda2,47.970529,-123.8977405
2021-10-16,2337,60f9593a-74bd-418a-aa11-b0cca11beda2,47.970529,-123.8977405
2021-10-17,3290,60f9593a-74bd-418a-aa11-b0cca11beda2,47.970529,-123.8977405
2021-10-18,2397,60f9593a-74bd-418a-aa11-b0cca11beda2,47.970529,-123.8977405
2021-10-19,2657,60f9593a-74bd-418a-aa11-b0cca11beda2,47.970529,-123.8977405
2021-10-20,5616,60f9593a-74bd-418a-aa11-b0cca11beda2,47.970529,-123.8977405
2021-10-21,3174,60f9593a-74bd-418a-aa11-b0cca11beda2,47.970529,-123.8977405
2021-10-22,1618,60f9593a-74bd-418a-aa11-b0cca11beda2,47.970529,-123.8977405
2021-10-23,-119,60f9593a-74bd-418a-aa11-b0cca11beda2,47.970529,-123.8977405
2021-10-24,4135,60f9593a-74bd-418a-aa11-b0cca11beda2,47.970529,-123.8977405
2021-10-25,4774,60f9593a-74bd-418a-aa11-b0cca11beda2,47.970529,-123.8977405
2021-10-26,3180,60f9593a-74bd-418a-aa11-b0cca11beda2,47.970529,-123.8977405
2021-10-27,3840,60f9593a-74bd-418a-aa11-b0cca11beda2,47.970529,-123.8977405
2021-10-28,5264,60f9593a-74bd-418a-aa11-b0cca11beda2,47.970529,-123.8977405
2021-10-29,2358,60f9593a-74bd-418a-aa11-b0cca11beda2,47.970529,-123.8977405
2021-10-30,3130,60f9593a-74bd-418a-aa11-b0cca11beda2,47.970529,-123.8977405
2021-10-31,3947,60f9593a-74bd-418a-aa11-b0cca11beda2,47.970529,-123.8977405
2021-11-01,3451,60f9593a-74bd-418a-aa11-b0cca11beda2,47.970529,-123.8977405
2021-11-02,4050,60f9593a-74bd-418a-aa11-b0cca11beda2,47.970529,-123.8977405
2021-11-03,3998,60f9593a-74bd-418a-aa11-b0cca11beda2,47.970529,-123.8977405
2021-11-04,3735,60f9593a-74bd-418a-aa11-b0cca11beda2,47.970529,-123.8977405
2021-11-05,3952,60f9593a-74bd-418a-aa11-b0cca11beda2,47.970529,-123.8977405
2021-11-06,7045,60f9593a-74bd-418a-aa11-b0cca11beda2,47.970529,-123.8977405
2021-11-07,6550,60f9593a-74bd-418a-aa11-b0cca11beda2,47.970529,-123.8977405
2021-11-08,2567,60f9593a-74bd-418a-aa11-b0cca11beda2,47.970529,-123.8977405
2021-11-09,4169,60f9593a-74bd-418a-aa11-b0cca11beda2,47.970529,-123.8977405
2021-11-10,1867,60f9593a-74bd-418a-aa11-b0cca11beda2,47.970529,-123.8977405
2021-11-11,4691,60f9593a-74bd-418a-aa11-b0cca11beda2,47.970529,-123.8977405
2021-11-12,2530,60f9593a-74bd-418a-aa11-b0cca11beda2,47.970529,-123.8977405
2021-11-13,4525,60f9593a-74bd-418a-aa11-b0cca11beda2,47.970529,-123.8977405
2021-11-14,3735,60f9593a-74bd-418a-aa11-b0cca11beda2,47.970529,-123.8977405
2021-11-15,5148,60f9593a-74bd-418a-aa11-b0cca11beda2,47.970529,-123.8977405
2021-11-16,2638,60f9593a-74bd-418a-aa11-b0cca11beda2,47.970529,-123.8977405
2021-11-17,3239,60f9593a-74bd-418a-aa11-b0cca11beda2,47.970529,-123.8977405
2021-11-18,5507,60f9593a-74bd-418a-aa11-b0cca11beda2,47.970529,-123.8977405
2021-11-19,4814,60f9593a-74bd-418a-aa11-b0cca11beda2,47.970529,-123.8977405
2021-11-20,1695,60f9593a-74bd-418a-aa11-b0cca11beda2,47.970529,-123.8977405
2021-11-21,5003,60f9593a-74bd-418a-aa11-b0cca11beda2,47.970529,-123.8977405
2021-11-22,1610,60f9593a-74bd-418a-aa11-b0cca11beda2,47.970529,-123.8977405
2021-11-23,2828,60f9593a-74bd-418a-aa11-b0cca11beda2,47.970529,-123.8977405
2021-11-24,2782,60f9593a-74bd-418a-aa11-b0cca11beda2,47.970529,-123.8977405
2021-11-25,4446,60f9593a-74bd-418a-aa11-b0cca11beda2,47.970529,-123.8977405
2021-11-26,1275,60f9593a-74bd-418a-aa11-b0cca11beda2,47.970529,-123.8977405
2021-11-27,4672,60f9593a-74bd-418a-aa11-b0cca11beda2,47.970529,-123.8977405
2021-11-28,3166,60f9593a-74bd-418a-aa11-b0cca11beda2,47.970529,-123.8977405
2021-11-29,2160,60f9593a-74bd-418a-aa11-b0cca11beda2,47.970529,-123.8977405
2021-11-30,3793,60f9593a-74bd-418a-aa11-b0cca11beda2,47.970529,-123.8977405
2021-12-01,3105,60f9593a-74bd-418a-aa11-b0cca11beda2,47.970529,-123.8977405
2021-12-02,2140,60f9593a-74bd-418a-aa11-b0cca11beda2,47.970529,-123.8977405
2021-12-03,517,60f9593a-74bd-418a-aa11-b0cca11beda2,47.970529,-123.8977405
2021-12-04,1157,60f9593a-74bd-418a-aa11-b0cca11beda2,47.970529,-123.8977405
2021-12-05,2327,60f9593a-74bd-418a-aa11-b0cca11beda2,47.970529,-123.8977405
2021-12-06,1094,60f9593a-74bd-418a-aa11-b0cca11beda2,47.970529,-123.8977405
2021-12-07,130,60f9593a-74bd-418a-aa11-b0cca11beda2,47.970529,-123.8977405
2021-12-08,2064,60f9593a-74bd-418a-aa11-b0cca11beda2,47.970529,-123.8977405
2021-12-09,697,60f9593a-74bd-418a-aa11-b0cca11beda2,47.970529,-123.8977405
2021-12-10,3488,60f9593a-74bd-418a-aa11-b0cca11beda2,47.970529,-123.8977405
2021-12-11,3365,60f9593a-74bd-418a-aa11-b0cca11beda2,47.970529,-123.8977405
2021-12-12,4317,60f9593a-74bd-418a-aa11-b0cca11beda2,47.970529,-123.8977405
2021-12-13,2516,60f9593a-74bd-418a-aa11-b0cca11beda2,47.970529,-123.8977405
2021-12-14,6207,60f9593a-74bd-418a-aa11-b0cca11beda2,47.970529,-123.8977405
2021-12-15,2227,60f9593a-74bd-418a-aa11-b0cca11beda2,47.970529,-123.8977405
2021-12-16,1972,60f9593a-74bd-418a-aa11-b0cca11beda2,47.970529,-123.8977405
2021-12-17,1003,60f9593a-74bd-418a-aa11-b0cca11beda2,47.970529,-123.8977405
2021-12-18,3217,60f9593a-74bd-418a-aa11-b0cca11beda2,47.970529,-123.8977405
2021-12-19,7250,60f9593a-74bd-418a-aa11-b0cca11beda2,47.970529,-123.8977405
2021-12-20,2441,60f9593a-74bd-418a-aa11-b0cca11beda2,47.970529,-123.8977405
2021-12-21,1345,60f9593a-74bd-418a-aa11-b0cca11beda2,47.970529,-123.8977405
2021-12-22,6837,60f9593a-74bd-418a-aa11-b0cca11beda2,47.970529,-123.8977405
2021-12-23,2957,60f9593a-74bd-418a-aa11-b0cca11beda2,47.970529,-123.8977405
2021-12-24,5912,60f9593a-74bd-418a-aa11-b0cca11beda2,47.970529,-123.8977405
2021-12-25,1703,60f9593a-74bd-418a-aa11-b0cca11beda2,47.970529,-123.8977405
2021-12-26,2082,60f9593a-74bd-418a-aa11-b0cca11beda2,47.970529,-123.8977405
2021-12-27,3242,60f9593a-74bd-418a-aa11-b0cca11beda2,47.970529,-123.8977405
2021-12-28,2639,60f9593a-74bd-418a-aa11-b0cca11beda2,47.970529,-123.8977405
2021-12-29,4552,60f9593a-74bd-418a-aa11-b0cca11beda2,47.970529,-123.8977405
2021-12-30,7119,60f9593a-74bd-418a-aa11-b0cca11beda2,47.970529,-123.8977405
