date,s1_grd_vv,cell_id,latitude,longitude
2015-03-27 01:50:45,-8.124055379815044,673313cc-099c-4c1a-8f79-1cd3e6db159e,37.213825,-119.1097205
2015-04-01 01:58:54,-12.840426658839757,673313cc-099c-4c1a-8f79-1cd3e6db159e,37.213825,-119.1097205
2015-06-12 01:58:39,-9.439963013362142,673313cc-099c-4c1a-8f79-1cd3e6db159e,37.213825,-119.1097205
2015-07-30 01:58:41,-13.729839330894807,673313cc-099c-4c1a-8f79-1cd3e6db159e,37.213825,-119.1097205
2015-08-23 01:58:42,-11.71912923290352,673313cc-099c-4c1a-8f79-1cd3e6db159e,37.213825,-119.1097205
2015-10-10 01:58:43,-9.967440929995636,673313cc-099c-4c1a-8f79-1cd3e6db159e,37.213825,-119.1097205
2015-11-03 01:58:43,-12.774898586153562,673313cc-099c-4c1a-8f79-1cd3e6db159e,37.213825,-119.1097205
2015-11-27 01:59:02,-12.354169166507546,673313cc-099c-4c1a-8f79-1cd3e6db159e,37.213825,-119.1097205
2015-12-09 13:59:25,-11.637229202862516,673313cc-099c-4c1a-8f79-1cd3e6db159e,37.213825,-119.1097205
2015-12-21 01:59:01,-14.807117918989377,673313cc-099c-4c1a-8f79-1cd3e6db159e,37.213825,-119.1097205
2016-01-14 01:59:00,-15.791369452487059,673313cc-099c-4c1a-8f79-1cd3e6db159e,37.213825,-119.1097205
2016-01-26 13:59:23,-11.116127804523986,673313cc-099c-4c1a-8f79-1cd3e6db159e,37.213825,-119.1097205
2016-02-07 01:59:00,-10.638898533650515,673313cc-099c-4c1a-8f79-1cd3e6db159e,37.213825,-119.1097205
2016-02-19 13:59:23,-11.504444210692892,673313cc-099c-4c1a-8f79-1cd3e6db159e,37.213825,-119.1097205
2016-03-02 01:59:00,-15.387202037095623,673313cc-099c-4c1a-8f79-1cd3e6db159e,37.213825,-119.1097205
2016-03-09 01:50:45,-12.099813599171487,673313cc-099c-4c1a-8f79-1cd3e6db159e,37.213825,-119.1097205
2016-03-14 01:58:43,-15.713325535066069,673313cc-099c-4c1a-8f79-1cd3e6db159e,37.213825,-119.1097205
2016-03-14 13:59:23,-13.39724276112464,673313cc-099c-4c1a-8f79-1cd3e6db159e,37.213825,-119.1097205
2016-03-26 01:59:00,-13.57896593106975,673313cc-099c-4c1a-8f79-1cd3e6db159e,37.213825,-119.1097205
2016-04-07 13:59:24,-12.114071578262447,673313cc-099c-4c1a-8f79-1cd3e6db159e,37.213825,-119.1097205
2016-04-19 01:59:01,-12.267277133301464,673313cc-099c-4c1a-8f79-1cd3e6db159e,37.213825,-119.1097205
2016-05-01 13:59:25,-11.94754269468621,673313cc-099c-4c1a-8f79-1cd3e6db159e,37.213825,-119.1097205
2016-05-13 01:59:05,-12.698198981413862,673313cc-099c-4c1a-8f79-1cd3e6db159e,37.213825,-119.1097205
2016-05-25 13:59:26,-11.826879767217273,673313cc-099c-4c1a-8f79-1cd3e6db159e,37.213825,-119.1097205
2016-06-06 01:59:07,-11.881601119840443,673313cc-099c-4c1a-8f79-1cd3e6db159e,37.213825,-119.1097205
2016-06-30 01:59:08,-13.441598539332743,673313cc-099c-4c1a-8f79-1cd3e6db159e,37.213825,-119.1097205
2016-07-24 01:59:09,-13.06847039118028,673313cc-099c-4c1a-8f79-1cd3e6db159e,37.213825,-119.1097205
2016-08-17 01:59:11,-11.77236761266036,673313cc-099c-4c1a-8f79-1cd3e6db159e,37.213825,-119.1097205
2016-08-29 01:58:51,-14.454128804891786,673313cc-099c-4c1a-8f79-1cd3e6db159e,37.213825,-119.1097205
2016-09-10 01:59:12,-13.28381587279166,673313cc-099c-4c1a-8f79-1cd3e6db159e,37.213825,-119.1097205
2016-09-17 01:50:49,-12.716969313096161,673313cc-099c-4c1a-8f79-1cd3e6db159e,37.213825,-119.1097205
2016-09-22 13:59:32,-14.034473679300273,673313cc-099c-4c1a-8f79-1cd3e6db159e,37.213825,-119.1097205
2016-10-04 01:58:47,-12.781956911706786,673313cc-099c-4c1a-8f79-1cd3e6db159e,37.213825,-119.1097205
2016-10-16 13:59:32,-13.400402942371558,673313cc-099c-4c1a-8f79-1cd3e6db159e,37.213825,-119.1097205
2016-10-28 01:59:12,-13.546774189991751,673313cc-099c-4c1a-8f79-1cd3e6db159e,37.213825,-119.1097205
2016-11-09 13:59:32,-13.487982791347534,673313cc-099c-4c1a-8f79-1cd3e6db159e,37.213825,-119.1097205
2016-12-03 13:59:32,-10.437488085733492,673313cc-099c-4c1a-8f79-1cd3e6db159e,37.213825,-119.1097205
2016-12-15 01:59:11,-11.087861132934373,673313cc-099c-4c1a-8f79-1cd3e6db159e,37.213825,-119.1097205
2016-12-27 13:59:31,-12.135486199914956,673313cc-099c-4c1a-8f79-1cd3e6db159e,37.213825,-119.1097205
2017-01-08 01:59:09,-11.526517431707543,673313cc-099c-4c1a-8f79-1cd3e6db159e,37.213825,-119.1097205
2017-01-20 13:59:28,-13.130701880613223,673313cc-099c-4c1a-8f79-1cd3e6db159e,37.213825,-119.1097205
2017-02-01 01:59:09,-14.929844602696523,673313cc-099c-4c1a-8f79-1cd3e6db159e,37.213825,-119.1097205
2017-02-08 01:50:54,-14.371356665570604,673313cc-099c-4c1a-8f79-1cd3e6db159e,37.213825,-119.1097205
2017-02-13 01:58:46,-15.938758519818212,673313cc-099c-4c1a-8f79-1cd3e6db159e,37.213825,-119.1097205
2017-02-13 13:59:29,-12.385473527481219,673313cc-099c-4c1a-8f79-1cd3e6db159e,37.213825,-119.1097205
2017-02-25 13:59:17,-12.945863138562519,673313cc-099c-4c1a-8f79-1cd3e6db159e,37.213825,-119.1097205
2017-03-09 13:59:17,-10.924681733472228,673313cc-099c-4c1a-8f79-1cd3e6db159e,37.213825,-119.1097205
2017-03-21 13:59:17,-15.202472377188354,673313cc-099c-4c1a-8f79-1cd3e6db159e,37.213825,-119.1097205
2017-04-02 13:59:18,-11.981361777405104,673313cc-099c-4c1a-8f79-1cd3e6db159e,37.213825,-119.1097205
2017-04-14 13:59:18,-11.897822199073739,673313cc-099c-4c1a-8f79-1cd3e6db159e,37.213825,-119.1097205
2017-04-26 13:59:19,-12.32406068313576,673313cc-099c-4c1a-8f79-1cd3e6db159e,37.213825,-119.1097205
2017-05-08 13:59:20,-11.304958141449056,673313cc-099c-4c1a-8f79-1cd3e6db159e,37.213825,-119.1097205
2017-05-20 13:59:20,-12.330123195172751,673313cc-099c-4c1a-8f79-1cd3e6db159e,37.213825,-119.1097205
2017-06-01 13:59:21,-9.909239032685651,673313cc-099c-4c1a-8f79-1cd3e6db159e,37.213825,-119.1097205
2017-06-13 13:59:22,-11.930682948460213,673313cc-099c-4c1a-8f79-1cd3e6db159e,37.213825,-119.1097205
2017-06-25 13:59:22,-10.390082721300633,673313cc-099c-4c1a-8f79-1cd3e6db159e,37.213825,-119.1097205
2017-07-07 13:59:23,-15.472999650441597,673313cc-099c-4c1a-8f79-1cd3e6db159e,37.213825,-119.1097205
2017-07-19 13:59:24,-13.708893707129768,673313cc-099c-4c1a-8f79-1cd3e6db159e,37.213825,-119.1097205
2017-07-31 13:59:24,-14.276522239529887,673313cc-099c-4c1a-8f79-1cd3e6db159e,37.213825,-119.1097205
2017-08-12 13:59:25,-14.38528734274472,673313cc-099c-4c1a-8f79-1cd3e6db159e,37.213825,-119.1097205
2017-08-24 13:59:26,-12.92892568087148,673313cc-099c-4c1a-8f79-1cd3e6db159e,37.213825,-119.1097205
2017-09-05 13:59:26,-9.440327664008159,673313cc-099c-4c1a-8f79-1cd3e6db159e,37.213825,-119.1097205
2017-09-17 13:59:27,-11.210047730699017,673313cc-099c-4c1a-8f79-1cd3e6db159e,37.213825,-119.1097205
2017-09-29 13:59:27,-12.87727041420618,673313cc-099c-4c1a-8f79-1cd3e6db159e,37.213825,-119.1097205
2017-10-11 13:59:27,-11.888806730677084,673313cc-099c-4c1a-8f79-1cd3e6db159e,37.213825,-119.1097205
2017-10-23 13:59:27,-12.072391037324879,673313cc-099c-4c1a-8f79-1cd3e6db159e,37.213825,-119.1097205
2017-11-04 13:59:27,-14.713402265556649,673313cc-099c-4c1a-8f79-1cd3e6db159e,37.213825,-119.1097205
2017-11-16 13:59:27,-11.43351747177801,673313cc-099c-4c1a-8f79-1cd3e6db159e,37.213825,-119.1097205
2017-11-28 13:59:27,-12.596922651867398,673313cc-099c-4c1a-8f79-1cd3e6db159e,37.213825,-119.1097205
2017-12-10 13:59:26,-13.321260622769403,673313cc-099c-4c1a-8f79-1cd3e6db159e,37.213825,-119.1097205
2017-12-22 13:59:25,-11.71175940412796,673313cc-099c-4c1a-8f79-1cd3e6db159e,37.213825,-119.1097205
2018-01-03 13:59:25,-9.575474632717839,673313cc-099c-4c1a-8f79-1cd3e6db159e,37.213825,-119.1097205
2018-01-15 13:59:25,-13.190592478679337,673313cc-099c-4c1a-8f79-1cd3e6db159e,37.213825,-119.1097205
2018-01-27 13:59:24,-10.616707257074452,673313cc-099c-4c1a-8f79-1cd3e6db159e,37.213825,-119.1097205
2018-02-08 13:59:24,-10.288515946321938,673313cc-099c-4c1a-8f79-1cd3e6db159e,37.213825,-119.1097205
2018-02-20 13:59:24,-13.561730966222605,673313cc-099c-4c1a-8f79-1cd3e6db159e,37.213825,-119.1097205
2018-03-04 13:59:24,-11.6284911041365,673313cc-099c-4c1a-8f79-1cd3e6db159e,37.213825,-119.1097205
2018-03-16 13:59:24,-12.319167366328806,673313cc-099c-4c1a-8f79-1cd3e6db159e,37.213825,-119.1097205
2018-03-28 13:59:24,-10.148615023052326,673313cc-099c-4c1a-8f79-1cd3e6db159e,37.213825,-119.1097205
2018-04-09 13:59:25,-12.899616716381772,673313cc-099c-4c1a-8f79-1cd3e6db159e,37.213825,-119.1097205
2018-04-21 13:59:25,-12.988219731057633,673313cc-099c-4c1a-8f79-1cd3e6db159e,37.213825,-119.1097205
2018-05-03 13:59:26,-11.418386145574086,673313cc-099c-4c1a-8f79-1cd3e6db159e,37.213825,-119.1097205
2018-05-15 13:59:26,-12.1022860163738,673313cc-099c-4c1a-8f79-1cd3e6db159e,37.213825,-119.1097205
2018-05-27 13:59:27,-13.99285367160003,673313cc-099c-4c1a-8f79-1cd3e6db159e,37.213825,-119.1097205
2018-06-08 13:59:28,-10.993525864894478,673313cc-099c-4c1a-8f79-1cd3e6db159e,37.213825,-119.1097205
2018-06-20 13:59:28,-13.414160848573971,673313cc-099c-4c1a-8f79-1cd3e6db159e,37.213825,-119.1097205
2018-07-02 13:59:29,-12.864178728947692,673313cc-099c-4c1a-8f79-1cd3e6db159e,37.213825,-119.1097205
2018-07-14 13:59:30,-10.96367565225503,673313cc-099c-4c1a-8f79-1cd3e6db159e,37.213825,-119.1097205
2018-07-26 01:59:13,-11.815962506584787,673313cc-099c-4c1a-8f79-1cd3e6db159e,37.213825,-119.1097205
2018-07-26 13:59:30,-11.493219851615477,673313cc-099c-4c1a-8f79-1cd3e6db159e,37.213825,-119.1097205
2018-08-07 01:59:14,-11.59501200806649,673313cc-099c-4c1a-8f79-1cd3e6db159e,37.213825,-119.1097205
2018-08-07 13:59:31,-16.49992072076863,673313cc-099c-4c1a-8f79-1cd3e6db159e,37.213825,-119.1097205
2018-08-19 01:59:14,-13.009775085635354,673313cc-099c-4c1a-8f79-1cd3e6db159e,37.213825,-119.1097205
2018-08-19 13:59:32,-11.850402739668562,673313cc-099c-4c1a-8f79-1cd3e6db159e,37.213825,-119.1097205
2018-08-31 01:59:15,-13.83463340121494,673313cc-099c-4c1a-8f79-1cd3e6db159e,37.213825,-119.1097205
2018-08-31 13:59:33,-12.33703124166514,673313cc-099c-4c1a-8f79-1cd3e6db159e,37.213825,-119.1097205
2018-09-12 01:59:15,-11.966201472451194,673313cc-099c-4c1a-8f79-1cd3e6db159e,37.213825,-119.1097205
2018-09-12 13:59:33,-13.189089436527068,673313cc-099c-4c1a-8f79-1cd3e6db159e,37.213825,-119.1097205
2018-09-24 01:59:16,-13.472259900473508,673313cc-099c-4c1a-8f79-1cd3e6db159e,37.213825,-119.1097205
2018-09-24 13:59:33,-13.323039020403606,673313cc-099c-4c1a-8f79-1cd3e6db159e,37.213825,-119.1097205
2018-10-06 01:59:16,-17.291603826290242,673313cc-099c-4c1a-8f79-1cd3e6db159e,37.213825,-119.1097205
2018-10-06 13:59:34,-10.71279524374059,673313cc-099c-4c1a-8f79-1cd3e6db159e,37.213825,-119.1097205
2018-10-18 01:59:16,-13.875799894014705,673313cc-099c-4c1a-8f79-1cd3e6db159e,37.213825,-119.1097205
2018-10-18 13:59:34,-13.039292409246695,673313cc-099c-4c1a-8f79-1cd3e6db159e,37.213825,-119.1097205
2018-10-30 01:59:16,-11.70111054132163,673313cc-099c-4c1a-8f79-1cd3e6db159e,37.213825,-119.1097205
2018-10-30 13:59:34,-14.034840053397925,673313cc-099c-4c1a-8f79-1cd3e6db159e,37.213825,-119.1097205
2018-11-11 01:59:16,-14.042804527718731,673313cc-099c-4c1a-8f79-1cd3e6db159e,37.213825,-119.1097205
2018-11-11 13:59:33,-13.650295831957468,673313cc-099c-4c1a-8f79-1cd3e6db159e,37.213825,-119.1097205
2018-11-18 01:50:59,-12.903254226921256,673313cc-099c-4c1a-8f79-1cd3e6db159e,37.213825,-119.1097205
2018-11-23 01:59:16,-14.574564439385377,673313cc-099c-4c1a-8f79-1cd3e6db159e,37.213825,-119.1097205
2018-11-23 13:59:33,-11.477375754084047,673313cc-099c-4c1a-8f79-1cd3e6db159e,37.213825,-119.1097205
2018-12-05 01:59:15,-14.267722248525828,673313cc-099c-4c1a-8f79-1cd3e6db159e,37.213825,-119.1097205
2018-12-05 13:59:33,-10.727252966379385,673313cc-099c-4c1a-8f79-1cd3e6db159e,37.213825,-119.1097205
2018-12-17 01:59:15,-14.124944383384467,673313cc-099c-4c1a-8f79-1cd3e6db159e,37.213825,-119.1097205
2018-12-17 13:59:32,-11.484093938268638,673313cc-099c-4c1a-8f79-1cd3e6db159e,37.213825,-119.1097205
2018-12-29 13:59:32,-11.20270769980133,673313cc-099c-4c1a-8f79-1cd3e6db159e,37.213825,-119.1097205
2019-01-10 01:59:19,-13.084731091929878,673313cc-099c-4c1a-8f79-1cd3e6db159e,37.213825,-119.1097205
2019-01-10 13:59:31,-8.415790174648446,673313cc-099c-4c1a-8f79-1cd3e6db159e,37.213825,-119.1097205
2019-01-17 01:51:10,-14.442635579930856,673313cc-099c-4c1a-8f79-1cd3e6db159e,37.213825,-119.1097205
2019-01-22 01:59:19,-12.845051126226693,673313cc-099c-4c1a-8f79-1cd3e6db159e,37.213825,-119.1097205
2019-01-22 13:59:31,-8.079783145751556,673313cc-099c-4c1a-8f79-1cd3e6db159e,37.213825,-119.1097205
2019-02-03 13:59:31,-6.411137792808733,673313cc-099c-4c1a-8f79-1cd3e6db159e,37.213825,-119.1097205
2019-02-10 01:51:09,-13.42286260547292,673313cc-099c-4c1a-8f79-1cd3e6db159e,37.213825,-119.1097205
2019-02-15 13:59:30,-13.164905359353146,673313cc-099c-4c1a-8f79-1cd3e6db159e,37.213825,-119.1097205
2019-02-22 01:51:09,-11.839197852599872,673313cc-099c-4c1a-8f79-1cd3e6db159e,37.213825,-119.1097205
2019-02-27 01:59:18,-13.068293308381449,673313cc-099c-4c1a-8f79-1cd3e6db159e,37.213825,-119.1097205
2019-02-27 13:59:30,-8.22958626973455,673313cc-099c-4c1a-8f79-1cd3e6db159e,37.213825,-119.1097205
2019-03-06 01:51:10,-10.191222661021833,673313cc-099c-4c1a-8f79-1cd3e6db159e,37.213825,-119.1097205
2019-03-11 01:59:18,-11.071302895928879,673313cc-099c-4c1a-8f79-1cd3e6db159e,37.213825,-119.1097205
2019-03-11 13:59:30,-10.532570600623226,673313cc-099c-4c1a-8f79-1cd3e6db159e,37.213825,-119.1097205
2019-03-18 01:51:10,-8.616964452443389,673313cc-099c-4c1a-8f79-1cd3e6db159e,37.213825,-119.1097205
2019-03-23 01:59:19,-10.317159284895261,673313cc-099c-4c1a-8f79-1cd3e6db159e,37.213825,-119.1097205
2019-03-23 13:59:31,-12.13811971062518,673313cc-099c-4c1a-8f79-1cd3e6db159e,37.213825,-119.1097205
2019-03-30 01:51:10,-11.032450806841167,673313cc-099c-4c1a-8f79-1cd3e6db159e,37.213825,-119.1097205
2019-04-04 01:59:19,-15.109353547931576,673313cc-099c-4c1a-8f79-1cd3e6db159e,37.213825,-119.1097205
2019-04-04 13:59:31,-15.910327700703057,673313cc-099c-4c1a-8f79-1cd3e6db159e,37.213825,-119.1097205
2019-04-11 01:51:10,-11.541478062098703,673313cc-099c-4c1a-8f79-1cd3e6db159e,37.213825,-119.1097205
2019-04-16 01:59:19,-14.086323667252058,673313cc-099c-4c1a-8f79-1cd3e6db159e,37.213825,-119.1097205
2019-04-16 13:59:31,-11.47210731635403,673313cc-099c-4c1a-8f79-1cd3e6db159e,37.213825,-119.1097205
2019-04-23 01:51:11,-12.264346412386809,673313cc-099c-4c1a-8f79-1cd3e6db159e,37.213825,-119.1097205
2019-04-28 01:59:20,-14.2968736968999,673313cc-099c-4c1a-8f79-1cd3e6db159e,37.213825,-119.1097205
2019-04-28 13:59:32,-10.488897216970743,673313cc-099c-4c1a-8f79-1cd3e6db159e,37.213825,-119.1097205
2019-05-10 01:59:20,-15.797143912101122,673313cc-099c-4c1a-8f79-1cd3e6db159e,37.213825,-119.1097205
2019-05-10 13:59:32,-13.238403836532573,673313cc-099c-4c1a-8f79-1cd3e6db159e,37.213825,-119.1097205
2019-05-17 01:51:12,-15.386977473704562,673313cc-099c-4c1a-8f79-1cd3e6db159e,37.213825,-119.1097205
2019-05-22 01:59:21,-18.355020483047618,673313cc-099c-4c1a-8f79-1cd3e6db159e,37.213825,-119.1097205
2019-05-22 13:59:33,-13.942175751279365,673313cc-099c-4c1a-8f79-1cd3e6db159e,37.213825,-119.1097205
2019-05-29 01:51:12,-12.083374293601468,673313cc-099c-4c1a-8f79-1cd3e6db159e,37.213825,-119.1097205
2019-06-03 01:59:21,-14.544008660279202,673313cc-099c-4c1a-8f79-1cd3e6db159e,37.213825,-119.1097205
2019-06-03 13:59:33,-14.12078027660317,673313cc-099c-4c1a-8f79-1cd3e6db159e,37.213825,-119.1097205
2019-06-10 01:51:13,-12.987877529044491,673313cc-099c-4c1a-8f79-1cd3e6db159e,37.213825,-119.1097205
2019-06-15 01:59:22,-11.15556565269431,673313cc-099c-4c1a-8f79-1cd3e6db159e,37.213825,-119.1097205
2019-06-15 13:59:34,-10.413125948861099,673313cc-099c-4c1a-8f79-1cd3e6db159e,37.213825,-119.1097205
2019-06-22 01:51:14,-11.877452594005192,673313cc-099c-4c1a-8f79-1cd3e6db159e,37.213825,-119.1097205
2019-06-27 01:59:23,-16.55032084978657,673313cc-099c-4c1a-8f79-1cd3e6db159e,37.213825,-119.1097205
2019-06-27 13:59:35,-13.10392128265708,673313cc-099c-4c1a-8f79-1cd3e6db159e,37.213825,-119.1097205
2019-07-04 01:51:14,-15.07097806570693,673313cc-099c-4c1a-8f79-1cd3e6db159e,37.213825,-119.1097205
2019-07-09 01:59:23,-12.667655095476553,673313cc-099c-4c1a-8f79-1cd3e6db159e,37.213825,-119.1097205
2019-07-09 13:59:35,-12.20521299039656,673313cc-099c-4c1a-8f79-1cd3e6db159e,37.213825,-119.1097205
2019-07-16 01:51:15,-16.38604728172019,673313cc-099c-4c1a-8f79-1cd3e6db159e,37.213825,-119.1097205
2019-07-21 01:59:24,-10.731020561816583,673313cc-099c-4c1a-8f79-1cd3e6db159e,37.213825,-119.1097205
2019-07-21 13:59:36,-10.383808948534863,673313cc-099c-4c1a-8f79-1cd3e6db159e,37.213825,-119.1097205
2019-07-28 01:51:16,-11.778716450908524,673313cc-099c-4c1a-8f79-1cd3e6db159e,37.213825,-119.1097205
2019-08-02 01:59:25,-11.589868702038173,673313cc-099c-4c1a-8f79-1cd3e6db159e,37.213825,-119.1097205
2019-08-02 13:59:37,-9.621173042037567,673313cc-099c-4c1a-8f79-1cd3e6db159e,37.213825,-119.1097205
2019-08-09 01:51:17,-10.271695730786515,673313cc-099c-4c1a-8f79-1cd3e6db159e,37.213825,-119.1097205
2019-08-14 13:59:38,-7.811565666482952,673313cc-099c-4c1a-8f79-1cd3e6db159e,37.213825,-119.1097205
2019-08-26 01:59:27,-13.510310702919446,673313cc-099c-4c1a-8f79-1cd3e6db159e,37.213825,-119.1097205
2019-08-26 13:59:38,-12.419617966002354,673313cc-099c-4c1a-8f79-1cd3e6db159e,37.213825,-119.1097205
2019-09-02 01:51:18,-13.15747440677377,673313cc-099c-4c1a-8f79-1cd3e6db159e,37.213825,-119.1097205
2019-09-07 01:59:27,-11.097639814038757,673313cc-099c-4c1a-8f79-1cd3e6db159e,37.213825,-119.1097205
2019-09-07 13:59:39,-11.362775351115278,673313cc-099c-4c1a-8f79-1cd3e6db159e,37.213825,-119.1097205
2019-09-19 01:59:27,-11.659304822458594,673313cc-099c-4c1a-8f79-1cd3e6db159e,37.213825,-119.1097205
2019-09-19 13:59:39,-10.023587854865031,673313cc-099c-4c1a-8f79-1cd3e6db159e,37.213825,-119.1097205
2019-09-26 01:51:19,-12.909583501694557,673313cc-099c-4c1a-8f79-1cd3e6db159e,37.213825,-119.1097205
2019-10-01 01:59:28,-11.93797941739583,673313cc-099c-4c1a-8f79-1cd3e6db159e,37.213825,-119.1097205
2019-10-01 13:59:40,-10.001145964960577,673313cc-099c-4c1a-8f79-1cd3e6db159e,37.213825,-119.1097205
2019-10-08 01:51:19,-12.57597574608393,673313cc-099c-4c1a-8f79-1cd3e6db159e,37.213825,-119.1097205
2019-10-13 01:59:28,-9.46134416627375,673313cc-099c-4c1a-8f79-1cd3e6db159e,37.213825,-119.1097205
2019-10-13 13:59:40,-13.796065007807085,673313cc-099c-4c1a-8f79-1cd3e6db159e,37.213825,-119.1097205
2019-10-20 01:51:19,-11.11448089297355,673313cc-099c-4c1a-8f79-1cd3e6db159e,37.213825,-119.1097205
2019-10-25 01:59:28,-9.521271693301276,673313cc-099c-4c1a-8f79-1cd3e6db159e,37.213825,-119.1097205
2019-10-25 13:59:40,-14.221329659856114,673313cc-099c-4c1a-8f79-1cd3e6db159e,37.213825,-119.1097205
2019-11-01 01:51:19,-13.476769390088034,673313cc-099c-4c1a-8f79-1cd3e6db159e,37.213825,-119.1097205
2019-11-06 01:59:28,-10.815003381786553,673313cc-099c-4c1a-8f79-1cd3e6db159e,37.213825,-119.1097205
2019-11-06 13:59:40,-11.987592417631665,673313cc-099c-4c1a-8f79-1cd3e6db159e,37.213825,-119.1097205
2019-11-13 01:51:19,-9.367791972178846,673313cc-099c-4c1a-8f79-1cd3e6db159e,37.213825,-119.1097205
2019-11-18 01:59:28,-9.759395799043245,673313cc-099c-4c1a-8f79-1cd3e6db159e,37.213825,-119.1097205
2019-11-18 13:59:40,-11.814530356223202,673313cc-099c-4c1a-8f79-1cd3e6db159e,37.213825,-119.1097205
2019-11-25 01:51:19,-11.935242376100351,673313cc-099c-4c1a-8f79-1cd3e6db159e,37.213825,-119.1097205
2019-11-30 01:59:27,-14.596270861070064,673313cc-099c-4c1a-8f79-1cd3e6db159e,37.213825,-119.1097205
2019-11-30 13:59:39,-12.596334299811145,673313cc-099c-4c1a-8f79-1cd3e6db159e,37.213825,-119.1097205
2019-12-07 01:51:18,-7.360875101409764,673313cc-099c-4c1a-8f79-1cd3e6db159e,37.213825,-119.1097205
2019-12-12 01:59:27,-14.225612866256297,673313cc-099c-4c1a-8f79-1cd3e6db159e,37.213825,-119.1097205
2019-12-12 13:59:39,-11.2791366831207,673313cc-099c-4c1a-8f79-1cd3e6db159e,37.213825,-119.1097205
2019-12-24 13:59:39,-11.420907292327549,673313cc-099c-4c1a-8f79-1cd3e6db159e,37.213825,-119.1097205
2019-12-31 01:51:17,-14.869459483353042,673313cc-099c-4c1a-8f79-1cd3e6db159e,37.213825,-119.1097205
2020-01-05 01:59:26,-12.142169148571785,673313cc-099c-4c1a-8f79-1cd3e6db159e,37.213825,-119.1097205
2020-01-05 13:59:38,-6.805281883289625,673313cc-099c-4c1a-8f79-1cd3e6db159e,37.213825,-119.1097205
2020-01-17 01:59:26,-16.16781118363532,673313cc-099c-4c1a-8f79-1cd3e6db159e,37.213825,-119.1097205
2020-01-17 13:59:37,-7.3769513090968255,673313cc-099c-4c1a-8f79-1cd3e6db159e,37.213825,-119.1097205
2020-01-29 01:59:25,-13.875146634070704,673313cc-099c-4c1a-8f79-1cd3e6db159e,37.213825,-119.1097205
2020-01-29 13:59:37,-7.883049462557315,673313cc-099c-4c1a-8f79-1cd3e6db159e,37.213825,-119.1097205
2020-02-05 01:51:16,-14.313787879877136,673313cc-099c-4c1a-8f79-1cd3e6db159e,37.213825,-119.1097205
2020-02-10 01:59:25,-13.368661396629287,673313cc-099c-4c1a-8f79-1cd3e6db159e,37.213825,-119.1097205
2020-02-10 13:59:37,-8.349758313149211,673313cc-099c-4c1a-8f79-1cd3e6db159e,37.213825,-119.1097205
2020-02-17 01:51:16,-11.59307695087183,673313cc-099c-4c1a-8f79-1cd3e6db159e,37.213825,-119.1097205
2020-02-22 01:59:25,-12.652146998142582,673313cc-099c-4c1a-8f79-1cd3e6db159e,37.213825,-119.1097205
2020-02-22 13:59:37,-10.127235975836262,673313cc-099c-4c1a-8f79-1cd3e6db159e,37.213825,-119.1097205
2020-02-29 01:51:16,-12.601744257138918,673313cc-099c-4c1a-8f79-1cd3e6db159e,37.213825,-119.1097205
2020-03-05 01:59:25,-11.346023675865917,673313cc-099c-4c1a-8f79-1cd3e6db159e,37.213825,-119.1097205
2020-03-05 13:59:37,-8.966218595883383,673313cc-099c-4c1a-8f79-1cd3e6db159e,37.213825,-119.1097205
2020-03-12 01:51:16,-13.676151245087905,673313cc-099c-4c1a-8f79-1cd3e6db159e,37.213825,-119.1097205
2020-03-17 01:59:25,-11.512132011875504,673313cc-099c-4c1a-8f79-1cd3e6db159e,37.213825,-119.1097205
2020-03-17 13:59:37,-11.71478718596957,673313cc-099c-4c1a-8f79-1cd3e6db159e,37.213825,-119.1097205
2020-03-24 01:51:16,-13.757640101360671,673313cc-099c-4c1a-8f79-1cd3e6db159e,37.213825,-119.1097205
2020-03-29 01:59:25,-11.176137198026844,673313cc-099c-4c1a-8f79-1cd3e6db159e,37.213825,-119.1097205
2020-03-29 13:59:37,-9.439308880664118,673313cc-099c-4c1a-8f79-1cd3e6db159e,37.213825,-119.1097205
2020-04-10 01:59:25,-14.678499843790641,673313cc-099c-4c1a-8f79-1cd3e6db159e,37.213825,-119.1097205
2020-04-10 13:59:37,-10.208687519056063,673313cc-099c-4c1a-8f79-1cd3e6db159e,37.213825,-119.1097205
2020-04-17 01:51:17,-15.660926317261579,673313cc-099c-4c1a-8f79-1cd3e6db159e,37.213825,-119.1097205
2020-04-22 01:59:26,-16.72035181204223,673313cc-099c-4c1a-8f79-1cd3e6db159e,37.213825,-119.1097205
2020-04-22 13:59:38,-16.848237583997175,673313cc-099c-4c1a-8f79-1cd3e6db159e,37.213825,-119.1097205
2020-04-29 01:51:17,-10.819797018971505,673313cc-099c-4c1a-8f79-1cd3e6db159e,37.213825,-119.1097205
2020-05-04 01:59:26,-12.193245901866591,673313cc-099c-4c1a-8f79-1cd3e6db159e,37.213825,-119.1097205
2020-05-04 13:59:38,-12.191172833716696,673313cc-099c-4c1a-8f79-1cd3e6db159e,37.213825,-119.1097205
2020-05-11 01:51:18,-12.879011587828785,673313cc-099c-4c1a-8f79-1cd3e6db159e,37.213825,-119.1097205
2020-05-16 01:59:27,-11.610820839268538,673313cc-099c-4c1a-8f79-1cd3e6db159e,37.213825,-119.1097205
2020-05-16 13:59:39,-10.161519137008051,673313cc-099c-4c1a-8f79-1cd3e6db159e,37.213825,-119.1097205
2020-05-23 01:51:19,-11.331615695022306,673313cc-099c-4c1a-8f79-1cd3e6db159e,37.213825,-119.1097205
2020-05-28 01:59:28,-13.784658846013508,673313cc-099c-4c1a-8f79-1cd3e6db159e,37.213825,-119.1097205
2020-05-28 13:59:40,-13.435190042928296,673313cc-099c-4c1a-8f79-1cd3e6db159e,37.213825,-119.1097205
2020-06-04 01:51:19,-11.682275821300859,673313cc-099c-4c1a-8f79-1cd3e6db159e,37.213825,-119.1097205
2020-06-09 01:59:29,-16.410233294228686,673313cc-099c-4c1a-8f79-1cd3e6db159e,37.213825,-119.1097205
2020-06-09 13:59:40,-14.326228999027204,673313cc-099c-4c1a-8f79-1cd3e6db159e,37.213825,-119.1097205
2020-06-16 01:51:20,-13.071913791000643,673313cc-099c-4c1a-8f79-1cd3e6db159e,37.213825,-119.1097205
2020-06-21 01:59:29,-11.535308381190507,673313cc-099c-4c1a-8f79-1cd3e6db159e,37.213825,-119.1097205
2020-06-21 13:59:41,-13.161000522311532,673313cc-099c-4c1a-8f79-1cd3e6db159e,37.213825,-119.1097205
2020-06-28 01:51:21,-12.15261988589784,673313cc-099c-4c1a-8f79-1cd3e6db159e,37.213825,-119.1097205
2020-07-03 01:59:30,-11.493849785747202,673313cc-099c-4c1a-8f79-1cd3e6db159e,37.213825,-119.1097205
2020-07-03 13:59:42,-15.125288759297975,673313cc-099c-4c1a-8f79-1cd3e6db159e,37.213825,-119.1097205
2020-07-10 01:51:21,-12.20616261461155,673313cc-099c-4c1a-8f79-1cd3e6db159e,37.213825,-119.1097205
2020-07-15 01:59:30,-14.269084856716002,673313cc-099c-4c1a-8f79-1cd3e6db159e,37.213825,-119.1097205
2020-07-15 13:59:42,-11.139591948084032,673313cc-099c-4c1a-8f79-1cd3e6db159e,37.213825,-119.1097205
2020-07-22 01:51:22,-7.064503154362519,673313cc-099c-4c1a-8f79-1cd3e6db159e,37.213825,-119.1097205
2020-07-27 01:59:31,-12.568740002057297,673313cc-099c-4c1a-8f79-1cd3e6db159e,37.213825,-119.1097205
2020-07-27 13:59:43,-13.778056547693609,673313cc-099c-4c1a-8f79-1cd3e6db159e,37.213825,-119.1097205
2020-08-03 01:51:23,-13.017646715976054,673313cc-099c-4c1a-8f79-1cd3e6db159e,37.213825,-119.1097205
2020-08-08 01:59:32,-11.72042014355914,673313cc-099c-4c1a-8f79-1cd3e6db159e,37.213825,-119.1097205
2020-08-08 13:59:44,-13.02001734617864,673313cc-099c-4c1a-8f79-1cd3e6db159e,37.213825,-119.1097205
2020-08-15 01:51:23,-13.269275361938105,673313cc-099c-4c1a-8f79-1cd3e6db159e,37.213825,-119.1097205
2020-08-20 01:59:33,-12.942490810034608,673313cc-099c-4c1a-8f79-1cd3e6db159e,37.213825,-119.1097205
2020-08-20 13:59:45,-14.044369728112272,673313cc-099c-4c1a-8f79-1cd3e6db159e,37.213825,-119.1097205
2020-08-27 01:51:24,-12.724204912774654,673313cc-099c-4c1a-8f79-1cd3e6db159e,37.213825,-119.1097205
2020-09-01 01:59:33,-13.227802417576136,673313cc-099c-4c1a-8f79-1cd3e6db159e,37.213825,-119.1097205
2020-09-01 13:59:45,-10.52776730493999,673313cc-099c-4c1a-8f79-1cd3e6db159e,37.213825,-119.1097205
2020-09-08 01:51:25,-15.43409448391947,673313cc-099c-4c1a-8f79-1cd3e6db159e,37.213825,-119.1097205
2020-09-13 01:59:34,-14.068210227611464,673313cc-099c-4c1a-8f79-1cd3e6db159e,37.213825,-119.1097205
2020-09-13 13:59:46,-11.653686601841073,673313cc-099c-4c1a-8f79-1cd3e6db159e,37.213825,-119.1097205
2020-09-20 01:51:25,-16.274239906610454,673313cc-099c-4c1a-8f79-1cd3e6db159e,37.213825,-119.1097205
2020-09-25 01:59:34,-12.792770085518372,673313cc-099c-4c1a-8f79-1cd3e6db159e,37.213825,-119.1097205
2020-09-25 13:59:46,-11.350582895124765,673313cc-099c-4c1a-8f79-1cd3e6db159e,37.213825,-119.1097205
2020-10-02 01:51:25,-12.275357414839958,673313cc-099c-4c1a-8f79-1cd3e6db159e,37.213825,-119.1097205
2020-10-07 01:59:35,-12.516445997683828,673313cc-099c-4c1a-8f79-1cd3e6db159e,37.213825,-119.1097205
2020-10-07 13:59:46,-14.548858038331197,673313cc-099c-4c1a-8f79-1cd3e6db159e,37.213825,-119.1097205
2020-10-14 01:51:26,-15.662965623663352,673313cc-099c-4c1a-8f79-1cd3e6db159e,37.213825,-119.1097205
2020-10-19 01:59:35,-14.031437334203522,673313cc-099c-4c1a-8f79-1cd3e6db159e,37.213825,-119.1097205
2020-10-19 13:59:46,-11.956874503213646,673313cc-099c-4c1a-8f79-1cd3e6db159e,37.213825,-119.1097205
2020-10-26 01:51:26,-14.879654972428023,673313cc-099c-4c1a-8f79-1cd3e6db159e,37.213825,-119.1097205
2020-10-31 01:59:35,-16.33120023838156,673313cc-099c-4c1a-8f79-1cd3e6db159e,37.213825,-119.1097205
2020-10-31 13:59:46,-14.062534496804524,673313cc-099c-4c1a-8f79-1cd3e6db159e,37.213825,-119.1097205
2020-11-07 01:51:25,-12.81795518289346,673313cc-099c-4c1a-8f79-1cd3e6db159e,37.213825,-119.1097205
2020-11-12 01:59:34,-11.836125076257805,673313cc-099c-4c1a-8f79-1cd3e6db159e,37.213825,-119.1097205
2020-11-12 13:59:46,-11.040836216255679,673313cc-099c-4c1a-8f79-1cd3e6db159e,37.213825,-119.1097205
2020-11-19 01:51:25,-11.79923720774055,673313cc-099c-4c1a-8f79-1cd3e6db159e,37.213825,-119.1097205
2020-11-24 01:59:34,-14.51954126457958,673313cc-099c-4c1a-8f79-1cd3e6db159e,37.213825,-119.1097205
2020-11-24 13:59:46,-13.763191504563805,673313cc-099c-4c1a-8f79-1cd3e6db159e,37.213825,-119.1097205
2020-12-01 01:51:25,-13.100082606265673,673313cc-099c-4c1a-8f79-1cd3e6db159e,37.213825,-119.1097205
2020-12-06 01:59:34,-15.349501010373677,673313cc-099c-4c1a-8f79-1cd3e6db159e,37.213825,-119.1097205
2020-12-06 13:59:45,-12.69422518737067,673313cc-099c-4c1a-8f79-1cd3e6db159e,37.213825,-119.1097205
2020-12-13 01:51:24,-14.297753628326298,673313cc-099c-4c1a-8f79-1cd3e6db159e,37.213825,-119.1097205
2020-12-18 01:59:33,-14.48706353384952,673313cc-099c-4c1a-8f79-1cd3e6db159e,37.213825,-119.1097205
2020-12-18 13:59:45,-13.842426994844681,673313cc-099c-4c1a-8f79-1cd3e6db159e,37.213825,-119.1097205
2020-12-25 01:51:24,-16.141391639646805,673313cc-099c-4c1a-8f79-1cd3e6db159e,37.213825,-119.1097205
2020-12-30 01:59:32,-16.252729399316276,673313cc-099c-4c1a-8f79-1cd3e6db159e,37.213825,-119.1097205
2020-12-30 13:59:44,-13.838622033413104,673313cc-099c-4c1a-8f79-1cd3e6db159e,37.213825,-119.1097205
2021-01-06 01:51:23,-17.925285442873648,673313cc-099c-4c1a-8f79-1cd3e6db159e,37.213825,-119.1097205
2021-01-11 01:59:32,-15.220918876490222,673313cc-099c-4c1a-8f79-1cd3e6db159e,37.213825,-119.1097205
2021-01-11 13:59:44,-12.410066064238169,673313cc-099c-4c1a-8f79-1cd3e6db159e,37.213825,-119.1097205
2021-01-23 01:59:31,-13.76205795831117,673313cc-099c-4c1a-8f79-1cd3e6db159e,37.213825,-119.1097205
2021-01-23 13:59:43,-11.208443257043527,673313cc-099c-4c1a-8f79-1cd3e6db159e,37.213825,-119.1097205
2021-01-30 01:51:22,-14.165169436872137,673313cc-099c-4c1a-8f79-1cd3e6db159e,37.213825,-119.1097205
2021-02-04 01:59:31,-15.096754068315676,673313cc-099c-4c1a-8f79-1cd3e6db159e,37.213825,-119.1097205
2021-02-04 13:59:43,-11.791750337087763,673313cc-099c-4c1a-8f79-1cd3e6db159e,37.213825,-119.1097205
2021-02-11 01:51:22,-10.69210223178463,673313cc-099c-4c1a-8f79-1cd3e6db159e,37.213825,-119.1097205
2021-02-16 01:59:31,-14.054744347597774,673313cc-099c-4c1a-8f79-1cd3e6db159e,37.213825,-119.1097205
2021-02-16 13:59:43,-10.24282556945387,673313cc-099c-4c1a-8f79-1cd3e6db159e,37.213825,-119.1097205
2021-02-23 01:51:22,-14.467902374989784,673313cc-099c-4c1a-8f79-1cd3e6db159e,37.213825,-119.1097205
2021-02-28 01:59:30,-11.061994810706246,673313cc-099c-4c1a-8f79-1cd3e6db159e,37.213825,-119.1097205
2021-02-28 13:59:42,-7.516446788885159,673313cc-099c-4c1a-8f79-1cd3e6db159e,37.213825,-119.1097205
2021-03-07 01:51:22,-15.75107271324498,673313cc-099c-4c1a-8f79-1cd3e6db159e,37.213825,-119.1097205
2021-03-12 01:59:31,-16.964568958393645,673313cc-099c-4c1a-8f79-1cd3e6db159e,37.213825,-119.1097205
2021-03-12 13:59:42,-7.558541590396844,673313cc-099c-4c1a-8f79-1cd3e6db159e,37.213825,-119.1097205
2021-03-19 01:51:22,-16.731954887099242,673313cc-099c-4c1a-8f79-1cd3e6db159e,37.213825,-119.1097205
2021-03-24 01:59:31,-16.82195445056861,673313cc-099c-4c1a-8f79-1cd3e6db159e,37.213825,-119.1097205
2021-03-24 13:59:43,-7.447342772192277,673313cc-099c-4c1a-8f79-1cd3e6db159e,37.213825,-119.1097205
2021-03-31 01:51:22,-15.421107798986915,673313cc-099c-4c1a-8f79-1cd3e6db159e,37.213825,-119.1097205
2021-04-05 01:59:31,-14.292687769942866,673313cc-099c-4c1a-8f79-1cd3e6db159e,37.213825,-119.1097205
2021-04-05 13:59:43,-11.286135371446703,673313cc-099c-4c1a-8f79-1cd3e6db159e,37.213825,-119.1097205
2021-04-12 01:51:22,-17.15954156608996,673313cc-099c-4c1a-8f79-1cd3e6db159e,37.213825,-119.1097205
2021-04-17 01:59:32,-13.645833963303772,673313cc-099c-4c1a-8f79-1cd3e6db159e,37.213825,-119.1097205
2021-04-17 13:59:43,-12.660396870033466,673313cc-099c-4c1a-8f79-1cd3e6db159e,37.213825,-119.1097205
2021-04-24 01:51:23,-11.98377405049974,673313cc-099c-4c1a-8f79-1cd3e6db159e,37.213825,-119.1097205
2021-04-29 01:59:32,-11.584945875699349,673313cc-099c-4c1a-8f79-1cd3e6db159e,37.213825,-119.1097205
2021-04-29 13:59:44,-7.363589074470772,673313cc-099c-4c1a-8f79-1cd3e6db159e,37.213825,-119.1097205
2021-05-06 01:51:23,-11.810135120299245,673313cc-099c-4c1a-8f79-1cd3e6db159e,37.213825,-119.1097205
2021-05-11 01:59:33,-13.09458768191716,673313cc-099c-4c1a-8f79-1cd3e6db159e,37.213825,-119.1097205
2021-05-11 13:59:45,-7.89581075085853,673313cc-099c-4c1a-8f79-1cd3e6db159e,37.213825,-119.1097205
2021-05-18 01:51:24,-11.992890353546393,673313cc-099c-4c1a-8f79-1cd3e6db159e,37.213825,-119.1097205
2021-05-23 01:59:33,-14.672646017581815,673313cc-099c-4c1a-8f79-1cd3e6db159e,37.213825,-119.1097205
2021-05-23 13:59:45,-11.201557997757606,673313cc-099c-4c1a-8f79-1cd3e6db159e,37.213825,-119.1097205
2021-05-30 01:51:25,-12.550395963868583,673313cc-099c-4c1a-8f79-1cd3e6db159e,37.213825,-119.1097205
2021-06-04 01:59:34,-16.167064463625664,673313cc-099c-4c1a-8f79-1cd3e6db159e,37.213825,-119.1097205
2021-06-04 13:59:46,-10.804823580954368,673313cc-099c-4c1a-8f79-1cd3e6db159e,37.213825,-119.1097205
2021-06-11 01:51:26,-11.169376624605311,673313cc-099c-4c1a-8f79-1cd3e6db159e,37.213825,-119.1097205
2021-06-16 01:59:35,-13.445617397908354,673313cc-099c-4c1a-8f79-1cd3e6db159e,37.213825,-119.1097205
2021-06-16 13:59:47,-9.636911172658989,673313cc-099c-4c1a-8f79-1cd3e6db159e,37.213825,-119.1097205
2021-06-23 01:51:26,-15.491291075809212,673313cc-099c-4c1a-8f79-1cd3e6db159e,37.213825,-119.1097205
2021-06-28 01:59:35,-11.217422478717989,673313cc-099c-4c1a-8f79-1cd3e6db159e,37.213825,-119.1097205
2021-06-28 13:59:47,-11.142391095537409,673313cc-099c-4c1a-8f79-1cd3e6db159e,37.213825,-119.1097205
2021-07-05 01:51:27,-10.488738890594444,673313cc-099c-4c1a-8f79-1cd3e6db159e,37.213825,-119.1097205
2021-07-10 01:59:36,-13.23717328128318,673313cc-099c-4c1a-8f79-1cd3e6db159e,37.213825,-119.1097205
2021-07-10 13:59:48,-7.954422490870049,673313cc-099c-4c1a-8f79-1cd3e6db159e,37.213825,-119.1097205
2021-07-17 01:51:28,-10.18218749426807,673313cc-099c-4c1a-8f79-1cd3e6db159e,37.213825,-119.1097205
2021-07-22 01:59:37,-9.788499766505765,673313cc-099c-4c1a-8f79-1cd3e6db159e,37.213825,-119.1097205
2021-07-22 13:59:49,-11.224707938014992,673313cc-099c-4c1a-8f79-1cd3e6db159e,37.213825,-119.1097205
2021-07-29 01:51:28,-11.448596990866793,673313cc-099c-4c1a-8f79-1cd3e6db159e,37.213825,-119.1097205
2021-08-03 01:59:38,-14.398288487448776,673313cc-099c-4c1a-8f79-1cd3e6db159e,37.213825,-119.1097205
2021-08-03 13:59:50,-11.99054145601619,673313cc-099c-4c1a-8f79-1cd3e6db159e,37.213825,-119.1097205
2021-08-10 01:51:29,-9.568935220844422,673313cc-099c-4c1a-8f79-1cd3e6db159e,37.213825,-119.1097205
2021-08-15 01:59:38,-15.711932957689784,673313cc-099c-4c1a-8f79-1cd3e6db159e,37.213825,-119.1097205
2021-08-15 13:59:50,-12.919925920161726,673313cc-099c-4c1a-8f79-1cd3e6db159e,37.213825,-119.1097205
2021-08-22 01:51:30,-9.913760130388576,673313cc-099c-4c1a-8f79-1cd3e6db159e,37.213825,-119.1097205
2021-08-27 01:59:39,-12.160652012854026,673313cc-099c-4c1a-8f79-1cd3e6db159e,37.213825,-119.1097205
2021-08-27 13:59:51,-13.092543344620498,673313cc-099c-4c1a-8f79-1cd3e6db159e,37.213825,-119.1097205
2021-09-03 01:51:30,-10.1094018034089,673313cc-099c-4c1a-8f79-1cd3e6db159e,37.213825,-119.1097205
2021-09-08 01:59:39,-9.926611645429176,673313cc-099c-4c1a-8f79-1cd3e6db159e,37.213825,-119.1097205
2021-09-08 13:59:51,-9.371951170250561,673313cc-099c-4c1a-8f79-1cd3e6db159e,37.213825,-119.1097205
2021-09-15 01:51:31,-11.636968341693105,673313cc-099c-4c1a-8f79-1cd3e6db159e,37.213825,-119.1097205
2021-09-20 01:59:40,-10.598665142750228,673313cc-099c-4c1a-8f79-1cd3e6db159e,37.213825,-119.1097205
2021-09-20 13:59:52,-11.860277714322265,673313cc-099c-4c1a-8f79-1cd3e6db159e,37.213825,-119.1097205
2021-09-27 01:51:31,-11.174575511564148,673313cc-099c-4c1a-8f79-1cd3e6db159e,37.213825,-119.1097205
2021-10-02 01:59:40,-11.661890593336388,673313cc-099c-4c1a-8f79-1cd3e6db159e,37.213825,-119.1097205
2021-10-02 13:59:52,-11.098096451772019,673313cc-099c-4c1a-8f79-1cd3e6db159e,37.213825,-119.1097205
2021-10-09 01:51:31,-9.889216453442394,673313cc-099c-4c1a-8f79-1cd3e6db159e,37.213825,-119.1097205
2021-10-14 01:59:40,-13.262514187554999,673313cc-099c-4c1a-8f79-1cd3e6db159e,37.213825,-119.1097205
2021-10-14 13:59:52,-12.759632802570593,673313cc-099c-4c1a-8f79-1cd3e6db159e,37.213825,-119.1097205
2021-10-21 01:51:31,-12.82042215816806,673313cc-099c-4c1a-8f79-1cd3e6db159e,37.213825,-119.1097205
2021-10-26 01:59:40,-12.881960690447523,673313cc-099c-4c1a-8f79-1cd3e6db159e,37.213825,-119.1097205
2021-10-26 13:59:52,-13.474766350269316,673313cc-099c-4c1a-8f79-1cd3e6db159e,37.213825,-119.1097205
2021-11-02 01:51:31,-13.158254788629575,673313cc-099c-4c1a-8f79-1cd3e6db159e,37.213825,-119.1097205
2021-11-07 01:59:40,-12.789557575470255,673313cc-099c-4c1a-8f79-1cd3e6db159e,37.213825,-119.1097205
2021-11-14 01:51:28,-12.01289771089064,673313cc-099c-4c1a-8f79-1cd3e6db159e,37.213825,-119.1097205
2021-11-19 01:59:37,-13.779679817230114,673313cc-099c-4c1a-8f79-1cd3e6db159e,37.213825,-119.1097205
2021-11-19 13:59:52,-13.870799356297141,673313cc-099c-4c1a-8f79-1cd3e6db159e,37.213825,-119.1097205
2021-11-26 01:51:28,-11.094387659199608,673313cc-099c-4c1a-8f79-1cd3e6db159e,37.213825,-119.1097205
2021-12-01 01:59:37,-13.022950327366175,673313cc-099c-4c1a-8f79-1cd3e6db159e,37.213825,-119.1097205
2021-12-01 13:59:51,-15.569074563443854,673313cc-099c-4c1a-8f79-1cd3e6db159e,37.213825,-119.1097205
2021-12-08 01:51:27,-11.697537377209716,673313cc-099c-4c1a-8f79-1cd3e6db159e,37.213825,-119.1097205
2021-12-13 01:59:36,-16.661448884922134,673313cc-099c-4c1a-8f79-1cd3e6db159e,37.213825,-119.1097205
2021-12-13 13:59:51,-16.229891593744316,673313cc-099c-4c1a-8f79-1cd3e6db159e,37.213825,-119.1097205
2021-12-20 01:51:27,-13.12901390461952,673313cc-099c-4c1a-8f79-1cd3e6db159e,37.213825,-119.1097205
2021-12-25 13:59:50,-13.327068703185383,673313cc-099c-4c1a-8f79-1cd3e6db159e,37.213825,-119.1097205
2014-10-10 01:50:45,-12.944339179537918,673313cc-099c-4c1a-8f79-1cd3e6db159e,37.213825,-119.1097205
2014-10-15 13:59:22,-13.711854498303385,673313cc-099c-4c1a-8f79-1cd3e6db159e,37.213825,-119.1097205
2014-11-03 01:50:24,-10.345259680182291,673313cc-099c-4c1a-8f79-1cd3e6db159e,37.213825,-119.1097205
2014-11-08 13:59:22,-10.923616525974156,673313cc-099c-4c1a-8f79-1cd3e6db159e,37.213825,-119.1097205
2014-11-27 01:50:46,-13.798873219883967,673313cc-099c-4c1a-8f79-1cd3e6db159e,37.213825,-119.1097205
2014-12-02 13:59:22,-11.550822265984719,673313cc-099c-4c1a-8f79-1cd3e6db159e,37.213825,-119.1097205
2014-12-21 01:50:35,-11.457107611126089,673313cc-099c-4c1a-8f79-1cd3e6db159e,37.213825,-119.1097205
2014-12-26 13:59:21,-11.876147054831755,673313cc-099c-4c1a-8f79-1cd3e6db159e,37.213825,-119.1097205
2015-01-07 01:58:44,-16.889239920255974,673313cc-099c-4c1a-8f79-1cd3e6db159e,37.213825,-119.1097205
2015-01-14 01:50:34,-13.974251928634622,673313cc-099c-4c1a-8f79-1cd3e6db159e,37.213825,-119.1097205
2015-01-31 01:58:51,-11.38380045046443,673313cc-099c-4c1a-8f79-1cd3e6db159e,37.213825,-119.1097205
2015-02-07 01:50:47,-13.899029918869136,673313cc-099c-4c1a-8f79-1cd3e6db159e,37.213825,-119.1097205
2015-02-12 13:59:19,-15.56946768914895,673313cc-099c-4c1a-8f79-1cd3e6db159e,37.213825,-119.1097205
2015-02-24 01:58:45,-16.405577145709884,673313cc-099c-4c1a-8f79-1cd3e6db159e,37.213825,-119.1097205
2015-03-08 13:59:20,-10.535917768656342,673313cc-099c-4c1a-8f79-1cd3e6db159e,37.213825,-119.1097205
2015-03-15 01:50:43,-10.344674637414448,673313cc-099c-4c1a-8f79-1cd3e6db159e,37.213825,-119.1097205
2015-03-20 01:58:56,-11.436908182005379,673313cc-099c-4c1a-8f79-1cd3e6db159e,37.213825,-119.1097205
2015-04-01 13:59:20,-11.392775017604638,673313cc-099c-4c1a-8f79-1cd3e6db159e,37.213825,-119.1097205
2015-04-08 01:50:45,-13.33985740484074,673313cc-099c-4c1a-8f79-1cd3e6db159e,37.213825,-119.1097205
2015-04-13 01:58:50,-13.778912714898288,673313cc-099c-4c1a-8f79-1cd3e6db159e,37.213825,-119.1097205
2015-04-25 13:59:22,-12.833510672293242,673313cc-099c-4c1a-8f79-1cd3e6db159e,37.213825,-119.1097205
2015-05-02 01:50:47,-11.247092577369163,673313cc-099c-4c1a-8f79-1cd3e6db159e,37.213825,-119.1097205
2015-05-07 01:58:45,-14.847596581193878,673313cc-099c-4c1a-8f79-1cd3e6db159e,37.213825,-119.1097205
2015-05-26 01:50:51,-10.43613841622717,673313cc-099c-4c1a-8f79-1cd3e6db159e,37.213825,-119.1097205
2015-05-31 01:58:38,-16.271831096948212,673313cc-099c-4c1a-8f79-1cd3e6db159e,37.213825,-119.1097205
2015-06-12 13:59:25,-9.850455490263139,673313cc-099c-4c1a-8f79-1cd3e6db159e,37.213825,-119.1097205
2015-06-19 01:50:52,-14.272482431113838,673313cc-099c-4c1a-8f79-1cd3e6db159e,37.213825,-119.1097205
2015-06-24 01:58:40,-12.083865590419649,673313cc-099c-4c1a-8f79-1cd3e6db159e,37.213825,-119.1097205
2015-07-06 13:59:25,-12.379672184367685,673313cc-099c-4c1a-8f79-1cd3e6db159e,37.213825,-119.1097205
2015-07-13 01:50:53,-13.53481886772765,673313cc-099c-4c1a-8f79-1cd3e6db159e,37.213825,-119.1097205
2015-07-18 01:58:40,-11.175860583396602,673313cc-099c-4c1a-8f79-1cd3e6db159e,37.213825,-119.1097205
2015-07-30 13:59:26,-13.469514443788519,673313cc-099c-4c1a-8f79-1cd3e6db159e,37.213825,-119.1097205
2015-08-06 01:50:54,-13.073690552473728,673313cc-099c-4c1a-8f79-1cd3e6db159e,37.213825,-119.1097205
2015-08-11 01:58:41,-15.019664663290772,673313cc-099c-4c1a-8f79-1cd3e6db159e,37.213825,-119.1097205
2015-08-23 13:59:28,-10.599981952462267,673313cc-099c-4c1a-8f79-1cd3e6db159e,37.213825,-119.1097205
2015-08-30 01:50:56,-9.710398851109037,673313cc-099c-4c1a-8f79-1cd3e6db159e,37.213825,-119.1097205
2015-09-04 01:58:42,-13.600943975075442,673313cc-099c-4c1a-8f79-1cd3e6db159e,37.213825,-119.1097205
2015-09-16 13:59:28,-10.082550076169008,673313cc-099c-4c1a-8f79-1cd3e6db159e,37.213825,-119.1097205
2015-09-28 01:58:43,-14.373777969642617,673313cc-099c-4c1a-8f79-1cd3e6db159e,37.213825,-119.1097205
2015-10-10 13:59:29,-11.120702671581604,673313cc-099c-4c1a-8f79-1cd3e6db159e,37.213825,-119.1097205
2015-10-17 01:50:57,-10.700025992168566,673313cc-099c-4c1a-8f79-1cd3e6db159e,37.213825,-119.1097205
2015-11-03 13:59:29,-11.385422757751362,673313cc-099c-4c1a-8f79-1cd3e6db159e,37.213825,-119.1097205
2015-11-15 01:59:02,-13.611099312001642,673313cc-099c-4c1a-8f79-1cd3e6db159e,37.213825,-119.1097205
2015-11-15 01:59:02,-13.611099312001642,673313cc-099c-4c1a-8f79-1cd3e6db159e,37.213825,-119.1097205
2015-11-27 13:59:23,-11.363596716348226,673313cc-099c-4c1a-8f79-1cd3e6db159e,37.213825,-119.1097205
2015-12-21 13:59:22,-7.52094339594381,673313cc-099c-4c1a-8f79-1cd3e6db159e,37.213825,-119.1097205
2016-01-14 13:59:21,-10.70185575217575,673313cc-099c-4c1a-8f79-1cd3e6db159e,37.213825,-119.1097205
2016-01-26 01:59:00,-16.38936808339632,673313cc-099c-4c1a-8f79-1cd3e6db159e,37.213825,-119.1097205
2016-02-07 13:59:21,-9.10777181297691,673313cc-099c-4c1a-8f79-1cd3e6db159e,37.213825,-119.1097205
2016-02-14 01:50:48,-11.15927609322656,673313cc-099c-4c1a-8f79-1cd3e6db159e,37.213825,-119.1097205
2016-02-19 01:59:00,-16.79632843727,673313cc-099c-4c1a-8f79-1cd3e6db159e,37.213825,-119.1097205
2016-03-02 13:59:21,-8.46444895908424,673313cc-099c-4c1a-8f79-1cd3e6db159e,37.213825,-119.1097205
2016-03-26 13:59:21,-15.222504569070171,673313cc-099c-4c1a-8f79-1cd3e6db159e,37.213825,-119.1097205
2016-04-07 01:59:01,-13.585930488427426,673313cc-099c-4c1a-8f79-1cd3e6db159e,37.213825,-119.1097205
2016-04-19 13:59:17,-12.03647199905194,673313cc-099c-4c1a-8f79-1cd3e6db159e,37.213825,-119.1097205
2016-04-26 01:50:50,-15.067575434163023,673313cc-099c-4c1a-8f79-1cd3e6db159e,37.213825,-119.1097205
2016-05-01 01:59:02,-12.711966184552173,673313cc-099c-4c1a-8f79-1cd3e6db159e,37.213825,-119.1097205
2016-05-13 13:59:23,-12.299029743762704,673313cc-099c-4c1a-8f79-1cd3e6db159e,37.213825,-119.1097205
2016-05-20 01:50:51,-10.523845410174166,673313cc-099c-4c1a-8f79-1cd3e6db159e,37.213825,-119.1097205
2016-05-25 01:59:06,-16.022172382206623,673313cc-099c-4c1a-8f79-1cd3e6db159e,37.213825,-119.1097205
2016-06-06 13:59:25,-11.471026609065191,673313cc-099c-4c1a-8f79-1cd3e6db159e,37.213825,-119.1097205
2016-06-13 01:50:53,-10.677779957471998,673313cc-099c-4c1a-8f79-1cd3e6db159e,37.213825,-119.1097205
2016-06-30 13:59:26,-9.482860690407737,673313cc-099c-4c1a-8f79-1cd3e6db159e,37.213825,-119.1097205
2016-07-07 01:50:54,-13.631376327756909,673313cc-099c-4c1a-8f79-1cd3e6db159e,37.213825,-119.1097205
2016-07-24 13:59:27,-9.25523584301133,673313cc-099c-4c1a-8f79-1cd3e6db159e,37.213825,-119.1097205
2016-07-31 01:50:55,-12.404281893641791,673313cc-099c-4c1a-8f79-1cd3e6db159e,37.213825,-119.1097205
2016-08-05 01:59:10,-14.703249697307584,673313cc-099c-4c1a-8f79-1cd3e6db159e,37.213825,-119.1097205
2016-08-17 13:59:29,-13.34400196384646,673313cc-099c-4c1a-8f79-1cd3e6db159e,37.213825,-119.1097205
2016-09-10 13:59:30,-10.438417927125439,673313cc-099c-4c1a-8f79-1cd3e6db159e,37.213825,-119.1097205
2016-09-22 01:59:12,-13.397511713448033,673313cc-099c-4c1a-8f79-1cd3e6db159e,37.213825,-119.1097205
2016-10-04 13:59:21,-11.142608682218967,673313cc-099c-4c1a-8f79-1cd3e6db159e,37.213825,-119.1097205
2016-10-16 01:58:50,-11.92243976192258,673313cc-099c-4c1a-8f79-1cd3e6db159e,37.213825,-119.1097205
2016-10-28 13:59:21,-15.207467057156695,673313cc-099c-4c1a-8f79-1cd3e6db159e,37.213825,-119.1097205
2016-11-09 01:58:50,-14.956110171536352,673313cc-099c-4c1a-8f79-1cd3e6db159e,37.213825,-119.1097205
2016-11-21 13:59:21,-16.605023361592043,673313cc-099c-4c1a-8f79-1cd3e6db159e,37.213825,-119.1097205
2016-12-03 01:58:49,-15.260233389005066,673313cc-099c-4c1a-8f79-1cd3e6db159e,37.213825,-119.1097205
2016-12-15 13:59:20,-10.973197805224101,673313cc-099c-4c1a-8f79-1cd3e6db159e,37.213825,-119.1097205
2016-12-27 01:58:48,-12.079680257613239,673313cc-099c-4c1a-8f79-1cd3e6db159e,37.213825,-119.1097205
2017-01-08 13:59:18,-13.730600486976455,673313cc-099c-4c1a-8f79-1cd3e6db159e,37.213825,-119.1097205
2017-01-15 01:50:55,-14.313875685771006,673313cc-099c-4c1a-8f79-1cd3e6db159e,37.213825,-119.1097205
2017-01-20 01:58:46,-14.329514697848586,673313cc-099c-4c1a-8f79-1cd3e6db159e,37.213825,-119.1097205
2017-02-01 13:59:18,-6.089152205567254,673313cc-099c-4c1a-8f79-1cd3e6db159e,37.213825,-119.1097205
2016-10-29 01:50:08,-12.826740919551389,673313cc-099c-4c1a-8f79-1cd3e6db159e,37.213825,-119.1097205
2016-11-03 01:58:25,-14.137763153827084,673313cc-099c-4c1a-8f79-1cd3e6db159e,37.213825,-119.1097205
2016-11-22 01:50:08,-13.111186085642688,673313cc-099c-4c1a-8f79-1cd3e6db159e,37.213825,-119.1097205
2016-11-27 01:58:25,-15.592589492086535,673313cc-099c-4c1a-8f79-1cd3e6db159e,37.213825,-119.1097205
2016-12-16 01:50:15,-12.41540046028714,673313cc-099c-4c1a-8f79-1cd3e6db159e,37.213825,-119.1097205
2016-12-21 01:58:24,-13.246132855199486,673313cc-099c-4c1a-8f79-1cd3e6db159e,37.213825,-119.1097205
2017-01-02 01:58:05,-13.766425240448218,673313cc-099c-4c1a-8f79-1cd3e6db159e,37.213825,-119.1097205
2017-01-09 01:50:13,-15.120102830563733,673313cc-099c-4c1a-8f79-1cd3e6db159e,37.213825,-119.1097205
2017-01-14 01:58:13,-12.697339443592757,673313cc-099c-4c1a-8f79-1cd3e6db159e,37.213825,-119.1097205
2017-01-14 13:58:43,-12.885146240195407,673313cc-099c-4c1a-8f79-1cd3e6db159e,37.213825,-119.1097205
2017-01-21 01:50:12,-12.728761216294089,673313cc-099c-4c1a-8f79-1cd3e6db159e,37.213825,-119.1097205
2017-01-26 01:58:04,-17.425571759853238,673313cc-099c-4c1a-8f79-1cd3e6db159e,37.213825,-119.1097205
2017-01-26 13:58:46,-10.445100887088444,673313cc-099c-4c1a-8f79-1cd3e6db159e,37.213825,-119.1097205
2017-02-02 01:50:12,-10.641408064216433,673313cc-099c-4c1a-8f79-1cd3e6db159e,37.213825,-119.1097205
2017-02-07 01:58:22,-11.321939468657842,673313cc-099c-4c1a-8f79-1cd3e6db159e,37.213825,-119.1097205
2017-02-19 01:58:04,-15.850877238667914,673313cc-099c-4c1a-8f79-1cd3e6db159e,37.213825,-119.1097205
2017-02-26 01:50:06,-11.483948215801847,673313cc-099c-4c1a-8f79-1cd3e6db159e,37.213825,-119.1097205
2017-03-03 01:58:20,-15.837241259277711,673313cc-099c-4c1a-8f79-1cd3e6db159e,37.213825,-119.1097205
2017-03-10 01:50:07,-15.557690533820255,673313cc-099c-4c1a-8f79-1cd3e6db159e,37.213825,-119.1097205
2017-03-15 01:58:21,-13.577121003677323,673313cc-099c-4c1a-8f79-1cd3e6db159e,37.213825,-119.1097205
2017-03-27 01:58:21,-13.737583145375925,673313cc-099c-4c1a-8f79-1cd3e6db159e,37.213825,-119.1097205
2017-04-03 01:50:07,-14.442001132883425,673313cc-099c-4c1a-8f79-1cd3e6db159e,37.213825,-119.1097205
2017-04-08 01:58:21,-14.924723329801202,673313cc-099c-4c1a-8f79-1cd3e6db159e,37.213825,-119.1097205
2017-04-15 01:50:08,-12.061974397235463,673313cc-099c-4c1a-8f79-1cd3e6db159e,37.213825,-119.1097205
2017-04-20 01:58:22,-11.707719569397701,673313cc-099c-4c1a-8f79-1cd3e6db159e,37.213825,-119.1097205
2017-04-27 01:50:08,-16.520145607705416,673313cc-099c-4c1a-8f79-1cd3e6db159e,37.213825,-119.1097205
2017-05-02 01:58:23,-15.916606147275855,673313cc-099c-4c1a-8f79-1cd3e6db159e,37.213825,-119.1097205
2017-05-09 01:50:09,-10.64110662092953,673313cc-099c-4c1a-8f79-1cd3e6db159e,37.213825,-119.1097205
2017-05-14 01:58:23,-15.822350959006874,673313cc-099c-4c1a-8f79-1cd3e6db159e,37.213825,-119.1097205
2017-05-21 01:50:09,-11.954878434072558,673313cc-099c-4c1a-8f79-1cd3e6db159e,37.213825,-119.1097205
2017-05-26 01:58:24,-12.841155151090538,673313cc-099c-4c1a-8f79-1cd3e6db159e,37.213825,-119.1097205
2017-06-02 01:50:10,-11.74389740251118,673313cc-099c-4c1a-8f79-1cd3e6db159e,37.213825,-119.1097205
2017-06-07 01:58:08,-12.82786574371585,673313cc-099c-4c1a-8f79-1cd3e6db159e,37.213825,-119.1097205
2017-06-14 01:50:11,-9.661392080555231,673313cc-099c-4c1a-8f79-1cd3e6db159e,37.213825,-119.1097205
2017-06-26 01:50:12,-13.904038440796487,673313cc-099c-4c1a-8f79-1cd3e6db159e,37.213825,-119.1097205
2017-07-01 01:58:09,-16.004083044083114,673313cc-099c-4c1a-8f79-1cd3e6db159e,37.213825,-119.1097205
2017-07-08 01:50:12,-13.46018151093576,673313cc-099c-4c1a-8f79-1cd3e6db159e,37.213825,-119.1097205
2017-07-13 01:58:10,-11.860713746477096,673313cc-099c-4c1a-8f79-1cd3e6db159e,37.213825,-119.1097205
2017-07-20 01:50:13,-13.285375291187327,673313cc-099c-4c1a-8f79-1cd3e6db159e,37.213825,-119.1097205
2017-08-01 01:50:14,-9.655257973092905,673313cc-099c-4c1a-8f79-1cd3e6db159e,37.213825,-119.1097205
2017-08-06 01:58:11,-11.555293600105546,673313cc-099c-4c1a-8f79-1cd3e6db159e,37.213825,-119.1097205
2017-08-13 01:50:14,-8.724289142589255,673313cc-099c-4c1a-8f79-1cd3e6db159e,37.213825,-119.1097205
2017-08-18 01:58:12,-13.183612810933269,673313cc-099c-4c1a-8f79-1cd3e6db159e,37.213825,-119.1097205
2017-08-25 01:50:15,-11.058797306739745,673313cc-099c-4c1a-8f79-1cd3e6db159e,37.213825,-119.1097205
2017-08-30 01:58:12,-10.278391416386263,673313cc-099c-4c1a-8f79-1cd3e6db159e,37.213825,-119.1097205
2017-09-06 01:50:15,-13.058747760737377,673313cc-099c-4c1a-8f79-1cd3e6db159e,37.213825,-119.1097205
2017-09-11 01:58:13,-13.14990644755881,673313cc-099c-4c1a-8f79-1cd3e6db159e,37.213825,-119.1097205
2017-09-18 01:50:16,-15.900012047525887,673313cc-099c-4c1a-8f79-1cd3e6db159e,37.213825,-119.1097205
2017-09-23 01:58:13,-12.421897467673219,673313cc-099c-4c1a-8f79-1cd3e6db159e,37.213825,-119.1097205
2017-09-30 01:50:16,-12.774398402567009,673313cc-099c-4c1a-8f79-1cd3e6db159e,37.213825,-119.1097205
2017-10-05 01:58:14,-13.836712387067049,673313cc-099c-4c1a-8f79-1cd3e6db159e,37.213825,-119.1097205
2017-10-12 01:50:16,-14.14526792289307,673313cc-099c-4c1a-8f79-1cd3e6db159e,37.213825,-119.1097205
2017-10-17 01:58:20,-14.054345988897536,673313cc-099c-4c1a-8f79-1cd3e6db159e,37.213825,-119.1097205
2017-10-24 01:50:16,-16.70668582461453,673313cc-099c-4c1a-8f79-1cd3e6db159e,37.213825,-119.1097205
2017-10-29 01:58:14,-12.824208700434559,673313cc-099c-4c1a-8f79-1cd3e6db159e,37.213825,-119.1097205
2017-11-05 01:50:16,-12.362385861688576,673313cc-099c-4c1a-8f79-1cd3e6db159e,37.213825,-119.1097205
2017-11-10 01:58:13,-14.859125167130863,673313cc-099c-4c1a-8f79-1cd3e6db159e,37.213825,-119.1097205
2017-11-17 01:50:16,-11.982016460859173,673313cc-099c-4c1a-8f79-1cd3e6db159e,37.213825,-119.1097205
2017-11-22 01:58:13,-12.710329751556593,673313cc-099c-4c1a-8f79-1cd3e6db159e,37.213825,-119.1097205
2017-11-29 01:50:16,-15.693549473552997,673313cc-099c-4c1a-8f79-1cd3e6db159e,37.213825,-119.1097205
2017-12-04 01:58:13,-13.796149150203052,673313cc-099c-4c1a-8f79-1cd3e6db159e,37.213825,-119.1097205
2017-12-11 01:50:15,-12.97880822526652,673313cc-099c-4c1a-8f79-1cd3e6db159e,37.213825,-119.1097205
2017-12-16 01:58:13,-11.219158171648917,673313cc-099c-4c1a-8f79-1cd3e6db159e,37.213825,-119.1097205
2017-12-23 01:50:15,-13.062559729087441,673313cc-099c-4c1a-8f79-1cd3e6db159e,37.213825,-119.1097205
2017-12-28 01:58:12,-12.181328386271314,673313cc-099c-4c1a-8f79-1cd3e6db159e,37.213825,-119.1097205
2018-01-04 01:50:14,-9.820764899742782,673313cc-099c-4c1a-8f79-1cd3e6db159e,37.213825,-119.1097205
2018-01-09 01:58:12,-12.148071439428218,673313cc-099c-4c1a-8f79-1cd3e6db159e,37.213825,-119.1097205
2018-01-16 01:50:14,-16.525583400556624,673313cc-099c-4c1a-8f79-1cd3e6db159e,37.213825,-119.1097205
2018-01-21 01:58:11,-13.986390974194581,673313cc-099c-4c1a-8f79-1cd3e6db159e,37.213825,-119.1097205
2018-01-28 01:50:14,-14.761170153873975,673313cc-099c-4c1a-8f79-1cd3e6db159e,37.213825,-119.1097205
2018-02-09 01:50:13,-15.704880777138372,673313cc-099c-4c1a-8f79-1cd3e6db159e,37.213825,-119.1097205
2018-02-21 01:50:13,-13.862858254749774,673313cc-099c-4c1a-8f79-1cd3e6db159e,37.213825,-119.1097205
2018-02-26 01:58:10,-16.58348241816981,673313cc-099c-4c1a-8f79-1cd3e6db159e,37.213825,-119.1097205
2018-03-05 01:50:13,-15.462972975840426,673313cc-099c-4c1a-8f79-1cd3e6db159e,37.213825,-119.1097205
2018-03-10 01:58:11,-15.828511459892898,673313cc-099c-4c1a-8f79-1cd3e6db159e,37.213825,-119.1097205
2018-03-17 01:50:13,-16.67908754295867,673313cc-099c-4c1a-8f79-1cd3e6db159e,37.213825,-119.1097205
2018-03-22 01:58:11,-12.105436222709018,673313cc-099c-4c1a-8f79-1cd3e6db159e,37.213825,-119.1097205
2018-04-03 01:58:11,-12.806590767256683,673313cc-099c-4c1a-8f79-1cd3e6db159e,37.213825,-119.1097205
2018-04-10 01:50:14,-10.408962884103467,673313cc-099c-4c1a-8f79-1cd3e6db159e,37.213825,-119.1097205
2018-04-22 01:50:14,-11.565074019896809,673313cc-099c-4c1a-8f79-1cd3e6db159e,37.213825,-119.1097205
2018-04-27 01:58:12,-14.393711054522607,673313cc-099c-4c1a-8f79-1cd3e6db159e,37.213825,-119.1097205
2018-05-04 01:50:15,-12.632363913543712,673313cc-099c-4c1a-8f79-1cd3e6db159e,37.213825,-119.1097205
2018-05-16 01:50:15,-14.637878302647934,673313cc-099c-4c1a-8f79-1cd3e6db159e,37.213825,-119.1097205
2018-05-21 01:58:13,-15.160836903292862,673313cc-099c-4c1a-8f79-1cd3e6db159e,37.213825,-119.1097205
2018-05-28 01:50:16,-14.033420648134992,673313cc-099c-4c1a-8f79-1cd3e6db159e,37.213825,-119.1097205
2018-06-02 01:58:14,-14.334992706352228,673313cc-099c-4c1a-8f79-1cd3e6db159e,37.213825,-119.1097205
2018-06-09 01:50:17,-13.852352886273122,673313cc-099c-4c1a-8f79-1cd3e6db159e,37.213825,-119.1097205
2018-06-21 01:50:18,-16.61454194205292,673313cc-099c-4c1a-8f79-1cd3e6db159e,37.213825,-119.1097205
2018-07-03 01:50:19,-10.766982053840351,673313cc-099c-4c1a-8f79-1cd3e6db159e,37.213825,-119.1097205
2018-07-08 01:58:16,-13.369676027534984,673313cc-099c-4c1a-8f79-1cd3e6db159e,37.213825,-119.1097205
2018-07-15 01:50:19,-10.71179104536969,673313cc-099c-4c1a-8f79-1cd3e6db159e,37.213825,-119.1097205
2018-07-20 01:58:17,-11.89631773621505,673313cc-099c-4c1a-8f79-1cd3e6db159e,37.213825,-119.1097205
2018-07-27 01:50:20,-10.403828932327247,673313cc-099c-4c1a-8f79-1cd3e6db159e,37.213825,-119.1097205
2018-08-01 01:58:18,-12.488324035368343,673313cc-099c-4c1a-8f79-1cd3e6db159e,37.213825,-119.1097205
2018-08-13 01:58:18,-12.213031509308966,673313cc-099c-4c1a-8f79-1cd3e6db159e,37.213825,-119.1097205
2018-08-25 01:58:19,-12.619731142789446,673313cc-099c-4c1a-8f79-1cd3e6db159e,37.213825,-119.1097205
2018-09-06 01:58:20,-13.799193812290111,673313cc-099c-4c1a-8f79-1cd3e6db159e,37.213825,-119.1097205
2018-09-18 01:58:20,-12.253586969676896,673313cc-099c-4c1a-8f79-1cd3e6db159e,37.213825,-119.1097205
2018-09-25 01:50:23,-12.10560220338259,673313cc-099c-4c1a-8f79-1cd3e6db159e,37.213825,-119.1097205
2018-09-30 01:58:20,-13.869253666482882,673313cc-099c-4c1a-8f79-1cd3e6db159e,37.213825,-119.1097205
2018-10-12 01:58:21,-11.592567991432691,673313cc-099c-4c1a-8f79-1cd3e6db159e,37.213825,-119.1097205
2018-10-24 01:58:21,-13.702018836098272,673313cc-099c-4c1a-8f79-1cd3e6db159e,37.213825,-119.1097205
2018-11-05 01:58:20,-14.608483810471045,673313cc-099c-4c1a-8f79-1cd3e6db159e,37.213825,-119.1097205
2018-11-17 01:58:20,-12.83089626230359,673313cc-099c-4c1a-8f79-1cd3e6db159e,37.213825,-119.1097205
2018-11-17 13:58:51,-13.662117976725707,673313cc-099c-4c1a-8f79-1cd3e6db159e,37.213825,-119.1097205
2018-11-29 01:58:20,-14.03793602331293,673313cc-099c-4c1a-8f79-1cd3e6db159e,37.213825,-119.1097205
2018-12-11 01:58:19,-15.748745727023522,673313cc-099c-4c1a-8f79-1cd3e6db159e,37.213825,-119.1097205
2018-12-23 01:58:19,-12.223414113437162,673313cc-099c-4c1a-8f79-1cd3e6db159e,37.213825,-119.1097205
2018-12-30 01:50:21,-9.167048066744963,673313cc-099c-4c1a-8f79-1cd3e6db159e,37.213825,-119.1097205
2019-01-04 01:58:18,-12.862763899974844,673313cc-099c-4c1a-8f79-1cd3e6db159e,37.213825,-119.1097205
2019-01-11 01:50:21,-13.28336549280017,673313cc-099c-4c1a-8f79-1cd3e6db159e,37.213825,-119.1097205
2019-01-16 01:58:18,-14.432953278387934,673313cc-099c-4c1a-8f79-1cd3e6db159e,37.213825,-119.1097205
2019-01-23 01:50:20,-11.911777811727697,673313cc-099c-4c1a-8f79-1cd3e6db159e,37.213825,-119.1097205
2019-01-28 01:58:18,-10.611837085331079,673313cc-099c-4c1a-8f79-1cd3e6db159e,37.213825,-119.1097205
2019-02-09 01:58:17,-12.674285089763375,673313cc-099c-4c1a-8f79-1cd3e6db159e,37.213825,-119.1097205
2019-02-21 01:58:17,-11.777528051627408,673313cc-099c-4c1a-8f79-1cd3e6db159e,37.213825,-119.1097205
2019-03-05 01:58:17,-16.249115769582865,673313cc-099c-4c1a-8f79-1cd3e6db159e,37.213825,-119.1097205
2019-03-12 01:50:20,-10.692091887748845,673313cc-099c-4c1a-8f79-1cd3e6db159e,37.213825,-119.1097205
2019-03-17 01:58:17,-11.512184721279484,673313cc-099c-4c1a-8f79-1cd3e6db159e,37.213825,-119.1097205
2019-03-24 01:50:20,-10.976535481939994,673313cc-099c-4c1a-8f79-1cd3e6db159e,37.213825,-119.1097205
2019-03-29 01:58:17,-14.333087955433019,673313cc-099c-4c1a-8f79-1cd3e6db159e,37.213825,-119.1097205
2019-04-05 01:50:20,-8.88833478833508,673313cc-099c-4c1a-8f79-1cd3e6db159e,37.213825,-119.1097205
2019-04-10 01:58:18,-11.489955122245629,673313cc-099c-4c1a-8f79-1cd3e6db159e,37.213825,-119.1097205
2019-04-17 01:50:21,-13.422776853632792,673313cc-099c-4c1a-8f79-1cd3e6db159e,37.213825,-119.1097205
2019-04-22 01:58:18,-16.199551576627076,673313cc-099c-4c1a-8f79-1cd3e6db159e,37.213825,-119.1097205
2019-04-29 01:50:21,-13.884733793147284,673313cc-099c-4c1a-8f79-1cd3e6db159e,37.213825,-119.1097205
2019-05-04 01:58:19,-14.483855751653556,673313cc-099c-4c1a-8f79-1cd3e6db159e,37.213825,-119.1097205
2019-05-11 01:50:22,-15.382782818025538,673313cc-099c-4c1a-8f79-1cd3e6db159e,37.213825,-119.1097205
2019-05-16 01:58:19,-11.725331032116246,673313cc-099c-4c1a-8f79-1cd3e6db159e,37.213825,-119.1097205
2019-05-23 01:50:22,-15.267499465871893,673313cc-099c-4c1a-8f79-1cd3e6db159e,37.213825,-119.1097205
2019-05-28 01:58:20,-13.974841792746926,673313cc-099c-4c1a-8f79-1cd3e6db159e,37.213825,-119.1097205
2019-06-09 01:58:21,-14.671667295638613,673313cc-099c-4c1a-8f79-1cd3e6db159e,37.213825,-119.1097205
2019-06-16 01:50:24,-11.734303028298942,673313cc-099c-4c1a-8f79-1cd3e6db159e,37.213825,-119.1097205
2019-06-21 01:58:21,-14.86560414302473,673313cc-099c-4c1a-8f79-1cd3e6db159e,37.213825,-119.1097205
2019-06-28 01:50:24,-12.35049121535343,673313cc-099c-4c1a-8f79-1cd3e6db159e,37.213825,-119.1097205
2019-07-03 01:58:22,-11.4259562274548,673313cc-099c-4c1a-8f79-1cd3e6db159e,37.213825,-119.1097205
2019-07-10 01:50:25,-11.78553503387786,673313cc-099c-4c1a-8f79-1cd3e6db159e,37.213825,-119.1097205
2019-07-15 01:58:23,-13.4822728989556,673313cc-099c-4c1a-8f79-1cd3e6db159e,37.213825,-119.1097205
2019-07-22 01:50:26,-11.678590000916856,673313cc-099c-4c1a-8f79-1cd3e6db159e,37.213825,-119.1097205
2019-07-27 01:58:23,-10.15641204542426,673313cc-099c-4c1a-8f79-1cd3e6db159e,37.213825,-119.1097205
2019-08-03 01:50:26,-10.354978707054066,673313cc-099c-4c1a-8f79-1cd3e6db159e,37.213825,-119.1097205
2019-08-08 01:58:24,-11.256824124350238,673313cc-099c-4c1a-8f79-1cd3e6db159e,37.213825,-119.1097205
2019-08-15 01:50:27,-11.537603171366705,673313cc-099c-4c1a-8f79-1cd3e6db159e,37.213825,-119.1097205
2019-08-20 01:58:25,-11.13071579511292,673313cc-099c-4c1a-8f79-1cd3e6db159e,37.213825,-119.1097205
2019-08-20 13:59:04,-10.836238167231746,673313cc-099c-4c1a-8f79-1cd3e6db159e,37.213825,-119.1097205
2019-08-27 01:50:28,-10.903774084984237,673313cc-099c-4c1a-8f79-1cd3e6db159e,37.213825,-119.1097205
2019-09-01 01:58:25,-12.122505806323947,673313cc-099c-4c1a-8f79-1cd3e6db159e,37.213825,-119.1097205
2019-09-01 13:59:04,-11.324298125558538,673313cc-099c-4c1a-8f79-1cd3e6db159e,37.213825,-119.1097205
2019-09-08 01:50:29,-12.055617625036454,673313cc-099c-4c1a-8f79-1cd3e6db159e,37.213825,-119.1097205
2019-09-13 01:58:26,-13.420673794973865,673313cc-099c-4c1a-8f79-1cd3e6db159e,37.213825,-119.1097205
2019-09-13 13:59:05,-10.687501523885484,673313cc-099c-4c1a-8f79-1cd3e6db159e,37.213825,-119.1097205
2019-09-25 01:58:27,-9.477732280131713,673313cc-099c-4c1a-8f79-1cd3e6db159e,37.213825,-119.1097205
2019-09-25 13:59:05,-13.283401328518394,673313cc-099c-4c1a-8f79-1cd3e6db159e,37.213825,-119.1097205
2019-10-02 01:50:29,-15.53622459881959,673313cc-099c-4c1a-8f79-1cd3e6db159e,37.213825,-119.1097205
2019-10-07 01:58:27,-14.08676933124465,673313cc-099c-4c1a-8f79-1cd3e6db159e,37.213825,-119.1097205
2019-10-07 13:59:05,-12.329722600394293,673313cc-099c-4c1a-8f79-1cd3e6db159e,37.213825,-119.1097205
2019-10-14 01:50:29,-12.507236579836254,673313cc-099c-4c1a-8f79-1cd3e6db159e,37.213825,-119.1097205
2019-10-19 01:58:27,-10.331234423268914,673313cc-099c-4c1a-8f79-1cd3e6db159e,37.213825,-119.1097205
2019-10-19 13:59:06,-14.215961765446608,673313cc-099c-4c1a-8f79-1cd3e6db159e,37.213825,-119.1097205
2019-10-26 01:50:29,-9.020529399652958,673313cc-099c-4c1a-8f79-1cd3e6db159e,37.213825,-119.1097205
2019-10-31 01:58:27,-9.81699157331429,673313cc-099c-4c1a-8f79-1cd3e6db159e,37.213825,-119.1097205
2019-10-31 13:59:05,-13.32807712942634,673313cc-099c-4c1a-8f79-1cd3e6db159e,37.213825,-119.1097205
2019-11-07 01:50:29,-11.578626577529057,673313cc-099c-4c1a-8f79-1cd3e6db159e,37.213825,-119.1097205
2019-11-12 01:58:27,-10.256734928472104,673313cc-099c-4c1a-8f79-1cd3e6db159e,37.213825,-119.1097205
2019-11-12 13:59:05,-13.969534444347515,673313cc-099c-4c1a-8f79-1cd3e6db159e,37.213825,-119.1097205
2019-11-19 01:50:29,-12.882965152097414,673313cc-099c-4c1a-8f79-1cd3e6db159e,37.213825,-119.1097205
2019-11-24 01:58:27,-11.5010552416794,673313cc-099c-4c1a-8f79-1cd3e6db159e,37.213825,-119.1097205
2019-11-24 13:59:05,-12.040491344149578,673313cc-099c-4c1a-8f79-1cd3e6db159e,37.213825,-119.1097205
2019-12-01 01:50:29,-14.442875884076344,673313cc-099c-4c1a-8f79-1cd3e6db159e,37.213825,-119.1097205
2019-12-06 01:58:26,-16.704457142753043,673313cc-099c-4c1a-8f79-1cd3e6db159e,37.213825,-119.1097205
2019-12-06 13:59:05,-8.639086325069364,673313cc-099c-4c1a-8f79-1cd3e6db159e,37.213825,-119.1097205
2019-12-13 01:50:28,-11.883236279592646,673313cc-099c-4c1a-8f79-1cd3e6db159e,37.213825,-119.1097205
2019-12-18 01:58:26,-17.416825452583023,673313cc-099c-4c1a-8f79-1cd3e6db159e,37.213825,-119.1097205
2019-12-18 13:59:04,-9.245276203105309,673313cc-099c-4c1a-8f79-1cd3e6db159e,37.213825,-119.1097205
2019-12-25 01:50:28,-15.440877480638179,673313cc-099c-4c1a-8f79-1cd3e6db159e,37.213825,-119.1097205
2019-12-30 01:58:25,-18.433810949522183,673313cc-099c-4c1a-8f79-1cd3e6db159e,37.213825,-119.1097205
2019-12-30 13:59:04,-13.299592414197276,673313cc-099c-4c1a-8f79-1cd3e6db159e,37.213825,-119.1097205
2020-01-06 01:50:27,-9.647541414526797,673313cc-099c-4c1a-8f79-1cd3e6db159e,37.213825,-119.1097205
2020-01-11 01:58:25,-12.43004411982035,673313cc-099c-4c1a-8f79-1cd3e6db159e,37.213825,-119.1097205
2020-01-11 13:59:03,-9.739062164577527,673313cc-099c-4c1a-8f79-1cd3e6db159e,37.213825,-119.1097205
2020-01-18 01:50:27,-11.967715832054052,673313cc-099c-4c1a-8f79-1cd3e6db159e,37.213825,-119.1097205
2020-01-23 01:58:24,-16.0372388247977,673313cc-099c-4c1a-8f79-1cd3e6db159e,37.213825,-119.1097205
2020-01-23 13:59:03,-11.532847424674324,673313cc-099c-4c1a-8f79-1cd3e6db159e,37.213825,-119.1097205
2020-01-30 01:50:26,-11.050579117820696,673313cc-099c-4c1a-8f79-1cd3e6db159e,37.213825,-119.1097205
2020-02-04 01:58:24,-11.827373165461609,673313cc-099c-4c1a-8f79-1cd3e6db159e,37.213825,-119.1097205
2020-02-04 13:59:02,-5.900500183907359,673313cc-099c-4c1a-8f79-1cd3e6db159e,37.213825,-119.1097205
2020-02-11 01:50:26,-14.155290674019504,673313cc-099c-4c1a-8f79-1cd3e6db159e,37.213825,-119.1097205
2020-02-16 01:58:23,-13.103101252145894,673313cc-099c-4c1a-8f79-1cd3e6db159e,37.213825,-119.1097205
2020-02-16 13:59:02,-7.777450436509886,673313cc-099c-4c1a-8f79-1cd3e6db159e,37.213825,-119.1097205
2020-02-23 01:50:26,-11.266579259061885,673313cc-099c-4c1a-8f79-1cd3e6db159e,37.213825,-119.1097205
2020-02-28 01:58:23,-10.583280842915205,673313cc-099c-4c1a-8f79-1cd3e6db159e,37.213825,-119.1097205
2020-02-28 13:59:02,-8.985297203261073,673313cc-099c-4c1a-8f79-1cd3e6db159e,37.213825,-119.1097205
2020-03-06 01:50:26,-13.123401572068703,673313cc-099c-4c1a-8f79-1cd3e6db159e,37.213825,-119.1097205
2020-03-11 01:58:23,-11.166737442262194,673313cc-099c-4c1a-8f79-1cd3e6db159e,37.213825,-119.1097205
2020-03-11 13:59:02,-11.880840650895905,673313cc-099c-4c1a-8f79-1cd3e6db159e,37.213825,-119.1097205
2020-03-18 01:50:26,-8.624647124212133,673313cc-099c-4c1a-8f79-1cd3e6db159e,37.213825,-119.1097205
2020-03-23 01:58:24,-15.066676031698867,673313cc-099c-4c1a-8f79-1cd3e6db159e,37.213825,-119.1097205
2020-03-23 13:59:02,-9.470602651458044,673313cc-099c-4c1a-8f79-1cd3e6db159e,37.213825,-119.1097205
2020-04-04 01:58:24,-13.574869653820159,673313cc-099c-4c1a-8f79-1cd3e6db159e,37.213825,-119.1097205
2020-04-04 13:59:02,-11.728564365789097,673313cc-099c-4c1a-8f79-1cd3e6db159e,37.213825,-119.1097205
2020-04-11 01:50:27,-12.888113232003978,673313cc-099c-4c1a-8f79-1cd3e6db159e,37.213825,-119.1097205
2020-04-16 01:58:24,-9.890810903906953,673313cc-099c-4c1a-8f79-1cd3e6db159e,37.213825,-119.1097205
2020-04-16 13:59:03,-12.293096934419657,673313cc-099c-4c1a-8f79-1cd3e6db159e,37.213825,-119.1097205
2020-04-23 01:50:27,-16.664033195584583,673313cc-099c-4c1a-8f79-1cd3e6db159e,37.213825,-119.1097205
2020-04-28 01:58:25,-10.688297653320728,673313cc-099c-4c1a-8f79-1cd3e6db159e,37.213825,-119.1097205
2020-04-28 13:59:03,-12.002664526046726,673313cc-099c-4c1a-8f79-1cd3e6db159e,37.213825,-119.1097205
2020-05-05 01:50:28,-9.961294145960991,673313cc-099c-4c1a-8f79-1cd3e6db159e,37.213825,-119.1097205
2020-05-10 01:58:25,-10.632499213481776,673313cc-099c-4c1a-8f79-1cd3e6db159e,37.213825,-119.1097205
2020-05-10 13:59:04,-9.751979262496766,673313cc-099c-4c1a-8f79-1cd3e6db159e,37.213825,-119.1097205
2020-05-17 01:50:28,-9.747681714961132,673313cc-099c-4c1a-8f79-1cd3e6db159e,37.213825,-119.1097205
2020-05-22 01:58:26,-15.552476224764092,673313cc-099c-4c1a-8f79-1cd3e6db159e,37.213825,-119.1097205
2020-05-22 13:59:05,-12.486590459915401,673313cc-099c-4c1a-8f79-1cd3e6db159e,37.213825,-119.1097205
2020-05-29 01:50:29,-11.14780683467342,673313cc-099c-4c1a-8f79-1cd3e6db159e,37.213825,-119.1097205
2020-06-03 01:58:27,-10.654505551887137,673313cc-099c-4c1a-8f79-1cd3e6db159e,37.213825,-119.1097205
2020-06-03 13:59:06,-14.568731420404294,673313cc-099c-4c1a-8f79-1cd3e6db159e,37.213825,-119.1097205
2020-06-10 01:50:30,-9.262674991068435,673313cc-099c-4c1a-8f79-1cd3e6db159e,37.213825,-119.1097205
2020-06-15 01:58:28,-12.217494332770704,673313cc-099c-4c1a-8f79-1cd3e6db159e,37.213825,-119.1097205
2020-06-15 13:59:06,-12.356445461079577,673313cc-099c-4c1a-8f79-1cd3e6db159e,37.213825,-119.1097205
2020-06-22 01:50:30,-8.252145178172851,673313cc-099c-4c1a-8f79-1cd3e6db159e,37.213825,-119.1097205
2020-06-27 01:58:28,-10.814817180003487,673313cc-099c-4c1a-8f79-1cd3e6db159e,37.213825,-119.1097205
2020-06-27 13:59:07,-16.270408524108046,673313cc-099c-4c1a-8f79-1cd3e6db159e,37.213825,-119.1097205
2020-07-04 01:50:31,-9.490237219719255,673313cc-099c-4c1a-8f79-1cd3e6db159e,37.213825,-119.1097205
2020-07-09 01:58:29,-13.09299151240193,673313cc-099c-4c1a-8f79-1cd3e6db159e,37.213825,-119.1097205
2020-07-09 13:59:07,-12.339881695492055,673313cc-099c-4c1a-8f79-1cd3e6db159e,37.213825,-119.1097205
2020-07-16 01:50:32,-12.095987326555612,673313cc-099c-4c1a-8f79-1cd3e6db159e,37.213825,-119.1097205
2020-07-21 01:58:30,-11.5849235034766,673313cc-099c-4c1a-8f79-1cd3e6db159e,37.213825,-119.1097205
2020-07-21 13:59:08,-13.43991277968301,673313cc-099c-4c1a-8f79-1cd3e6db159e,37.213825,-119.1097205
2020-07-28 01:50:33,-14.792350299112318,673313cc-099c-4c1a-8f79-1cd3e6db159e,37.213825,-119.1097205
2020-08-02 01:58:30,-13.322144042881945,673313cc-099c-4c1a-8f79-1cd3e6db159e,37.213825,-119.1097205
2020-08-02 13:59:09,-11.740331089601495,673313cc-099c-4c1a-8f79-1cd3e6db159e,37.213825,-119.1097205
2020-08-09 01:50:33,-8.344311944204748,673313cc-099c-4c1a-8f79-1cd3e6db159e,37.213825,-119.1097205
2020-08-14 01:58:31,-13.086392391108683,673313cc-099c-4c1a-8f79-1cd3e6db159e,37.213825,-119.1097205
2020-08-14 13:59:10,-11.52146466506333,673313cc-099c-4c1a-8f79-1cd3e6db159e,37.213825,-119.1097205
2020-08-21 01:50:34,-11.185958000819653,673313cc-099c-4c1a-8f79-1cd3e6db159e,37.213825,-119.1097205
2020-08-26 01:58:32,-17.68421822752587,673313cc-099c-4c1a-8f79-1cd3e6db159e,37.213825,-119.1097205
2020-08-26 13:59:10,-15.270530181111983,673313cc-099c-4c1a-8f79-1cd3e6db159e,37.213825,-119.1097205
2020-09-02 01:50:35,-12.391507389113745,673313cc-099c-4c1a-8f79-1cd3e6db159e,37.213825,-119.1097205
2020-09-07 01:58:32,-14.8806737484397,673313cc-099c-4c1a-8f79-1cd3e6db159e,37.213825,-119.1097205
2020-09-07 13:59:11,-13.089795592167556,673313cc-099c-4c1a-8f79-1cd3e6db159e,37.213825,-119.1097205
2020-09-14 01:50:35,-17.729102021091784,673313cc-099c-4c1a-8f79-1cd3e6db159e,37.213825,-119.1097205
2020-09-19 01:58:33,-12.227750079585842,673313cc-099c-4c1a-8f79-1cd3e6db159e,37.213825,-119.1097205
2020-09-19 13:59:11,-14.206867918362889,673313cc-099c-4c1a-8f79-1cd3e6db159e,37.213825,-119.1097205
2020-09-26 01:50:35,-15.260565303009868,673313cc-099c-4c1a-8f79-1cd3e6db159e,37.213825,-119.1097205
2020-10-01 01:58:33,-13.691776291043604,673313cc-099c-4c1a-8f79-1cd3e6db159e,37.213825,-119.1097205
2020-10-01 13:59:12,-10.193905616963274,673313cc-099c-4c1a-8f79-1cd3e6db159e,37.213825,-119.1097205
2020-10-08 01:50:36,-13.050495003246745,673313cc-099c-4c1a-8f79-1cd3e6db159e,37.213825,-119.1097205
2020-10-13 01:58:33,-14.544218709291545,673313cc-099c-4c1a-8f79-1cd3e6db159e,37.213825,-119.1097205
2020-10-13 13:59:12,-10.473870282939828,673313cc-099c-4c1a-8f79-1cd3e6db159e,37.213825,-119.1097205
2020-10-20 01:50:36,-15.843289671169591,673313cc-099c-4c1a-8f79-1cd3e6db159e,37.213825,-119.1097205
2020-10-25 01:58:33,-13.808495408075501,673313cc-099c-4c1a-8f79-1cd3e6db159e,37.213825,-119.1097205
2020-10-25 13:59:12,-12.515552847906628,673313cc-099c-4c1a-8f79-1cd3e6db159e,37.213825,-119.1097205
2020-11-01 01:50:36,-15.890048948539102,673313cc-099c-4c1a-8f79-1cd3e6db159e,37.213825,-119.1097205
2020-11-06 01:58:33,-13.136699516721153,673313cc-099c-4c1a-8f79-1cd3e6db159e,37.213825,-119.1097205
2020-11-06 13:59:12,-12.31145021971913,673313cc-099c-4c1a-8f79-1cd3e6db159e,37.213825,-119.1097205
2020-11-13 01:50:36,-13.722680887980534,673313cc-099c-4c1a-8f79-1cd3e6db159e,37.213825,-119.1097205
2020-11-18 01:58:33,-16.526971000633424,673313cc-099c-4c1a-8f79-1cd3e6db159e,37.213825,-119.1097205
2020-11-18 13:59:12,-9.54144580919899,673313cc-099c-4c1a-8f79-1cd3e6db159e,37.213825,-119.1097205
2020-11-25 01:50:35,-13.891399726789782,673313cc-099c-4c1a-8f79-1cd3e6db159e,37.213825,-119.1097205
2020-11-30 01:58:33,-13.473410982930211,673313cc-099c-4c1a-8f79-1cd3e6db159e,37.213825,-119.1097205
2020-11-30 13:59:11,-13.479386178179967,673313cc-099c-4c1a-8f79-1cd3e6db159e,37.213825,-119.1097205
2020-12-07 01:50:35,-10.866830278510946,673313cc-099c-4c1a-8f79-1cd3e6db159e,37.213825,-119.1097205
2020-12-12 01:58:32,-17.294433460165592,673313cc-099c-4c1a-8f79-1cd3e6db159e,37.213825,-119.1097205
2020-12-12 13:59:11,-9.837737553661816,673313cc-099c-4c1a-8f79-1cd3e6db159e,37.213825,-119.1097205
2020-12-19 01:50:34,-13.78065260203574,673313cc-099c-4c1a-8f79-1cd3e6db159e,37.213825,-119.1097205
2020-12-24 01:58:31,-15.51918698488819,673313cc-099c-4c1a-8f79-1cd3e6db159e,37.213825,-119.1097205
2020-12-24 13:59:10,-12.70697273574326,673313cc-099c-4c1a-8f79-1cd3e6db159e,37.213825,-119.1097205
2020-12-31 01:50:34,-13.86775267708538,673313cc-099c-4c1a-8f79-1cd3e6db159e,37.213825,-119.1097205
2021-01-05 01:58:31,-13.852093502586289,673313cc-099c-4c1a-8f79-1cd3e6db159e,37.213825,-119.1097205
2021-01-12 01:50:33,-17.107938981816087,673313cc-099c-4c1a-8f79-1cd3e6db159e,37.213825,-119.1097205
2021-01-17 01:58:30,-14.09327957815208,673313cc-099c-4c1a-8f79-1cd3e6db159e,37.213825,-119.1097205
2021-01-17 13:59:09,-10.375689366259811,673313cc-099c-4c1a-8f79-1cd3e6db159e,37.213825,-119.1097205
2021-01-24 01:50:33,-12.797154278081601,673313cc-099c-4c1a-8f79-1cd3e6db159e,37.213825,-119.1097205
2021-01-29 01:58:30,-16.659764977611136,673313cc-099c-4c1a-8f79-1cd3e6db159e,37.213825,-119.1097205
2021-01-29 13:59:09,-11.984875857109538,673313cc-099c-4c1a-8f79-1cd3e6db159e,37.213825,-119.1097205
2021-02-05 01:50:32,-9.864694337959136,673313cc-099c-4c1a-8f79-1cd3e6db159e,37.213825,-119.1097205
2021-02-10 01:58:30,-12.99577886978508,673313cc-099c-4c1a-8f79-1cd3e6db159e,37.213825,-119.1097205
2021-02-10 13:59:08,-12.818688893812114,673313cc-099c-4c1a-8f79-1cd3e6db159e,37.213825,-119.1097205
2021-02-17 01:50:32,-10.873971232710788,673313cc-099c-4c1a-8f79-1cd3e6db159e,37.213825,-119.1097205
2021-02-22 01:58:29,-11.9094527777556,673313cc-099c-4c1a-8f79-1cd3e6db159e,37.213825,-119.1097205
2021-02-22 13:59:08,-10.025084556253397,673313cc-099c-4c1a-8f79-1cd3e6db159e,37.213825,-119.1097205
2021-03-01 01:50:32,-14.900199535665452,673313cc-099c-4c1a-8f79-1cd3e6db159e,37.213825,-119.1097205
2021-03-06 01:58:29,-13.654113042599235,673313cc-099c-4c1a-8f79-1cd3e6db159e,37.213825,-119.1097205
2021-03-06 13:59:08,-6.582104005024698,673313cc-099c-4c1a-8f79-1cd3e6db159e,37.213825,-119.1097205
2021-03-13 01:50:32,-9.879863771881261,673313cc-099c-4c1a-8f79-1cd3e6db159e,37.213825,-119.1097205
2021-03-18 01:58:29,-15.363036615493575,673313cc-099c-4c1a-8f79-1cd3e6db159e,37.213825,-119.1097205
2021-03-18 13:59:08,-4.464730389077846,673313cc-099c-4c1a-8f79-1cd3e6db159e,37.213825,-119.1097205
2021-03-25 01:50:32,-11.21040796048356,673313cc-099c-4c1a-8f79-1cd3e6db159e,37.213825,-119.1097205
2021-03-30 01:58:29,-16.6386537116635,673313cc-099c-4c1a-8f79-1cd3e6db159e,37.213825,-119.1097205
2021-03-30 13:59:08,-11.6367089112243,673313cc-099c-4c1a-8f79-1cd3e6db159e,37.213825,-119.1097205
2021-04-06 01:50:32,-16.56965828525416,673313cc-099c-4c1a-8f79-1cd3e6db159e,37.213825,-119.1097205
2021-04-11 01:58:30,-15.892865432732599,673313cc-099c-4c1a-8f79-1cd3e6db159e,37.213825,-119.1097205
2021-04-11 13:59:09,-12.393932052699983,673313cc-099c-4c1a-8f79-1cd3e6db159e,37.213825,-119.1097205
2021-04-18 01:50:33,-13.16212335104389,673313cc-099c-4c1a-8f79-1cd3e6db159e,37.213825,-119.1097205
2021-04-23 01:58:31,-12.739459029045573,673313cc-099c-4c1a-8f79-1cd3e6db159e,37.213825,-119.1097205
2021-04-23 13:59:09,-11.710729181935204,673313cc-099c-4c1a-8f79-1cd3e6db159e,37.213825,-119.1097205
2021-04-30 01:50:33,-12.646382005564622,673313cc-099c-4c1a-8f79-1cd3e6db159e,37.213825,-119.1097205
2021-05-05 01:58:31,-13.380412925234017,673313cc-099c-4c1a-8f79-1cd3e6db159e,37.213825,-119.1097205
2021-05-05 13:59:10,-9.475868617330859,673313cc-099c-4c1a-8f79-1cd3e6db159e,37.213825,-119.1097205
2021-05-12 01:50:34,-13.452506235038877,673313cc-099c-4c1a-8f79-1cd3e6db159e,37.213825,-119.1097205
2021-05-17 01:58:32,-17.28982778941453,673313cc-099c-4c1a-8f79-1cd3e6db159e,37.213825,-119.1097205
2021-05-17 13:59:10,-10.602712307817598,673313cc-099c-4c1a-8f79-1cd3e6db159e,37.213825,-119.1097205
2021-05-24 01:50:35,-12.493791021355797,673313cc-099c-4c1a-8f79-1cd3e6db159e,37.213825,-119.1097205
2021-05-29 01:58:32,-11.62627285632646,673313cc-099c-4c1a-8f79-1cd3e6db159e,37.213825,-119.1097205
2021-05-29 13:59:11,-10.58332039196189,673313cc-099c-4c1a-8f79-1cd3e6db159e,37.213825,-119.1097205
2021-06-05 01:50:35,-13.46312832501046,673313cc-099c-4c1a-8f79-1cd3e6db159e,37.213825,-119.1097205
2021-06-10 01:58:33,-13.328475432338951,673313cc-099c-4c1a-8f79-1cd3e6db159e,37.213825,-119.1097205
2021-06-10 13:59:12,-14.686571247481945,673313cc-099c-4c1a-8f79-1cd3e6db159e,37.213825,-119.1097205
2021-06-17 01:50:36,-12.226141750543452,673313cc-099c-4c1a-8f79-1cd3e6db159e,37.213825,-119.1097205
2021-06-22 01:58:34,-11.41277345121106,673313cc-099c-4c1a-8f79-1cd3e6db159e,37.213825,-119.1097205
2021-06-22 13:59:12,-10.595465974600735,673313cc-099c-4c1a-8f79-1cd3e6db159e,37.213825,-119.1097205
2021-06-29 01:50:37,-12.729554040796412,673313cc-099c-4c1a-8f79-1cd3e6db159e,37.213825,-119.1097205
2021-07-04 13:59:13,-10.146601768509063,673313cc-099c-4c1a-8f79-1cd3e6db159e,37.213825,-119.1097205
2021-07-11 01:50:37,-11.906483488181305,673313cc-099c-4c1a-8f79-1cd3e6db159e,37.213825,-119.1097205
2021-07-16 01:58:35,-13.946787303400296,673313cc-099c-4c1a-8f79-1cd3e6db159e,37.213825,-119.1097205
2021-07-16 13:59:14,-13.180181688853258,673313cc-099c-4c1a-8f79-1cd3e6db159e,37.213825,-119.1097205
2021-07-23 01:50:38,-12.173861054661977,673313cc-099c-4c1a-8f79-1cd3e6db159e,37.213825,-119.1097205
2021-07-28 01:58:36,-12.939160650543087,673313cc-099c-4c1a-8f79-1cd3e6db159e,37.213825,-119.1097205
2021-07-28 13:59:07,-12.42839137927928,673313cc-099c-4c1a-8f79-1cd3e6db159e,37.213825,-119.1097205
2021-08-04 01:50:39,-7.060640110228368,673313cc-099c-4c1a-8f79-1cd3e6db159e,37.213825,-119.1097205
2021-08-09 01:58:37,-12.16839194253268,673313cc-099c-4c1a-8f79-1cd3e6db159e,37.213825,-119.1097205
2021-08-09 13:59:07,-10.319861644567807,673313cc-099c-4c1a-8f79-1cd3e6db159e,37.213825,-119.1097205
2021-08-21 01:58:37,-13.652547993980235,673313cc-099c-4c1a-8f79-1cd3e6db159e,37.213825,-119.1097205
2021-08-21 13:59:16,-15.152300601280174,673313cc-099c-4c1a-8f79-1cd3e6db159e,37.213825,-119.1097205
2021-08-28 01:50:40,-8.653224848483298,673313cc-099c-4c1a-8f79-1cd3e6db159e,37.213825,-119.1097205
2021-09-02 01:58:38,-9.795592171125541,673313cc-099c-4c1a-8f79-1cd3e6db159e,37.213825,-119.1097205
2021-09-02 13:59:16,-10.29219832996327,673313cc-099c-4c1a-8f79-1cd3e6db159e,37.213825,-119.1097205
2021-09-09 01:50:41,-11.043542374803131,673313cc-099c-4c1a-8f79-1cd3e6db159e,37.213825,-119.1097205
2021-09-14 01:58:38,-11.328307489417266,673313cc-099c-4c1a-8f79-1cd3e6db159e,37.213825,-119.1097205
2021-09-14 13:59:17,-10.216653423572238,673313cc-099c-4c1a-8f79-1cd3e6db159e,37.213825,-119.1097205
2021-09-21 01:50:41,-10.27132785867897,673313cc-099c-4c1a-8f79-1cd3e6db159e,37.213825,-119.1097205
2021-09-26 01:58:39,-11.359909126849324,673313cc-099c-4c1a-8f79-1cd3e6db159e,37.213825,-119.1097205
2021-09-26 13:59:17,-9.819914673235383,673313cc-099c-4c1a-8f79-1cd3e6db159e,37.213825,-119.1097205
2021-10-03 01:50:42,-12.478405218727701,673313cc-099c-4c1a-8f79-1cd3e6db159e,37.213825,-119.1097205
2021-10-08 01:58:39,-13.21662787637581,673313cc-099c-4c1a-8f79-1cd3e6db159e,37.213825,-119.1097205
2021-10-08 13:59:17,-12.628524566511874,673313cc-099c-4c1a-8f79-1cd3e6db159e,37.213825,-119.1097205
2021-10-15 01:50:42,-10.575198660821926,673313cc-099c-4c1a-8f79-1cd3e6db159e,37.213825,-119.1097205
2021-10-20 01:58:39,-15.972670514664832,673313cc-099c-4c1a-8f79-1cd3e6db159e,37.213825,-119.1097205
2021-10-20 13:59:18,-12.42014331201528,673313cc-099c-4c1a-8f79-1cd3e6db159e,37.213825,-119.1097205
2021-10-27 01:50:42,-7.879163819739094,673313cc-099c-4c1a-8f79-1cd3e6db159e,37.213825,-119.1097205
2021-11-01 01:58:39,-13.465645114091988,673313cc-099c-4c1a-8f79-1cd3e6db159e,37.213825,-119.1097205
2021-11-01 13:59:18,-12.211251485806294,673313cc-099c-4c1a-8f79-1cd3e6db159e,37.213825,-119.1097205
2021-11-08 01:50:41,-13.126532519308975,673313cc-099c-4c1a-8f79-1cd3e6db159e,37.213825,-119.1097205
2021-11-13 01:58:39,-11.15008794713164,673313cc-099c-4c1a-8f79-1cd3e6db159e,37.213825,-119.1097205
2021-11-13 13:59:17,-17.724679080976692,673313cc-099c-4c1a-8f79-1cd3e6db159e,37.213825,-119.1097205
2021-11-20 01:50:41,-9.568334904880203,673313cc-099c-4c1a-8f79-1cd3e6db159e,37.213825,-119.1097205
2021-11-25 01:58:38,-12.737599073841219,673313cc-099c-4c1a-8f79-1cd3e6db159e,37.213825,-119.1097205
2021-11-25 13:59:17,-12.557346363742866,673313cc-099c-4c1a-8f79-1cd3e6db159e,37.213825,-119.1097205
2021-12-02 01:50:41,-11.690435049949023,673313cc-099c-4c1a-8f79-1cd3e6db159e,37.213825,-119.1097205
2021-12-07 01:58:38,-15.183040489307608,673313cc-099c-4c1a-8f79-1cd3e6db159e,37.213825,-119.1097205
2021-12-07 13:59:16,-11.459364829336646,673313cc-099c-4c1a-8f79-1cd3e6db159e,37.213825,-119.1097205
2021-12-14 01:50:40,-13.338497385062025,673313cc-099c-4c1a-8f79-1cd3e6db159e,37.213825,-119.1097205
2021-12-19 01:58:37,-15.692314702775178,673313cc-099c-4c1a-8f79-1cd3e6db159e,37.213825,-119.1097205
2021-12-19 13:59:16,-11.121350848722528,673313cc-099c-4c1a-8f79-1cd3e6db159e,37.213825,-119.1097205
2016-10-05 01:50:08,-11.343496676913663,673313cc-099c-4c1a-8f79-1cd3e6db159e,37.213825,-119.1097205
2016-10-10 01:58:25,-16.016345309359497,673313cc-099c-4c1a-8f79-1cd3e6db159e,37.213825,-119.1097205
