date,s1_grd_vv,cell_id,latitude,longitude
2015-04-01 02:01:49,-20.275277567581224,3a863474-ac02-4100-9f9d-e2e944123476,47.898306500000004,-123.6462125
2015-05-27 14:29:24,-9.921925876198374,3a863474-ac02-4100-9f9d-e2e944123476,47.898306500000004,-123.6462125
2015-06-05 02:10:01,-19.396296201421425,3a863474-ac02-4100-9f9d-e2e944123476,47.898306500000004,-123.6462125
2015-06-20 14:29:25,-7.71219427427636,3a863474-ac02-4100-9f9d-e2e944123476,47.898306500000004,-123.6462125
2015-07-14 14:29:26,-6.770690374953109,3a863474-ac02-4100-9f9d-e2e944123476,47.898306500000004,-123.6462125
2015-07-23 02:10:03,-16.51478857888405,3a863474-ac02-4100-9f9d-e2e944123476,47.898306500000004,-123.6462125
2015-08-07 14:29:27,-7.028537695464316,3a863474-ac02-4100-9f9d-e2e944123476,47.898306500000004,-123.6462125
2015-08-16 02:10:04,-11.247482640795452,3a863474-ac02-4100-9f9d-e2e944123476,47.898306500000004,-123.6462125
2015-08-31 14:29:28,1.1637220235951575,3a863474-ac02-4100-9f9d-e2e944123476,47.898306500000004,-123.6462125
2015-09-09 02:10:05,-11.870582852091056,3a863474-ac02-4100-9f9d-e2e944123476,47.898306500000004,-123.6462125
2015-09-24 14:29:29,-2.055979950218394,3a863474-ac02-4100-9f9d-e2e944123476,47.898306500000004,-123.6462125
2015-10-03 02:10:06,-8.743978211961558,3a863474-ac02-4100-9f9d-e2e944123476,47.898306500000004,-123.6462125
2015-10-18 14:29:29,-0.9002146969824143,3a863474-ac02-4100-9f9d-e2e944123476,47.898306500000004,-123.6462125
2015-10-27 02:10:06,-9.286045018569368,3a863474-ac02-4100-9f9d-e2e944123476,47.898306500000004,-123.6462125
2015-11-11 14:29:23,-7.49042171455727,3a863474-ac02-4100-9f9d-e2e944123476,47.898306500000004,-123.6462125
2015-12-05 14:29:23,-12.661229879999848,3a863474-ac02-4100-9f9d-e2e944123476,47.898306500000004,-123.6462125
2015-12-29 14:29:22,-7.73325759584934,3a863474-ac02-4100-9f9d-e2e944123476,47.898306500000004,-123.6462125
2016-01-22 14:29:21,-7.050348928825834,3a863474-ac02-4100-9f9d-e2e944123476,47.898306500000004,-123.6462125
2016-02-15 14:29:21,-13.125328913591126,3a863474-ac02-4100-9f9d-e2e944123476,47.898306500000004,-123.6462125
2016-03-10 14:29:21,-14.867411860288248,3a863474-ac02-4100-9f9d-e2e944123476,47.898306500000004,-123.6462125
2016-03-14 02:02:03,-15.621109949671743,3a863474-ac02-4100-9f9d-e2e944123476,47.898306500000004,-123.6462125
2016-03-19 02:10:08,-16.138247531657683,3a863474-ac02-4100-9f9d-e2e944123476,47.898306500000004,-123.6462125
2016-04-03 14:29:22,-13.42489944248001,3a863474-ac02-4100-9f9d-e2e944123476,47.898306500000004,-123.6462125
2016-04-12 02:09:59,-23.715593726572124,3a863474-ac02-4100-9f9d-e2e944123476,47.898306500000004,-123.6462125
2016-04-27 14:29:22,-17.341066474620597,3a863474-ac02-4100-9f9d-e2e944123476,47.898306500000004,-123.6462125
2016-05-21 14:29:26,-18.374133989448683,3a863474-ac02-4100-9f9d-e2e944123476,47.898306500000004,-123.6462125
2016-05-30 02:10:04,-19.298763857336898,3a863474-ac02-4100-9f9d-e2e944123476,47.898306500000004,-123.6462125
2016-06-14 14:29:28,-14.918082070946387,3a863474-ac02-4100-9f9d-e2e944123476,47.898306500000004,-123.6462125
2016-07-08 14:29:29,-1.7407794055133863,3a863474-ac02-4100-9f9d-e2e944123476,47.898306500000004,-123.6462125
2016-07-17 02:10:07,-24.474332880140288,3a863474-ac02-4100-9f9d-e2e944123476,47.898306500000004,-123.6462125
2016-08-01 14:29:31,-9.716241271945236,3a863474-ac02-4100-9f9d-e2e944123476,47.898306500000004,-123.6462125
2016-08-10 02:10:08,-18.662960882251475,3a863474-ac02-4100-9f9d-e2e944123476,47.898306500000004,-123.6462125
2016-08-22 02:09:59,-20.837541228883488,3a863474-ac02-4100-9f9d-e2e944123476,47.898306500000004,-123.6462125
2016-08-25 14:29:32,-2.1792891762096853,3a863474-ac02-4100-9f9d-e2e944123476,47.898306500000004,-123.6462125
2016-08-29 02:02:11,-18.17855659018997,3a863474-ac02-4100-9f9d-e2e944123476,47.898306500000004,-123.6462125
2016-09-03 02:10:09,-15.690841868929544,3a863474-ac02-4100-9f9d-e2e944123476,47.898306500000004,-123.6462125
2016-09-13 14:21:20,-10.553514931146088,3a863474-ac02-4100-9f9d-e2e944123476,47.898306500000004,-123.6462125
2016-09-18 14:29:23,-3.567913843396856,3a863474-ac02-4100-9f9d-e2e944123476,47.898306500000004,-123.6462125
2016-09-27 02:10:10,-15.25327853919338,3a863474-ac02-4100-9f9d-e2e944123476,47.898306500000004,-123.6462125
2016-10-07 14:21:10,-14.93282384627525,3a863474-ac02-4100-9f9d-e2e944123476,47.898306500000004,-123.6462125
2016-10-12 14:29:33,-6.428692131687438,3a863474-ac02-4100-9f9d-e2e944123476,47.898306500000004,-123.6462125
2016-10-21 02:10:10,-21.71180169548426,3a863474-ac02-4100-9f9d-e2e944123476,47.898306500000004,-123.6462125
2016-10-31 14:21:10,-12.957202667394165,3a863474-ac02-4100-9f9d-e2e944123476,47.898306500000004,-123.6462125
2016-11-05 14:29:33,-2.4570789188728845,3a863474-ac02-4100-9f9d-e2e944123476,47.898306500000004,-123.6462125
2016-11-14 02:10:10,-17.258195676061135,3a863474-ac02-4100-9f9d-e2e944123476,47.898306500000004,-123.6462125
2016-11-24 14:21:09,-17.15049255183348,3a863474-ac02-4100-9f9d-e2e944123476,47.898306500000004,-123.6462125
2016-11-29 14:29:32,-9.232079354953985,3a863474-ac02-4100-9f9d-e2e944123476,47.898306500000004,-123.6462125
2016-12-08 02:10:09,-17.280815752718517,3a863474-ac02-4100-9f9d-e2e944123476,47.898306500000004,-123.6462125
2016-12-18 14:21:09,-13.434230167897157,3a863474-ac02-4100-9f9d-e2e944123476,47.898306500000004,-123.6462125
2016-12-23 14:29:31,-9.727978649518205,3a863474-ac02-4100-9f9d-e2e944123476,47.898306500000004,-123.6462125
2017-01-01 02:10:07,-17.236912460500722,3a863474-ac02-4100-9f9d-e2e944123476,47.898306500000004,-123.6462125
2017-01-11 14:21:07,-12.878735542231913,3a863474-ac02-4100-9f9d-e2e944123476,47.898306500000004,-123.6462125
2017-01-16 14:29:29,-4.653593383067577,3a863474-ac02-4100-9f9d-e2e944123476,47.898306500000004,-123.6462125
2017-01-25 02:10:06,-19.47321588770097,3a863474-ac02-4100-9f9d-e2e944123476,47.898306500000004,-123.6462125
2017-02-04 14:21:06,-8.62920501635904,3a863474-ac02-4100-9f9d-e2e944123476,47.898306500000004,-123.6462125
2017-02-09 14:29:29,-9.300942831889106,3a863474-ac02-4100-9f9d-e2e944123476,47.898306500000004,-123.6462125
2021-07-18 14:29:35,3.305684173701358,3a863474-ac02-4100-9f9d-e2e944123476,47.898306500000004,-123.6462125
2021-07-25 14:21:32,-5.406814071652466,3a863474-ac02-4100-9f9d-e2e944123476,47.898306500000004,-123.6462125
2021-07-30 14:29:36,-1.0508760228520224,3a863474-ac02-4100-9f9d-e2e944123476,47.898306500000004,-123.6462125
2021-08-06 14:21:33,-6.03116387166086,3a863474-ac02-4100-9f9d-e2e944123476,47.898306500000004,-123.6462125
2014-10-23 14:29:00,-10.446504985031805,3a863474-ac02-4100-9f9d-e2e944123476,47.898306500000004,-123.6462125
2014-11-16 14:29:00,-5.379830625067776,3a863474-ac02-4100-9f9d-e2e944123476,47.898306500000004,-123.6462125
2015-01-07 02:01:43,-15.184716106653147,3a863474-ac02-4100-9f9d-e2e944123476,47.898306500000004,-123.6462125
2015-01-31 02:01:46,-19.079499826754077,3a863474-ac02-4100-9f9d-e2e944123476,47.898306500000004,-123.6462125
2015-02-24 02:01:40,-20.397884542416286,3a863474-ac02-4100-9f9d-e2e944123476,47.898306500000004,-123.6462125
2015-03-20 02:01:51,-15.667786602078944,3a863474-ac02-4100-9f9d-e2e944123476,47.898306500000004,-123.6462125
2015-03-28 14:28:58,-7.097632755545376,3a863474-ac02-4100-9f9d-e2e944123476,47.898306500000004,-123.6462125
2015-04-21 14:28:58,-10.543890175889452,3a863474-ac02-4100-9f9d-e2e944123476,47.898306500000004,-123.6462125
2015-05-07 02:01:40,-19.27830500830469,3a863474-ac02-4100-9f9d-e2e944123476,47.898306500000004,-123.6462125
2015-05-15 14:29:00,-15.090686196536812,3a863474-ac02-4100-9f9d-e2e944123476,47.898306500000004,-123.6462125
2015-05-24 02:10:10,-18.23477478114159,3a863474-ac02-4100-9f9d-e2e944123476,47.898306500000004,-123.6462125
2015-05-31 02:01:42,-10.921753741439124,3a863474-ac02-4100-9f9d-e2e944123476,47.898306500000004,-123.6462125
2015-06-03 14:21:15,-14.188714949167295,3a863474-ac02-4100-9f9d-e2e944123476,47.898306500000004,-123.6462125
2015-06-08 14:29:02,-6.905861819915618,3a863474-ac02-4100-9f9d-e2e944123476,47.898306500000004,-123.6462125
2015-06-17 02:10:12,-16.597046209635376,3a863474-ac02-4100-9f9d-e2e944123476,47.898306500000004,-123.6462125
2015-06-24 02:02:00,-17.553853084999737,3a863474-ac02-4100-9f9d-e2e944123476,47.898306500000004,-123.6462125
2015-06-27 14:21:16,-7.099121424736409,3a863474-ac02-4100-9f9d-e2e944123476,47.898306500000004,-123.6462125
2015-07-02 14:29:02,-6.273934959206009,3a863474-ac02-4100-9f9d-e2e944123476,47.898306500000004,-123.6462125
2015-07-11 02:10:12,-16.666526304646926,3a863474-ac02-4100-9f9d-e2e944123476,47.898306500000004,-123.6462125
2015-07-18 02:02:00,-18.694303028026066,3a863474-ac02-4100-9f9d-e2e944123476,47.898306500000004,-123.6462125
2015-07-21 14:21:17,-12.977333677592092,3a863474-ac02-4100-9f9d-e2e944123476,47.898306500000004,-123.6462125
2015-07-26 14:29:04,-3.726745667164205,3a863474-ac02-4100-9f9d-e2e944123476,47.898306500000004,-123.6462125
2015-08-11 02:02:01,-13.37834713045366,3a863474-ac02-4100-9f9d-e2e944123476,47.898306500000004,-123.6462125
2015-08-14 14:21:18,-9.558390940469042,3a863474-ac02-4100-9f9d-e2e944123476,47.898306500000004,-123.6462125
2015-08-19 14:29:05,-5.111492635558999,3a863474-ac02-4100-9f9d-e2e944123476,47.898306500000004,-123.6462125
2015-09-04 02:02:02,-11.152205297864,3a863474-ac02-4100-9f9d-e2e944123476,47.898306500000004,-123.6462125
2015-09-07 14:21:19,-13.707355941615413,3a863474-ac02-4100-9f9d-e2e944123476,47.898306500000004,-123.6462125
2015-09-12 14:29:06,-3.71638497760559,3a863474-ac02-4100-9f9d-e2e944123476,47.898306500000004,-123.6462125
2015-10-06 14:29:06,-2.049782950646872,3a863474-ac02-4100-9f9d-e2e944123476,47.898306500000004,-123.6462125
2015-10-25 14:21:20,-4.480115948049159,3a863474-ac02-4100-9f9d-e2e944123476,47.898306500000004,-123.6462125
2015-11-15 02:01:57,-8.229941007968439,3a863474-ac02-4100-9f9d-e2e944123476,47.898306500000004,-123.6462125
2015-11-15 02:01:57,-8.229941007968439,3a863474-ac02-4100-9f9d-e2e944123476,47.898306500000004,-123.6462125
2015-11-18 14:21:14,-10.202989971910437,3a863474-ac02-4100-9f9d-e2e944123476,47.898306500000004,-123.6462125
2015-11-23 14:29:25,-5.0342508073963845,3a863474-ac02-4100-9f9d-e2e944123476,47.898306500000004,-123.6462125
2015-12-12 14:21:13,-13.911543156128175,3a863474-ac02-4100-9f9d-e2e944123476,47.898306500000004,-123.6462125
2015-12-17 14:29:24,-7.40642279979647,3a863474-ac02-4100-9f9d-e2e944123476,47.898306500000004,-123.6462125
2016-01-05 14:21:12,-11.577582830682113,3a863474-ac02-4100-9f9d-e2e944123476,47.898306500000004,-123.6462125
2016-01-10 14:29:24,-5.6009690942774615,3a863474-ac02-4100-9f9d-e2e944123476,47.898306500000004,-123.6462125
2016-01-19 02:10:08,-12.738231801327828,3a863474-ac02-4100-9f9d-e2e944123476,47.898306500000004,-123.6462125
2016-01-26 02:01:55,-11.635333245351589,3a863474-ac02-4100-9f9d-e2e944123476,47.898306500000004,-123.6462125
2016-01-29 14:21:11,-16.84317992622202,3a863474-ac02-4100-9f9d-e2e944123476,47.898306500000004,-123.6462125
2016-01-29 14:21:11,-17.432718029537202,3a863474-ac02-4100-9f9d-e2e944123476,47.898306500000004,-123.6462125
2016-02-03 14:29:23,-9.543248119663904,3a863474-ac02-4100-9f9d-e2e944123476,47.898306500000004,-123.6462125
2016-02-03 14:29:23,-9.654791143999997,3a863474-ac02-4100-9f9d-e2e944123476,47.898306500000004,-123.6462125
2016-02-12 02:10:07,-18.75084399187655,3a863474-ac02-4100-9f9d-e2e944123476,47.898306500000004,-123.6462125
2016-02-19 02:01:55,-17.886420678896513,3a863474-ac02-4100-9f9d-e2e944123476,47.898306500000004,-123.6462125
2016-02-22 14:21:11,-17.411222141755566,3a863474-ac02-4100-9f9d-e2e944123476,47.898306500000004,-123.6462125
2016-02-27 14:29:23,-14.694312747756623,3a863474-ac02-4100-9f9d-e2e944123476,47.898306500000004,-123.6462125
2016-03-17 14:21:11,-15.40943442505739,3a863474-ac02-4100-9f9d-e2e944123476,47.898306500000004,-123.6462125
2016-03-22 14:29:23,-14.53508076797601,3a863474-ac02-4100-9f9d-e2e944123476,47.898306500000004,-123.6462125
2016-04-07 02:01:56,-22.526568121485404,3a863474-ac02-4100-9f9d-e2e944123476,47.898306500000004,-123.6462125
2016-04-10 14:21:12,-19.47002980788269,3a863474-ac02-4100-9f9d-e2e944123476,47.898306500000004,-123.6462125
2016-04-15 14:29:24,-16.978957346128144,3a863474-ac02-4100-9f9d-e2e944123476,47.898306500000004,-123.6462125
2016-04-24 02:10:09,-20.718469283821698,3a863474-ac02-4100-9f9d-e2e944123476,47.898306500000004,-123.6462125
2016-05-01 02:01:57,-21.281098125243005,3a863474-ac02-4100-9f9d-e2e944123476,47.898306500000004,-123.6462125
2016-05-04 14:21:13,-24.800715957506043,3a863474-ac02-4100-9f9d-e2e944123476,47.898306500000004,-123.6462125
2016-05-09 14:29:25,-11.147019621011712,3a863474-ac02-4100-9f9d-e2e944123476,47.898306500000004,-123.6462125
2016-05-18 02:10:10,-20.35610010895722,3a863474-ac02-4100-9f9d-e2e944123476,47.898306500000004,-123.6462125
2016-05-25 02:02:01,-23.029644296717585,3a863474-ac02-4100-9f9d-e2e944123476,47.898306500000004,-123.6462125
2016-05-28 14:21:17,-15.494411312539691,3a863474-ac02-4100-9f9d-e2e944123476,47.898306500000004,-123.6462125
2016-06-02 14:29:27,-14.887944501484034,3a863474-ac02-4100-9f9d-e2e944123476,47.898306500000004,-123.6462125
2016-06-11 02:10:12,-19.05525190235153,3a863474-ac02-4100-9f9d-e2e944123476,47.898306500000004,-123.6462125
2016-07-15 14:21:20,-16.459568036619697,3a863474-ac02-4100-9f9d-e2e944123476,47.898306500000004,-123.6462125
2016-07-20 14:29:29,-6.998446588967652,3a863474-ac02-4100-9f9d-e2e944123476,47.898306500000004,-123.6462125
2016-07-29 02:10:14,-17.332213245964198,3a863474-ac02-4100-9f9d-e2e944123476,47.898306500000004,-123.6462125
2016-08-05 02:02:05,-24.307127890180627,3a863474-ac02-4100-9f9d-e2e944123476,47.898306500000004,-123.6462125
2016-08-08 14:21:21,-10.154178920664702,3a863474-ac02-4100-9f9d-e2e944123476,47.898306500000004,-123.6462125
2016-08-13 14:29:31,-5.30482248075026,3a863474-ac02-4100-9f9d-e2e944123476,47.898306500000004,-123.6462125
2016-09-01 14:21:22,-13.820476382785241,3a863474-ac02-4100-9f9d-e2e944123476,47.898306500000004,-123.6462125
2016-09-06 14:29:32,-1.3359576142828136,3a863474-ac02-4100-9f9d-e2e944123476,47.898306500000004,-123.6462125
2016-09-22 02:02:07,-18.067739193091313,3a863474-ac02-4100-9f9d-e2e944123476,47.898306500000004,-123.6462125
2016-12-02 02:09:27,-21.463518970244955,3a863474-ac02-4100-9f9d-e2e944123476,47.898306500000004,-123.6462125
2016-12-09 02:01:17,-18.260015964767497,3a863474-ac02-4100-9f9d-e2e944123476,47.898306500000004,-123.6462125
2016-12-26 02:09:26,-20.166894429750773,3a863474-ac02-4100-9f9d-e2e944123476,47.898306500000004,-123.6462125
2017-01-02 02:01:18,-16.179830279250847,3a863474-ac02-4100-9f9d-e2e944123476,47.898306500000004,-123.6462125
2017-01-19 02:09:24,-23.212622150003988,3a863474-ac02-4100-9f9d-e2e944123476,47.898306500000004,-123.6462125
2017-01-26 02:01:18,-18.757306643274113,3a863474-ac02-4100-9f9d-e2e944123476,47.898306500000004,-123.6462125
2017-02-12 02:09:24,-18.863203076008315,3a863474-ac02-4100-9f9d-e2e944123476,47.898306500000004,-123.6462125
2017-02-19 02:01:17,-22.760768605772093,3a863474-ac02-4100-9f9d-e2e944123476,47.898306500000004,-123.6462125
2017-02-24 02:09:26,-20.929747545200904,3a863474-ac02-4100-9f9d-e2e944123476,47.898306500000004,-123.6462125
2017-03-03 02:01:15,-18.801043606592568,3a863474-ac02-4100-9f9d-e2e944123476,47.898306500000004,-123.6462125
2017-03-08 02:09:26,-20.467767059407453,3a863474-ac02-4100-9f9d-e2e944123476,47.898306500000004,-123.6462125
2017-03-20 02:09:26,-17.406815129167327,3a863474-ac02-4100-9f9d-e2e944123476,47.898306500000004,-123.6462125
2017-04-01 02:09:26,-15.819434576939356,3a863474-ac02-4100-9f9d-e2e944123476,47.898306500000004,-123.6462125
2017-04-13 02:09:27,-19.58825932147224,3a863474-ac02-4100-9f9d-e2e944123476,47.898306500000004,-123.6462125
2017-04-25 02:09:27,-18.872777634072804,3a863474-ac02-4100-9f9d-e2e944123476,47.898306500000004,-123.6462125
2017-05-07 02:09:28,-21.655739759602326,3a863474-ac02-4100-9f9d-e2e944123476,47.898306500000004,-123.6462125
2017-05-19 02:09:28,-21.893770065679536,3a863474-ac02-4100-9f9d-e2e944123476,47.898306500000004,-123.6462125
2017-05-22 14:28:50,-10.650477966213462,3a863474-ac02-4100-9f9d-e2e944123476,47.898306500000004,-123.6462125
2017-05-26 02:01:19,-20.69309016467963,3a863474-ac02-4100-9f9d-e2e944123476,47.898306500000004,-123.6462125
2017-05-31 02:09:29,-22.737497578587835,3a863474-ac02-4100-9f9d-e2e944123476,47.898306500000004,-123.6462125
2017-06-03 14:28:50,-16.11512543831789,3a863474-ac02-4100-9f9d-e2e944123476,47.898306500000004,-123.6462125
2017-06-12 02:09:30,-20.925912391391208,3a863474-ac02-4100-9f9d-e2e944123476,47.898306500000004,-123.6462125
2017-06-15 14:28:51,-16.984064297827498,3a863474-ac02-4100-9f9d-e2e944123476,47.898306500000004,-123.6462125
2017-06-24 02:09:30,-22.117192156839423,3a863474-ac02-4100-9f9d-e2e944123476,47.898306500000004,-123.6462125
2017-06-27 14:28:52,-12.67575819956605,3a863474-ac02-4100-9f9d-e2e944123476,47.898306500000004,-123.6462125
2017-07-06 02:09:31,-18.022597305329413,3a863474-ac02-4100-9f9d-e2e944123476,47.898306500000004,-123.6462125
2017-07-09 14:28:53,-3.0227443279054214,3a863474-ac02-4100-9f9d-e2e944123476,47.898306500000004,-123.6462125
2017-07-18 02:09:32,-18.41538965496447,3a863474-ac02-4100-9f9d-e2e944123476,47.898306500000004,-123.6462125
2017-07-21 14:28:53,-5.923519014465521,3a863474-ac02-4100-9f9d-e2e944123476,47.898306500000004,-123.6462125
2017-07-28 14:20:29,-13.047551199835457,3a863474-ac02-4100-9f9d-e2e944123476,47.898306500000004,-123.6462125
2017-07-30 02:09:33,-16.33163923357079,3a863474-ac02-4100-9f9d-e2e944123476,47.898306500000004,-123.6462125
2017-08-06 02:01:31,-16.504219640982313,3a863474-ac02-4100-9f9d-e2e944123476,47.898306500000004,-123.6462125
2017-08-09 14:20:29,-5.718544255651006,3a863474-ac02-4100-9f9d-e2e944123476,47.898306500000004,-123.6462125
2017-08-11 02:09:33,-17.810518537250434,3a863474-ac02-4100-9f9d-e2e944123476,47.898306500000004,-123.6462125
2017-08-14 14:28:54,-4.6203784436488,3a863474-ac02-4100-9f9d-e2e944123476,47.898306500000004,-123.6462125
2017-08-18 02:01:32,-21.279918089843072,3a863474-ac02-4100-9f9d-e2e944123476,47.898306500000004,-123.6462125
2017-08-21 14:20:30,-7.246938935438253,3a863474-ac02-4100-9f9d-e2e944123476,47.898306500000004,-123.6462125
2017-08-23 02:09:34,-18.420826866234712,3a863474-ac02-4100-9f9d-e2e944123476,47.898306500000004,-123.6462125
2017-08-26 14:28:55,-5.518741250113526,3a863474-ac02-4100-9f9d-e2e944123476,47.898306500000004,-123.6462125
2017-09-02 14:20:30,-7.280714892590423,3a863474-ac02-4100-9f9d-e2e944123476,47.898306500000004,-123.6462125
2017-09-04 02:09:34,-22.406170286991973,3a863474-ac02-4100-9f9d-e2e944123476,47.898306500000004,-123.6462125
2017-09-07 14:28:55,-2.2347646852395755,3a863474-ac02-4100-9f9d-e2e944123476,47.898306500000004,-123.6462125
2017-09-11 02:01:33,-21.705048996289065,3a863474-ac02-4100-9f9d-e2e944123476,47.898306500000004,-123.6462125
2017-09-14 14:20:31,-12.526556325661835,3a863474-ac02-4100-9f9d-e2e944123476,47.898306500000004,-123.6462125
2017-09-16 02:09:35,-19.36647166309757,3a863474-ac02-4100-9f9d-e2e944123476,47.898306500000004,-123.6462125
2017-09-19 14:28:56,-9.99038521242269,3a863474-ac02-4100-9f9d-e2e944123476,47.898306500000004,-123.6462125
2017-09-26 14:20:31,-14.296626031179544,3a863474-ac02-4100-9f9d-e2e944123476,47.898306500000004,-123.6462125
2017-09-28 02:09:35,-20.502403682534037,3a863474-ac02-4100-9f9d-e2e944123476,47.898306500000004,-123.6462125
2017-10-01 14:28:56,-10.503995315205968,3a863474-ac02-4100-9f9d-e2e944123476,47.898306500000004,-123.6462125
2017-10-08 14:20:31,-14.890940033590127,3a863474-ac02-4100-9f9d-e2e944123476,47.898306500000004,-123.6462125
2017-10-10 02:09:35,-20.69320512660714,3a863474-ac02-4100-9f9d-e2e944123476,47.898306500000004,-123.6462125
2017-10-13 14:28:57,-7.1667945459182985,3a863474-ac02-4100-9f9d-e2e944123476,47.898306500000004,-123.6462125
2017-10-20 14:20:31,-18.02446023393315,3a863474-ac02-4100-9f9d-e2e944123476,47.898306500000004,-123.6462125
2017-10-22 02:09:35,-15.635742437771542,3a863474-ac02-4100-9f9d-e2e944123476,47.898306500000004,-123.6462125
2017-10-25 14:28:57,-5.457224184777144,3a863474-ac02-4100-9f9d-e2e944123476,47.898306500000004,-123.6462125
2017-11-01 14:20:32,-15.804473684511722,3a863474-ac02-4100-9f9d-e2e944123476,47.898306500000004,-123.6462125
2017-11-03 02:09:35,-20.378734804621658,3a863474-ac02-4100-9f9d-e2e944123476,47.898306500000004,-123.6462125
2017-11-06 14:28:56,-7.2085937740598585,3a863474-ac02-4100-9f9d-e2e944123476,47.898306500000004,-123.6462125
2017-11-10 02:01:33,-15.8662202351126,3a863474-ac02-4100-9f9d-e2e944123476,47.898306500000004,-123.6462125
2017-11-13 14:20:31,-9.997172431945263,3a863474-ac02-4100-9f9d-e2e944123476,47.898306500000004,-123.6462125
2017-11-15 02:09:35,-17.583484587402985,3a863474-ac02-4100-9f9d-e2e944123476,47.898306500000004,-123.6462125
2017-11-18 14:28:56,-4.851575876649249,3a863474-ac02-4100-9f9d-e2e944123476,47.898306500000004,-123.6462125
2017-11-25 14:20:31,-16.493639532500517,3a863474-ac02-4100-9f9d-e2e944123476,47.898306500000004,-123.6462125
2017-11-27 02:09:35,-21.74653199264332,3a863474-ac02-4100-9f9d-e2e944123476,47.898306500000004,-123.6462125
2017-11-30 14:28:56,-7.68796058388127,3a863474-ac02-4100-9f9d-e2e944123476,47.898306500000004,-123.6462125
2017-12-04 02:01:33,-27.853341214853703,3a863474-ac02-4100-9f9d-e2e944123476,47.898306500000004,-123.6462125
2017-12-07 14:20:30,-16.87791151141707,3a863474-ac02-4100-9f9d-e2e944123476,47.898306500000004,-123.6462125
2017-12-09 02:09:34,-20.84164898300257,3a863474-ac02-4100-9f9d-e2e944123476,47.898306500000004,-123.6462125
2017-12-12 14:28:56,-8.266236996270331,3a863474-ac02-4100-9f9d-e2e944123476,47.898306500000004,-123.6462125
2017-12-19 14:20:30,-11.390118623614043,3a863474-ac02-4100-9f9d-e2e944123476,47.898306500000004,-123.6462125
2017-12-24 14:28:55,-5.210173367541029,3a863474-ac02-4100-9f9d-e2e944123476,47.898306500000004,-123.6462125
2017-12-28 02:01:32,-20.019874559824324,3a863474-ac02-4100-9f9d-e2e944123476,47.898306500000004,-123.6462125
2017-12-31 14:20:30,-14.17954697466925,3a863474-ac02-4100-9f9d-e2e944123476,47.898306500000004,-123.6462125
2018-01-02 02:09:34,-17.043736986034975,3a863474-ac02-4100-9f9d-e2e944123476,47.898306500000004,-123.6462125
2018-01-05 14:28:55,-7.00004175414846,3a863474-ac02-4100-9f9d-e2e944123476,47.898306500000004,-123.6462125
2018-01-09 02:01:32,-22.4410746848781,3a863474-ac02-4100-9f9d-e2e944123476,47.898306500000004,-123.6462125
2018-01-12 14:20:29,-12.251714168230272,3a863474-ac02-4100-9f9d-e2e944123476,47.898306500000004,-123.6462125
2018-01-17 14:28:54,-9.388987712933599,3a863474-ac02-4100-9f9d-e2e944123476,47.898306500000004,-123.6462125
2018-01-24 14:20:29,-18.11795192393535,3a863474-ac02-4100-9f9d-e2e944123476,47.898306500000004,-123.6462125
2018-01-29 14:28:54,-7.673066317426653,3a863474-ac02-4100-9f9d-e2e944123476,47.898306500000004,-123.6462125
2018-02-05 14:20:28,-12.728272335106519,3a863474-ac02-4100-9f9d-e2e944123476,47.898306500000004,-123.6462125
2018-02-07 02:09:32,-18.195018534677605,3a863474-ac02-4100-9f9d-e2e944123476,47.898306500000004,-123.6462125
2018-02-10 14:28:54,-6.312361702019926,3a863474-ac02-4100-9f9d-e2e944123476,47.898306500000004,-123.6462125
2018-02-17 14:20:28,-15.28952377461017,3a863474-ac02-4100-9f9d-e2e944123476,47.898306500000004,-123.6462125
2018-02-22 14:28:53,-5.161478284881399,3a863474-ac02-4100-9f9d-e2e944123476,47.898306500000004,-123.6462125
2018-02-26 02:01:30,-18.49106257287367,3a863474-ac02-4100-9f9d-e2e944123476,47.898306500000004,-123.6462125
2018-03-01 14:20:28,-11.648403854389924,3a863474-ac02-4100-9f9d-e2e944123476,47.898306500000004,-123.6462125
2018-03-03 02:09:32,-18.9976901828786,3a863474-ac02-4100-9f9d-e2e944123476,47.898306500000004,-123.6462125
2018-03-06 14:28:53,-5.930262258312505,3a863474-ac02-4100-9f9d-e2e944123476,47.898306500000004,-123.6462125
2018-03-10 02:01:31,-21.827580658827333,3a863474-ac02-4100-9f9d-e2e944123476,47.898306500000004,-123.6462125
2018-03-13 14:20:28,-10.604613830260138,3a863474-ac02-4100-9f9d-e2e944123476,47.898306500000004,-123.6462125
2018-03-15 02:09:32,-21.18273448676557,3a863474-ac02-4100-9f9d-e2e944123476,47.898306500000004,-123.6462125
2018-03-18 14:28:53,-6.251350126272194,3a863474-ac02-4100-9f9d-e2e944123476,47.898306500000004,-123.6462125
2018-03-25 14:20:28,-14.1726431821496,3a863474-ac02-4100-9f9d-e2e944123476,47.898306500000004,-123.6462125
2018-03-30 14:28:54,-4.298796071520774,3a863474-ac02-4100-9f9d-e2e944123476,47.898306500000004,-123.6462125
2018-04-03 02:01:31,-18.421865042657817,3a863474-ac02-4100-9f9d-e2e944123476,47.898306500000004,-123.6462125
2018-04-06 14:20:29,-17.480028458546382,3a863474-ac02-4100-9f9d-e2e944123476,47.898306500000004,-123.6462125
2018-04-11 14:28:54,-10.257708235028467,3a863474-ac02-4100-9f9d-e2e944123476,47.898306500000004,-123.6462125
2018-04-18 14:20:29,-15.354898375465368,3a863474-ac02-4100-9f9d-e2e944123476,47.898306500000004,-123.6462125
2018-04-23 14:28:55,-6.457896114266791,3a863474-ac02-4100-9f9d-e2e944123476,47.898306500000004,-123.6462125
2018-04-27 02:01:32,-23.249737109207697,3a863474-ac02-4100-9f9d-e2e944123476,47.898306500000004,-123.6462125
2018-04-30 14:20:30,-20.137746285994957,3a863474-ac02-4100-9f9d-e2e944123476,47.898306500000004,-123.6462125
2018-05-05 14:28:55,-20.624325655882814,3a863474-ac02-4100-9f9d-e2e944123476,47.898306500000004,-123.6462125
2018-05-12 14:20:30,-20.023441512586494,3a863474-ac02-4100-9f9d-e2e944123476,47.898306500000004,-123.6462125
2018-05-17 14:28:56,-11.855494168675708,3a863474-ac02-4100-9f9d-e2e944123476,47.898306500000004,-123.6462125
2018-05-21 02:01:33,-21.883786837051,3a863474-ac02-4100-9f9d-e2e944123476,47.898306500000004,-123.6462125
2018-05-24 14:20:31,-16.225084029769057,3a863474-ac02-4100-9f9d-e2e944123476,47.898306500000004,-123.6462125
2018-05-29 14:28:56,-13.720798162151361,3a863474-ac02-4100-9f9d-e2e944123476,47.898306500000004,-123.6462125
2018-06-02 02:01:34,-20.661305140918284,3a863474-ac02-4100-9f9d-e2e944123476,47.898306500000004,-123.6462125
2018-06-05 14:20:32,-19.693412806219545,3a863474-ac02-4100-9f9d-e2e944123476,47.898306500000004,-123.6462125
2018-06-07 02:09:36,-23.120620028535605,3a863474-ac02-4100-9f9d-e2e944123476,47.898306500000004,-123.6462125
2018-06-10 14:28:57,-20.286361136968452,3a863474-ac02-4100-9f9d-e2e944123476,47.898306500000004,-123.6462125
2018-06-17 14:20:33,-16.984337372371066,3a863474-ac02-4100-9f9d-e2e944123476,47.898306500000004,-123.6462125
2018-06-22 14:28:58,-8.904215937286512,3a863474-ac02-4100-9f9d-e2e944123476,47.898306500000004,-123.6462125
2018-06-29 14:20:33,-12.93085191817757,3a863474-ac02-4100-9f9d-e2e944123476,47.898306500000004,-123.6462125
2018-07-01 02:09:38,-21.51528900086905,3a863474-ac02-4100-9f9d-e2e944123476,47.898306500000004,-123.6462125
2018-07-04 14:28:59,-10.66531608957236,3a863474-ac02-4100-9f9d-e2e944123476,47.898306500000004,-123.6462125
2018-07-08 02:01:36,-20.94090515751434,3a863474-ac02-4100-9f9d-e2e944123476,47.898306500000004,-123.6462125
2018-07-11 14:20:34,-15.984072824560835,3a863474-ac02-4100-9f9d-e2e944123476,47.898306500000004,-123.6462125
2018-07-13 02:09:38,-22.444412210163105,3a863474-ac02-4100-9f9d-e2e944123476,47.898306500000004,-123.6462125
2018-07-16 14:28:59,-3.025884862081179,3a863474-ac02-4100-9f9d-e2e944123476,47.898306500000004,-123.6462125
2018-07-20 02:01:37,-19.32582013730173,3a863474-ac02-4100-9f9d-e2e944123476,47.898306500000004,-123.6462125
2018-07-28 14:29:00,-3.427772354801572,3a863474-ac02-4100-9f9d-e2e944123476,47.898306500000004,-123.6462125
2018-08-01 02:01:38,-21.906131916943423,3a863474-ac02-4100-9f9d-e2e944123476,47.898306500000004,-123.6462125
2018-08-04 14:20:36,-8.46424402433011,3a863474-ac02-4100-9f9d-e2e944123476,47.898306500000004,-123.6462125
2018-08-06 02:09:39,-23.083700918439884,3a863474-ac02-4100-9f9d-e2e944123476,47.898306500000004,-123.6462125
2018-08-09 14:29:01,-1.5971007315008607,3a863474-ac02-4100-9f9d-e2e944123476,47.898306500000004,-123.6462125
2018-08-13 02:01:38,-19.914548951173423,3a863474-ac02-4100-9f9d-e2e944123476,47.898306500000004,-123.6462125
2018-08-16 14:20:36,-12.919557685436477,3a863474-ac02-4100-9f9d-e2e944123476,47.898306500000004,-123.6462125
2018-08-21 14:29:02,-1.955723656348511,3a863474-ac02-4100-9f9d-e2e944123476,47.898306500000004,-123.6462125
2018-08-25 02:01:39,-21.859915960050586,3a863474-ac02-4100-9f9d-e2e944123476,47.898306500000004,-123.6462125
2018-08-28 14:20:37,-10.976519557042161,3a863474-ac02-4100-9f9d-e2e944123476,47.898306500000004,-123.6462125
2018-09-02 14:29:02,-7.869420716894567,3a863474-ac02-4100-9f9d-e2e944123476,47.898306500000004,-123.6462125
2018-09-06 02:01:40,-22.09254861242301,3a863474-ac02-4100-9f9d-e2e944123476,47.898306500000004,-123.6462125
2018-09-09 14:20:37,-6.243674012614555,3a863474-ac02-4100-9f9d-e2e944123476,47.898306500000004,-123.6462125
2018-09-14 14:29:03,-8.664460791696582,3a863474-ac02-4100-9f9d-e2e944123476,47.898306500000004,-123.6462125
2018-09-18 02:01:40,-21.367064961359997,3a863474-ac02-4100-9f9d-e2e944123476,47.898306500000004,-123.6462125
2018-09-21 14:20:38,-14.179719834870783,3a863474-ac02-4100-9f9d-e2e944123476,47.898306500000004,-123.6462125
2018-09-26 14:29:03,-8.253225844243802,3a863474-ac02-4100-9f9d-e2e944123476,47.898306500000004,-123.6462125
2018-09-30 02:01:40,-17.8623541938982,3a863474-ac02-4100-9f9d-e2e944123476,47.898306500000004,-123.6462125
2018-10-03 14:20:38,-10.65784942353158,3a863474-ac02-4100-9f9d-e2e944123476,47.898306500000004,-123.6462125
2018-10-08 14:29:03,-4.987299017814656,3a863474-ac02-4100-9f9d-e2e944123476,47.898306500000004,-123.6462125
2018-10-12 02:01:41,-19.507464227320966,3a863474-ac02-4100-9f9d-e2e944123476,47.898306500000004,-123.6462125
2018-10-15 14:20:38,-12.436763453518596,3a863474-ac02-4100-9f9d-e2e944123476,47.898306500000004,-123.6462125
2018-10-17 02:09:42,-19.525981640195845,3a863474-ac02-4100-9f9d-e2e944123476,47.898306500000004,-123.6462125
2018-10-20 14:29:03,-8.892452456434173,3a863474-ac02-4100-9f9d-e2e944123476,47.898306500000004,-123.6462125
2018-10-24 02:01:41,-20.845157544463454,3a863474-ac02-4100-9f9d-e2e944123476,47.898306500000004,-123.6462125
2018-10-27 14:20:38,-10.006776989457514,3a863474-ac02-4100-9f9d-e2e944123476,47.898306500000004,-123.6462125
2018-11-01 14:29:03,-3.1507765816936653,3a863474-ac02-4100-9f9d-e2e944123476,47.898306500000004,-123.6462125
2018-11-05 02:01:40,-21.411720156620223,3a863474-ac02-4100-9f9d-e2e944123476,47.898306500000004,-123.6462125
2018-11-08 14:20:38,-12.567791030333492,3a863474-ac02-4100-9f9d-e2e944123476,47.898306500000004,-123.6462125
2018-11-13 14:29:03,-4.196464401879853,3a863474-ac02-4100-9f9d-e2e944123476,47.898306500000004,-123.6462125
2018-11-17 02:01:40,-18.971820116155186,3a863474-ac02-4100-9f9d-e2e944123476,47.898306500000004,-123.6462125
2018-11-20 14:20:38,-8.885679797961178,3a863474-ac02-4100-9f9d-e2e944123476,47.898306500000004,-123.6462125
2018-11-22 02:09:42,-18.43605492400574,3a863474-ac02-4100-9f9d-e2e944123476,47.898306500000004,-123.6462125
2018-11-29 02:01:40,-23.813920581732656,3a863474-ac02-4100-9f9d-e2e944123476,47.898306500000004,-123.6462125
2018-12-02 14:20:37,-10.435380893022577,3a863474-ac02-4100-9f9d-e2e944123476,47.898306500000004,-123.6462125
2018-12-07 14:29:02,-5.798864848187144,3a863474-ac02-4100-9f9d-e2e944123476,47.898306500000004,-123.6462125
2018-12-11 02:01:39,-13.66722356602511,3a863474-ac02-4100-9f9d-e2e944123476,47.898306500000004,-123.6462125
2018-12-14 14:20:37,-11.335498385636429,3a863474-ac02-4100-9f9d-e2e944123476,47.898306500000004,-123.6462125
2018-12-19 14:29:02,-3.3268746305226933,3a863474-ac02-4100-9f9d-e2e944123476,47.898306500000004,-123.6462125
2018-12-23 02:01:39,-13.994871520423253,3a863474-ac02-4100-9f9d-e2e944123476,47.898306500000004,-123.6462125
2018-12-26 14:20:37,-9.722236970813768,3a863474-ac02-4100-9f9d-e2e944123476,47.898306500000004,-123.6462125
2018-12-31 14:29:02,-3.183724093203754,3a863474-ac02-4100-9f9d-e2e944123476,47.898306500000004,-123.6462125
2019-01-04 02:01:38,-25.53930355244256,3a863474-ac02-4100-9f9d-e2e944123476,47.898306500000004,-123.6462125
2019-01-07 14:20:36,-18.881853713397064,3a863474-ac02-4100-9f9d-e2e944123476,47.898306500000004,-123.6462125
2019-01-09 02:09:31,-19.765568972174542,3a863474-ac02-4100-9f9d-e2e944123476,47.898306500000004,-123.6462125
2019-01-12 14:29:01,-8.436345667711056,3a863474-ac02-4100-9f9d-e2e944123476,47.898306500000004,-123.6462125
2019-01-16 02:01:38,-20.86071577701801,3a863474-ac02-4100-9f9d-e2e944123476,47.898306500000004,-123.6462125
2019-01-19 14:20:36,-14.323098193585508,3a863474-ac02-4100-9f9d-e2e944123476,47.898306500000004,-123.6462125
2019-01-21 02:09:40,-18.45002662312831,3a863474-ac02-4100-9f9d-e2e944123476,47.898306500000004,-123.6462125
2019-01-24 14:29:01,-3.5116552406167574,3a863474-ac02-4100-9f9d-e2e944123476,47.898306500000004,-123.6462125
2019-01-28 02:01:38,-18.449791118929422,3a863474-ac02-4100-9f9d-e2e944123476,47.898306500000004,-123.6462125
2019-01-31 14:20:35,-13.342731667680514,3a863474-ac02-4100-9f9d-e2e944123476,47.898306500000004,-123.6462125
2019-02-05 14:29:00,-5.751721779867856,3a863474-ac02-4100-9f9d-e2e944123476,47.898306500000004,-123.6462125
2019-02-09 02:01:37,-20.840099937350026,3a863474-ac02-4100-9f9d-e2e944123476,47.898306500000004,-123.6462125
2019-02-12 14:20:35,-12.834306053332279,3a863474-ac02-4100-9f9d-e2e944123476,47.898306500000004,-123.6462125
2019-02-14 02:09:39,-18.193671582272096,3a863474-ac02-4100-9f9d-e2e944123476,47.898306500000004,-123.6462125
2019-02-17 14:29:00,-3.727902826764128,3a863474-ac02-4100-9f9d-e2e944123476,47.898306500000004,-123.6462125
2019-02-21 02:01:37,-17.67933865166927,3a863474-ac02-4100-9f9d-e2e944123476,47.898306500000004,-123.6462125
2019-02-24 14:20:35,-10.58724256823919,3a863474-ac02-4100-9f9d-e2e944123476,47.898306500000004,-123.6462125
2019-02-26 02:09:39,-20.878360037454723,3a863474-ac02-4100-9f9d-e2e944123476,47.898306500000004,-123.6462125
2019-03-01 14:29:00,-2.1024173285017533,3a863474-ac02-4100-9f9d-e2e944123476,47.898306500000004,-123.6462125
2019-03-05 02:01:37,-20.68514337309049,3a863474-ac02-4100-9f9d-e2e944123476,47.898306500000004,-123.6462125
2019-03-08 14:20:35,-13.105061603974708,3a863474-ac02-4100-9f9d-e2e944123476,47.898306500000004,-123.6462125
2019-03-10 02:09:39,-18.85494636094199,3a863474-ac02-4100-9f9d-e2e944123476,47.898306500000004,-123.6462125
2019-03-13 14:29:00,-1.4374575190716345,3a863474-ac02-4100-9f9d-e2e944123476,47.898306500000004,-123.6462125
2019-03-17 02:01:37,-20.000438158294656,3a863474-ac02-4100-9f9d-e2e944123476,47.898306500000004,-123.6462125
2019-03-20 14:20:35,-5.7019687523380505,3a863474-ac02-4100-9f9d-e2e944123476,47.898306500000004,-123.6462125
2019-03-22 02:09:39,-18.428070188138875,3a863474-ac02-4100-9f9d-e2e944123476,47.898306500000004,-123.6462125
2019-03-25 14:29:00,-2.0639220186696603,3a863474-ac02-4100-9f9d-e2e944123476,47.898306500000004,-123.6462125
2019-03-29 02:01:37,-18.354378860293718,3a863474-ac02-4100-9f9d-e2e944123476,47.898306500000004,-123.6462125
2019-04-01 14:20:35,-9.011329198386651,3a863474-ac02-4100-9f9d-e2e944123476,47.898306500000004,-123.6462125
2019-04-03 02:09:39,-19.739576099150828,3a863474-ac02-4100-9f9d-e2e944123476,47.898306500000004,-123.6462125
2019-04-06 14:29:01,-6.612213975800582,3a863474-ac02-4100-9f9d-e2e944123476,47.898306500000004,-123.6462125
2019-04-10 02:01:38,-21.03405037234268,3a863474-ac02-4100-9f9d-e2e944123476,47.898306500000004,-123.6462125
2019-04-13 14:20:36,-10.007869924469857,3a863474-ac02-4100-9f9d-e2e944123476,47.898306500000004,-123.6462125
2019-04-15 02:09:40,-19.99817956257904,3a863474-ac02-4100-9f9d-e2e944123476,47.898306500000004,-123.6462125
2019-04-22 02:01:38,-20.54590891718113,3a863474-ac02-4100-9f9d-e2e944123476,47.898306500000004,-123.6462125
2019-04-25 14:20:36,-13.760941919414856,3a863474-ac02-4100-9f9d-e2e944123476,47.898306500000004,-123.6462125
2019-04-27 02:09:40,-18.73093147671337,3a863474-ac02-4100-9f9d-e2e944123476,47.898306500000004,-123.6462125
2019-04-30 14:29:02,-5.961807259845029,3a863474-ac02-4100-9f9d-e2e944123476,47.898306500000004,-123.6462125
2019-05-04 02:01:39,-25.26419900249681,3a863474-ac02-4100-9f9d-e2e944123476,47.898306500000004,-123.6462125
2019-05-07 14:20:37,-15.401077834419814,3a863474-ac02-4100-9f9d-e2e944123476,47.898306500000004,-123.6462125
2019-05-09 02:09:41,-23.543466743968217,3a863474-ac02-4100-9f9d-e2e944123476,47.898306500000004,-123.6462125
2019-05-12 14:29:02,-9.215566008954816,3a863474-ac02-4100-9f9d-e2e944123476,47.898306500000004,-123.6462125
2019-05-16 02:01:39,-27.926335782157686,3a863474-ac02-4100-9f9d-e2e944123476,47.898306500000004,-123.6462125
2019-05-19 14:20:37,-24.74963114624655,3a863474-ac02-4100-9f9d-e2e944123476,47.898306500000004,-123.6462125
2019-05-21 02:09:41,-22.837759424090613,3a863474-ac02-4100-9f9d-e2e944123476,47.898306500000004,-123.6462125
2019-05-24 14:29:03,-10.33527292286485,3a863474-ac02-4100-9f9d-e2e944123476,47.898306500000004,-123.6462125
2019-05-28 02:01:40,-25.043194075179642,3a863474-ac02-4100-9f9d-e2e944123476,47.898306500000004,-123.6462125
2019-05-31 14:20:38,-21.264965555878803,3a863474-ac02-4100-9f9d-e2e944123476,47.898306500000004,-123.6462125
2019-06-02 02:09:42,-23.46119097105615,3a863474-ac02-4100-9f9d-e2e944123476,47.898306500000004,-123.6462125
2019-06-05 14:29:03,-12.038841219989278,3a863474-ac02-4100-9f9d-e2e944123476,47.898306500000004,-123.6462125
2019-06-09 02:01:41,-19.540230130760744,3a863474-ac02-4100-9f9d-e2e944123476,47.898306500000004,-123.6462125
2019-06-12 14:20:38,-15.755270764480171,3a863474-ac02-4100-9f9d-e2e944123476,47.898306500000004,-123.6462125
2019-06-14 02:09:43,-23.82817819720087,3a863474-ac02-4100-9f9d-e2e944123476,47.898306500000004,-123.6462125
2019-06-17 14:29:04,-3.4502072616385093,3a863474-ac02-4100-9f9d-e2e944123476,47.898306500000004,-123.6462125
2019-06-21 02:01:41,-28.363373718838837,3a863474-ac02-4100-9f9d-e2e944123476,47.898306500000004,-123.6462125
2019-06-24 14:20:39,-15.628205257342454,3a863474-ac02-4100-9f9d-e2e944123476,47.898306500000004,-123.6462125
2019-06-26 02:09:43,-22.98027335459685,3a863474-ac02-4100-9f9d-e2e944123476,47.898306500000004,-123.6462125
2019-06-29 14:29:05,-11.422922480096142,3a863474-ac02-4100-9f9d-e2e944123476,47.898306500000004,-123.6462125
2019-07-03 02:01:42,-22.65638573325326,3a863474-ac02-4100-9f9d-e2e944123476,47.898306500000004,-123.6462125
2019-07-06 14:20:40,-12.666942573345725,3a863474-ac02-4100-9f9d-e2e944123476,47.898306500000004,-123.6462125
2019-07-08 02:09:44,-20.32938971648938,3a863474-ac02-4100-9f9d-e2e944123476,47.898306500000004,-123.6462125
2019-07-11 14:29:05,-5.675223943466134,3a863474-ac02-4100-9f9d-e2e944123476,47.898306500000004,-123.6462125
2019-07-15 02:01:43,-24.719292721304424,3a863474-ac02-4100-9f9d-e2e944123476,47.898306500000004,-123.6462125
2019-07-18 14:20:41,-9.177757411269333,3a863474-ac02-4100-9f9d-e2e944123476,47.898306500000004,-123.6462125
2019-07-20 02:09:45,-21.090296253338046,3a863474-ac02-4100-9f9d-e2e944123476,47.898306500000004,-123.6462125
2019-07-23 14:29:06,-1.4060961747683254,3a863474-ac02-4100-9f9d-e2e944123476,47.898306500000004,-123.6462125
2019-07-27 02:01:43,-24.99628459095484,3a863474-ac02-4100-9f9d-e2e944123476,47.898306500000004,-123.6462125
2019-07-30 14:20:41,-14.209011468601954,3a863474-ac02-4100-9f9d-e2e944123476,47.898306500000004,-123.6462125
2019-08-01 02:09:45,-25.165486567353025,3a863474-ac02-4100-9f9d-e2e944123476,47.898306500000004,-123.6462125
2019-08-04 14:29:07,-1.5197053440989972,3a863474-ac02-4100-9f9d-e2e944123476,47.898306500000004,-123.6462125
2019-08-08 02:01:44,-20.225245584497955,3a863474-ac02-4100-9f9d-e2e944123476,47.898306500000004,-123.6462125
2019-08-11 14:20:42,-3.66607516147982,3a863474-ac02-4100-9f9d-e2e944123476,47.898306500000004,-123.6462125
2019-08-13 02:09:46,-20.44121509354946,3a863474-ac02-4100-9f9d-e2e944123476,47.898306500000004,-123.6462125
2019-08-16 14:29:08,-0.2177442084214935,3a863474-ac02-4100-9f9d-e2e944123476,47.898306500000004,-123.6462125
2019-08-20 02:01:45,-20.82017061777032,3a863474-ac02-4100-9f9d-e2e944123476,47.898306500000004,-123.6462125
2019-08-23 14:20:43,-10.384345100018074,3a863474-ac02-4100-9f9d-e2e944123476,47.898306500000004,-123.6462125
2019-08-25 02:09:47,-19.052278168111755,3a863474-ac02-4100-9f9d-e2e944123476,47.898306500000004,-123.6462125
2019-08-28 14:29:08,-0.1151152753384424,3a863474-ac02-4100-9f9d-e2e944123476,47.898306500000004,-123.6462125
2019-09-01 02:01:45,-19.829319310853094,3a863474-ac02-4100-9f9d-e2e944123476,47.898306500000004,-123.6462125
2019-09-04 14:20:43,-9.178209686113451,3a863474-ac02-4100-9f9d-e2e944123476,47.898306500000004,-123.6462125
2019-09-09 14:29:09,1.36189449422113,3a863474-ac02-4100-9f9d-e2e944123476,47.898306500000004,-123.6462125
2019-09-13 02:01:46,-16.151312875879253,3a863474-ac02-4100-9f9d-e2e944123476,47.898306500000004,-123.6462125
2019-09-16 14:20:44,-7.231065768193322,3a863474-ac02-4100-9f9d-e2e944123476,47.898306500000004,-123.6462125
2019-09-21 14:29:09,-0.7678358337300677,3a863474-ac02-4100-9f9d-e2e944123476,47.898306500000004,-123.6462125
2019-09-25 02:01:47,-14.284486686571134,3a863474-ac02-4100-9f9d-e2e944123476,47.898306500000004,-123.6462125
2019-09-28 14:20:45,-9.854241402427261,3a863474-ac02-4100-9f9d-e2e944123476,47.898306500000004,-123.6462125
2019-09-30 02:09:49,-12.422060301273072,3a863474-ac02-4100-9f9d-e2e944123476,47.898306500000004,-123.6462125
2019-10-03 14:29:10,-9.689885682449443,3a863474-ac02-4100-9f9d-e2e944123476,47.898306500000004,-123.6462125
2019-10-07 02:01:47,-12.907958624781529,3a863474-ac02-4100-9f9d-e2e944123476,47.898306500000004,-123.6462125
2019-10-10 14:20:44,-4.787346268238863,3a863474-ac02-4100-9f9d-e2e944123476,47.898306500000004,-123.6462125
2019-10-12 02:09:48,-12.463858218552604,3a863474-ac02-4100-9f9d-e2e944123476,47.898306500000004,-123.6462125
2019-10-15 14:29:10,-4.2382192220403,3a863474-ac02-4100-9f9d-e2e944123476,47.898306500000004,-123.6462125
2019-10-19 02:01:47,-15.243655608297718,3a863474-ac02-4100-9f9d-e2e944123476,47.898306500000004,-123.6462125
2019-10-22 14:20:45,-4.708119653746705,3a863474-ac02-4100-9f9d-e2e944123476,47.898306500000004,-123.6462125
2019-10-24 02:09:49,-14.212873636894209,3a863474-ac02-4100-9f9d-e2e944123476,47.898306500000004,-123.6462125
2019-10-27 14:29:10,-0.5226976535537183,3a863474-ac02-4100-9f9d-e2e944123476,47.898306500000004,-123.6462125
2019-10-31 02:01:47,-11.029726939345512,3a863474-ac02-4100-9f9d-e2e944123476,47.898306500000004,-123.6462125
2019-11-03 14:20:44,-4.81494212819334,3a863474-ac02-4100-9f9d-e2e944123476,47.898306500000004,-123.6462125
2019-11-05 02:09:48,-10.75598317983625,3a863474-ac02-4100-9f9d-e2e944123476,47.898306500000004,-123.6462125
2019-11-08 14:29:10,-1.1306616957573252,3a863474-ac02-4100-9f9d-e2e944123476,47.898306500000004,-123.6462125
2019-11-12 02:01:47,-15.954028555121273,3a863474-ac02-4100-9f9d-e2e944123476,47.898306500000004,-123.6462125
2019-11-15 14:20:44,-4.891152377264454,3a863474-ac02-4100-9f9d-e2e944123476,47.898306500000004,-123.6462125
2019-11-20 14:29:10,-3.197398814819855,3a863474-ac02-4100-9f9d-e2e944123476,47.898306500000004,-123.6462125
2019-11-24 02:01:47,-16.331318759233863,3a863474-ac02-4100-9f9d-e2e944123476,47.898306500000004,-123.6462125
2019-11-29 02:09:48,-10.82029883467133,3a863474-ac02-4100-9f9d-e2e944123476,47.898306500000004,-123.6462125
2019-12-02 14:29:09,-3.9039995644729504,3a863474-ac02-4100-9f9d-e2e944123476,47.898306500000004,-123.6462125
2019-12-06 02:01:46,-14.12806190376367,3a863474-ac02-4100-9f9d-e2e944123476,47.898306500000004,-123.6462125
2019-12-09 14:20:44,-3.391907750071297,3a863474-ac02-4100-9f9d-e2e944123476,47.898306500000004,-123.6462125
2019-12-11 02:09:48,-14.246221028480095,3a863474-ac02-4100-9f9d-e2e944123476,47.898306500000004,-123.6462125
2019-12-14 14:29:09,-1.554068955035493,3a863474-ac02-4100-9f9d-e2e944123476,47.898306500000004,-123.6462125
2019-12-18 02:01:46,-9.427573714341593,3a863474-ac02-4100-9f9d-e2e944123476,47.898306500000004,-123.6462125
2019-12-21 14:20:43,-5.532025030061663,3a863474-ac02-4100-9f9d-e2e944123476,47.898306500000004,-123.6462125
2019-12-26 14:29:08,0.038814108624888946,3a863474-ac02-4100-9f9d-e2e944123476,47.898306500000004,-123.6462125
2019-12-30 02:01:45,-15.091406337344194,3a863474-ac02-4100-9f9d-e2e944123476,47.898306500000004,-123.6462125
2020-01-02 14:20:43,-9.871331828608978,3a863474-ac02-4100-9f9d-e2e944123476,47.898306500000004,-123.6462125
2020-01-07 14:29:08,-15.348851119239681,3a863474-ac02-4100-9f9d-e2e944123476,47.898306500000004,-123.6462125
2020-01-11 02:01:45,-20.63672397713859,3a863474-ac02-4100-9f9d-e2e944123476,47.898306500000004,-123.6462125
2020-01-14 14:20:42,-6.974346355507871,3a863474-ac02-4100-9f9d-e2e944123476,47.898306500000004,-123.6462125
2020-01-19 14:29:07,-2.375189148299535,3a863474-ac02-4100-9f9d-e2e944123476,47.898306500000004,-123.6462125
2020-01-23 02:01:44,-23.54020467718522,3a863474-ac02-4100-9f9d-e2e944123476,47.898306500000004,-123.6462125
2020-01-26 14:20:42,-13.5168692048851,3a863474-ac02-4100-9f9d-e2e944123476,47.898306500000004,-123.6462125
2020-01-28 02:09:46,-20.139802137273094,3a863474-ac02-4100-9f9d-e2e944123476,47.898306500000004,-123.6462125
2020-01-31 14:29:07,-6.396554399443099,3a863474-ac02-4100-9f9d-e2e944123476,47.898306500000004,-123.6462125
2020-02-04 02:01:44,-20.13319830853277,3a863474-ac02-4100-9f9d-e2e944123476,47.898306500000004,-123.6462125
2020-02-07 14:20:41,-16.37402934445069,3a863474-ac02-4100-9f9d-e2e944123476,47.898306500000004,-123.6462125
2020-02-12 14:29:06,-12.132225368857805,3a863474-ac02-4100-9f9d-e2e944123476,47.898306500000004,-123.6462125
2020-02-16 02:01:43,-17.90659729642094,3a863474-ac02-4100-9f9d-e2e944123476,47.898306500000004,-123.6462125
2020-02-19 14:20:41,-10.982425227187576,3a863474-ac02-4100-9f9d-e2e944123476,47.898306500000004,-123.6462125
2020-02-24 14:29:06,-2.909281519040687,3a863474-ac02-4100-9f9d-e2e944123476,47.898306500000004,-123.6462125
2020-02-28 02:01:43,-19.14456876972129,3a863474-ac02-4100-9f9d-e2e944123476,47.898306500000004,-123.6462125
2020-03-02 14:20:41,-10.39023725586035,3a863474-ac02-4100-9f9d-e2e944123476,47.898306500000004,-123.6462125
2020-03-04 02:09:45,-20.859040548468993,3a863474-ac02-4100-9f9d-e2e944123476,47.898306500000004,-123.6462125
2020-03-07 14:29:06,-2.089032398978307,3a863474-ac02-4100-9f9d-e2e944123476,47.898306500000004,-123.6462125
2020-03-11 02:01:43,-17.44462982040394,3a863474-ac02-4100-9f9d-e2e944123476,47.898306500000004,-123.6462125
2020-03-14 14:20:41,-10.703602195979283,3a863474-ac02-4100-9f9d-e2e944123476,47.898306500000004,-123.6462125
2020-03-19 14:29:06,-3.535044080566566,3a863474-ac02-4100-9f9d-e2e944123476,47.898306500000004,-123.6462125
2020-03-23 02:01:44,-17.012952464410134,3a863474-ac02-4100-9f9d-e2e944123476,47.898306500000004,-123.6462125
2020-03-26 14:20:41,-10.726974471522325,3a863474-ac02-4100-9f9d-e2e944123476,47.898306500000004,-123.6462125
2020-03-28 02:09:45,-17.4806834031086,3a863474-ac02-4100-9f9d-e2e944123476,47.898306500000004,-123.6462125
2020-03-31 14:29:07,-5.908267969251767,3a863474-ac02-4100-9f9d-e2e944123476,47.898306500000004,-123.6462125
2020-04-04 02:01:44,-14.500849330989215,3a863474-ac02-4100-9f9d-e2e944123476,47.898306500000004,-123.6462125
2020-04-07 14:20:42,-12.771141875434441,3a863474-ac02-4100-9f9d-e2e944123476,47.898306500000004,-123.6462125
2020-04-09 02:09:46,-18.553513437359257,3a863474-ac02-4100-9f9d-e2e944123476,47.898306500000004,-123.6462125
2020-04-12 14:29:07,-9.447615716832374,3a863474-ac02-4100-9f9d-e2e944123476,47.898306500000004,-123.6462125
2020-04-16 02:01:44,-19.932549648291552,3a863474-ac02-4100-9f9d-e2e944123476,47.898306500000004,-123.6462125
2020-04-19 14:20:42,-12.177481451586088,3a863474-ac02-4100-9f9d-e2e944123476,47.898306500000004,-123.6462125
2020-04-21 02:09:46,-21.35343354199528,3a863474-ac02-4100-9f9d-e2e944123476,47.898306500000004,-123.6462125
2020-04-24 14:29:07,-9.049129440117127,3a863474-ac02-4100-9f9d-e2e944123476,47.898306500000004,-123.6462125
2020-04-28 02:01:45,-18.70391122652413,3a863474-ac02-4100-9f9d-e2e944123476,47.898306500000004,-123.6462125
2020-05-01 14:20:43,-16.029857146325163,3a863474-ac02-4100-9f9d-e2e944123476,47.898306500000004,-123.6462125
2020-05-03 02:09:47,-21.676992913768114,3a863474-ac02-4100-9f9d-e2e944123476,47.898306500000004,-123.6462125
2020-05-06 14:29:08,-8.52440196301786,3a863474-ac02-4100-9f9d-e2e944123476,47.898306500000004,-123.6462125
2020-05-10 02:01:45,-20.527300848920376,3a863474-ac02-4100-9f9d-e2e944123476,47.898306500000004,-123.6462125
2020-05-13 14:20:43,-18.01046493408365,3a863474-ac02-4100-9f9d-e2e944123476,47.898306500000004,-123.6462125
2020-05-15 02:09:47,-19.773321408222508,3a863474-ac02-4100-9f9d-e2e944123476,47.898306500000004,-123.6462125
2020-05-18 14:29:09,-15.633458066571395,3a863474-ac02-4100-9f9d-e2e944123476,47.898306500000004,-123.6462125
2020-05-22 02:01:46,-22.97587383549952,3a863474-ac02-4100-9f9d-e2e944123476,47.898306500000004,-123.6462125
2020-05-25 14:20:44,-17.69344071618798,3a863474-ac02-4100-9f9d-e2e944123476,47.898306500000004,-123.6462125
2020-05-27 02:09:48,-22.514893643315858,3a863474-ac02-4100-9f9d-e2e944123476,47.898306500000004,-123.6462125
2020-06-03 02:01:47,-24.375430142363324,3a863474-ac02-4100-9f9d-e2e944123476,47.898306500000004,-123.6462125
2020-06-06 14:20:45,-17.287941368545923,3a863474-ac02-4100-9f9d-e2e944123476,47.898306500000004,-123.6462125
2020-06-08 02:09:49,-18.22422368569294,3a863474-ac02-4100-9f9d-e2e944123476,47.898306500000004,-123.6462125
2020-06-11 14:29:10,-9.148649620719977,3a863474-ac02-4100-9f9d-e2e944123476,47.898306500000004,-123.6462125
2020-06-15 02:01:48,-21.31203164532082,3a863474-ac02-4100-9f9d-e2e944123476,47.898306500000004,-123.6462125
2020-06-18 14:20:45,-22.57309171200622,3a863474-ac02-4100-9f9d-e2e944123476,47.898306500000004,-123.6462125
2020-06-20 02:09:49,-23.715352508569644,3a863474-ac02-4100-9f9d-e2e944123476,47.898306500000004,-123.6462125
2020-06-23 14:29:11,-9.90164797921518,3a863474-ac02-4100-9f9d-e2e944123476,47.898306500000004,-123.6462125
2020-06-27 02:01:48,-18.734207680781893,3a863474-ac02-4100-9f9d-e2e944123476,47.898306500000004,-123.6462125
2020-06-30 14:20:46,-11.945717025046394,3a863474-ac02-4100-9f9d-e2e944123476,47.898306500000004,-123.6462125
2020-07-02 02:09:50,-22.814216940507627,3a863474-ac02-4100-9f9d-e2e944123476,47.898306500000004,-123.6462125
2020-07-05 14:29:11,-4.205965198389929,3a863474-ac02-4100-9f9d-e2e944123476,47.898306500000004,-123.6462125
2020-07-09 02:01:49,-22.889978504200037,3a863474-ac02-4100-9f9d-e2e944123476,47.898306500000004,-123.6462125
2020-07-12 14:20:47,-12.474589463289128,3a863474-ac02-4100-9f9d-e2e944123476,47.898306500000004,-123.6462125
2020-07-17 14:29:12,-2.5020929603562867,3a863474-ac02-4100-9f9d-e2e944123476,47.898306500000004,-123.6462125
2020-07-21 02:01:50,-24.858541511771065,3a863474-ac02-4100-9f9d-e2e944123476,47.898306500000004,-123.6462125
2020-07-24 14:20:47,-9.725709803629636,3a863474-ac02-4100-9f9d-e2e944123476,47.898306500000004,-123.6462125
2020-07-26 02:09:52,-21.23427808237942,3a863474-ac02-4100-9f9d-e2e944123476,47.898306500000004,-123.6462125
2020-07-29 14:29:13,-0.821678319267311,3a863474-ac02-4100-9f9d-e2e944123476,47.898306500000004,-123.6462125
2020-08-02 02:01:50,-21.315849051004378,3a863474-ac02-4100-9f9d-e2e944123476,47.898306500000004,-123.6462125
2020-08-05 14:20:48,-11.57847195376114,3a863474-ac02-4100-9f9d-e2e944123476,47.898306500000004,-123.6462125
2020-08-07 02:09:52,-20.550986330353776,3a863474-ac02-4100-9f9d-e2e944123476,47.898306500000004,-123.6462125
2020-08-10 14:29:14,-4.886060318683535,3a863474-ac02-4100-9f9d-e2e944123476,47.898306500000004,-123.6462125
2020-08-14 02:01:51,-24.2768754256929,3a863474-ac02-4100-9f9d-e2e944123476,47.898306500000004,-123.6462125
2020-08-17 14:20:49,-5.402808925822415,3a863474-ac02-4100-9f9d-e2e944123476,47.898306500000004,-123.6462125
2020-08-19 02:09:53,-23.16431614498793,3a863474-ac02-4100-9f9d-e2e944123476,47.898306500000004,-123.6462125
2020-08-22 14:29:14,-5.980799379244747,3a863474-ac02-4100-9f9d-e2e944123476,47.898306500000004,-123.6462125
2020-08-26 02:01:52,-20.67016744274006,3a863474-ac02-4100-9f9d-e2e944123476,47.898306500000004,-123.6462125
2020-08-29 14:20:50,-10.53439920252503,3a863474-ac02-4100-9f9d-e2e944123476,47.898306500000004,-123.6462125
2020-08-31 02:09:54,-23.45745497472922,3a863474-ac02-4100-9f9d-e2e944123476,47.898306500000004,-123.6462125
2020-09-03 14:29:15,-5.27125306429948,3a863474-ac02-4100-9f9d-e2e944123476,47.898306500000004,-123.6462125
2020-09-07 02:01:52,-22.848776165619814,3a863474-ac02-4100-9f9d-e2e944123476,47.898306500000004,-123.6462125
2020-09-10 14:20:50,-7.634342541295003,3a863474-ac02-4100-9f9d-e2e944123476,47.898306500000004,-123.6462125
2020-09-12 02:09:54,-20.884847635772786,3a863474-ac02-4100-9f9d-e2e944123476,47.898306500000004,-123.6462125
2020-09-15 14:29:15,3.717512677976269,3a863474-ac02-4100-9f9d-e2e944123476,47.898306500000004,-123.6462125
2020-09-19 02:01:53,-15.759412548943308,3a863474-ac02-4100-9f9d-e2e944123476,47.898306500000004,-123.6462125
2020-09-22 14:20:50,-7.086200263473464,3a863474-ac02-4100-9f9d-e2e944123476,47.898306500000004,-123.6462125
2020-09-24 02:09:55,-13.426950769093347,3a863474-ac02-4100-9f9d-e2e944123476,47.898306500000004,-123.6462125
2020-09-27 14:29:16,0.12620872699304106,3a863474-ac02-4100-9f9d-e2e944123476,47.898306500000004,-123.6462125
2020-10-01 02:01:53,-16.78803408547057,3a863474-ac02-4100-9f9d-e2e944123476,47.898306500000004,-123.6462125
2020-10-04 14:20:51,-9.415354278426019,3a863474-ac02-4100-9f9d-e2e944123476,47.898306500000004,-123.6462125
2020-10-06 02:09:55,-15.330604571096496,3a863474-ac02-4100-9f9d-e2e944123476,47.898306500000004,-123.6462125
2020-10-09 14:29:16,1.1579901915624733,3a863474-ac02-4100-9f9d-e2e944123476,47.898306500000004,-123.6462125
2020-10-13 02:01:53,-14.854328734307401,3a863474-ac02-4100-9f9d-e2e944123476,47.898306500000004,-123.6462125
2020-10-16 14:20:51,-9.842958997681384,3a863474-ac02-4100-9f9d-e2e944123476,47.898306500000004,-123.6462125
2020-10-18 02:09:55,-17.90037144232096,3a863474-ac02-4100-9f9d-e2e944123476,47.898306500000004,-123.6462125
2020-10-21 14:29:16,-5.792823970696209,3a863474-ac02-4100-9f9d-e2e944123476,47.898306500000004,-123.6462125
2020-10-25 02:01:53,-13.564366980989428,3a863474-ac02-4100-9f9d-e2e944123476,47.898306500000004,-123.6462125
2020-10-28 14:20:51,-4.169870113068667,3a863474-ac02-4100-9f9d-e2e944123476,47.898306500000004,-123.6462125
2020-10-30 02:09:55,-13.561125196035036,3a863474-ac02-4100-9f9d-e2e944123476,47.898306500000004,-123.6462125
2020-11-02 14:29:16,-1.3504692926373598,3a863474-ac02-4100-9f9d-e2e944123476,47.898306500000004,-123.6462125
2020-11-06 02:01:53,-13.268425046443813,3a863474-ac02-4100-9f9d-e2e944123476,47.898306500000004,-123.6462125
2020-11-09 14:20:51,-4.412437498445353,3a863474-ac02-4100-9f9d-e2e944123476,47.898306500000004,-123.6462125
2020-11-11 02:09:55,-13.029396151736062,3a863474-ac02-4100-9f9d-e2e944123476,47.898306500000004,-123.6462125
2020-11-14 14:29:16,-6.120639293706071,3a863474-ac02-4100-9f9d-e2e944123476,47.898306500000004,-123.6462125
2020-11-18 02:01:53,-21.631935857583024,3a863474-ac02-4100-9f9d-e2e944123476,47.898306500000004,-123.6462125
2020-11-21 14:20:51,-9.80351502459348,3a863474-ac02-4100-9f9d-e2e944123476,47.898306500000004,-123.6462125
2020-11-23 02:09:54,-15.478764234301337,3a863474-ac02-4100-9f9d-e2e944123476,47.898306500000004,-123.6462125
2020-11-26 14:29:15,-4.303075611415611,3a863474-ac02-4100-9f9d-e2e944123476,47.898306500000004,-123.6462125
2020-11-30 02:01:53,-10.212368590514373,3a863474-ac02-4100-9f9d-e2e944123476,47.898306500000004,-123.6462125
2020-12-03 14:20:50,-9.77295733400592,3a863474-ac02-4100-9f9d-e2e944123476,47.898306500000004,-123.6462125
2020-12-05 02:09:54,-11.78769404368964,3a863474-ac02-4100-9f9d-e2e944123476,47.898306500000004,-123.6462125
2020-12-08 14:29:15,0.3709570986265325,3a863474-ac02-4100-9f9d-e2e944123476,47.898306500000004,-123.6462125
2020-12-12 02:01:52,-15.220838937478087,3a863474-ac02-4100-9f9d-e2e944123476,47.898306500000004,-123.6462125
2020-12-17 02:09:53,-16.880043467560338,3a863474-ac02-4100-9f9d-e2e944123476,47.898306500000004,-123.6462125
2020-12-20 14:29:14,-7.988558819724862,3a863474-ac02-4100-9f9d-e2e944123476,47.898306500000004,-123.6462125
2020-12-24 02:01:51,-16.193189404120083,3a863474-ac02-4100-9f9d-e2e944123476,47.898306500000004,-123.6462125
2020-12-27 14:20:49,-7.215187353206488,3a863474-ac02-4100-9f9d-e2e944123476,47.898306500000004,-123.6462125
2020-12-29 02:09:53,-18.437368278543055,3a863474-ac02-4100-9f9d-e2e944123476,47.898306500000004,-123.6462125
2021-01-01 14:29:14,-3.9434181810670133,3a863474-ac02-4100-9f9d-e2e944123476,47.898306500000004,-123.6462125
2021-01-05 02:01:51,-16.51890280951442,3a863474-ac02-4100-9f9d-e2e944123476,47.898306500000004,-123.6462125
2021-01-08 14:20:48,-11.482903711008772,3a863474-ac02-4100-9f9d-e2e944123476,47.898306500000004,-123.6462125
2021-01-10 02:09:52,-13.809335428266438,3a863474-ac02-4100-9f9d-e2e944123476,47.898306500000004,-123.6462125
2021-01-13 14:29:13,-1.0235651369863399,3a863474-ac02-4100-9f9d-e2e944123476,47.898306500000004,-123.6462125
2021-01-17 02:01:50,-20.561313147783437,3a863474-ac02-4100-9f9d-e2e944123476,47.898306500000004,-123.6462125
2021-01-20 14:20:48,-7.523135091103347,3a863474-ac02-4100-9f9d-e2e944123476,47.898306500000004,-123.6462125
2021-01-22 02:09:52,-17.818649543376058,3a863474-ac02-4100-9f9d-e2e944123476,47.898306500000004,-123.6462125
2021-01-25 14:29:13,-1.5630313999979497,3a863474-ac02-4100-9f9d-e2e944123476,47.898306500000004,-123.6462125
2021-01-29 02:01:50,-17.63803973605554,3a863474-ac02-4100-9f9d-e2e944123476,47.898306500000004,-123.6462125
2021-02-01 14:20:47,-10.37687360898339,3a863474-ac02-4100-9f9d-e2e944123476,47.898306500000004,-123.6462125
2021-02-03 02:09:51,-17.47518770132149,3a863474-ac02-4100-9f9d-e2e944123476,47.898306500000004,-123.6462125
2021-02-06 14:29:12,-1.56597289889586,3a863474-ac02-4100-9f9d-e2e944123476,47.898306500000004,-123.6462125
2021-02-10 02:01:50,-17.072245749894858,3a863474-ac02-4100-9f9d-e2e944123476,47.898306500000004,-123.6462125
2021-02-13 14:20:47,-8.535382079854827,3a863474-ac02-4100-9f9d-e2e944123476,47.898306500000004,-123.6462125
2021-02-15 02:09:51,-17.413733015266278,3a863474-ac02-4100-9f9d-e2e944123476,47.898306500000004,-123.6462125
2021-02-18 14:29:12,-0.14446841602130345,3a863474-ac02-4100-9f9d-e2e944123476,47.898306500000004,-123.6462125
2021-02-22 02:01:49,-19.33459056639425,3a863474-ac02-4100-9f9d-e2e944123476,47.898306500000004,-123.6462125
2021-02-25 14:20:47,-7.53778402613007,3a863474-ac02-4100-9f9d-e2e944123476,47.898306500000004,-123.6462125
2021-03-02 14:29:12,-1.6131109566207982,3a863474-ac02-4100-9f9d-e2e944123476,47.898306500000004,-123.6462125
2021-03-06 02:01:49,-13.594380354619439,3a863474-ac02-4100-9f9d-e2e944123476,47.898306500000004,-123.6462125
2021-03-09 14:20:47,-5.8128266678917475,3a863474-ac02-4100-9f9d-e2e944123476,47.898306500000004,-123.6462125
2021-03-11 02:09:51,-14.909011364769858,3a863474-ac02-4100-9f9d-e2e944123476,47.898306500000004,-123.6462125
2021-03-14 14:29:12,-3.3239643025550714,3a863474-ac02-4100-9f9d-e2e944123476,47.898306500000004,-123.6462125
2021-03-18 02:01:49,-17.12008115420266,3a863474-ac02-4100-9f9d-e2e944123476,47.898306500000004,-123.6462125
2021-03-21 14:20:47,-5.961201543143746,3a863474-ac02-4100-9f9d-e2e944123476,47.898306500000004,-123.6462125
2021-03-26 14:29:12,0.7374266368931774,3a863474-ac02-4100-9f9d-e2e944123476,47.898306500000004,-123.6462125
2021-03-30 02:01:49,-12.446461757082021,3a863474-ac02-4100-9f9d-e2e944123476,47.898306500000004,-123.6462125
2021-04-02 14:20:47,-8.573776556606763,3a863474-ac02-4100-9f9d-e2e944123476,47.898306500000004,-123.6462125
2021-04-07 14:29:13,-1.0202896205420031,3a863474-ac02-4100-9f9d-e2e944123476,47.898306500000004,-123.6462125
2021-04-11 02:01:50,-10.841515602276724,3a863474-ac02-4100-9f9d-e2e944123476,47.898306500000004,-123.6462125
2021-04-14 14:20:48,-9.042694395969315,3a863474-ac02-4100-9f9d-e2e944123476,47.898306500000004,-123.6462125
2021-04-19 14:29:13,-9.224874578312859,3a863474-ac02-4100-9f9d-e2e944123476,47.898306500000004,-123.6462125
2021-04-23 02:01:51,-20.446789642706893,3a863474-ac02-4100-9f9d-e2e944123476,47.898306500000004,-123.6462125
2021-04-26 14:20:48,-18.870636043539474,3a863474-ac02-4100-9f9d-e2e944123476,47.898306500000004,-123.6462125
2021-05-01 14:29:14,-16.547363827916026,3a863474-ac02-4100-9f9d-e2e944123476,47.898306500000004,-123.6462125
2021-05-05 02:01:51,-24.34501083239407,3a863474-ac02-4100-9f9d-e2e944123476,47.898306500000004,-123.6462125
2021-05-08 14:20:49,-22.564845744852335,3a863474-ac02-4100-9f9d-e2e944123476,47.898306500000004,-123.6462125
2021-05-13 14:29:14,-18.068523645329382,3a863474-ac02-4100-9f9d-e2e944123476,47.898306500000004,-123.6462125
2021-05-17 02:01:52,-21.75237608423116,3a863474-ac02-4100-9f9d-e2e944123476,47.898306500000004,-123.6462125
2021-05-20 14:20:49,-21.807247842621894,3a863474-ac02-4100-9f9d-e2e944123476,47.898306500000004,-123.6462125
2021-05-22 02:09:54,-25.322605045988528,3a863474-ac02-4100-9f9d-e2e944123476,47.898306500000004,-123.6462125
2021-05-25 14:29:15,-15.559559418326474,3a863474-ac02-4100-9f9d-e2e944123476,47.898306500000004,-123.6462125
2021-05-29 02:01:52,-19.443758215468886,3a863474-ac02-4100-9f9d-e2e944123476,47.898306500000004,-123.6462125
2021-06-01 14:20:50,-18.5674294584174,3a863474-ac02-4100-9f9d-e2e944123476,47.898306500000004,-123.6462125
2021-06-06 14:29:16,-20.274844068178233,3a863474-ac02-4100-9f9d-e2e944123476,47.898306500000004,-123.6462125
2021-06-10 02:01:53,-23.348318540672924,3a863474-ac02-4100-9f9d-e2e944123476,47.898306500000004,-123.6462125
2021-06-13 14:20:51,-21.951788671791416,3a863474-ac02-4100-9f9d-e2e944123476,47.898306500000004,-123.6462125
2021-06-18 14:29:16,-17.090682862046883,3a863474-ac02-4100-9f9d-e2e944123476,47.898306500000004,-123.6462125
2021-06-22 02:01:54,-23.017199287991534,3a863474-ac02-4100-9f9d-e2e944123476,47.898306500000004,-123.6462125
2021-06-25 14:20:52,-9.97691964166159,3a863474-ac02-4100-9f9d-e2e944123476,47.898306500000004,-123.6462125
2021-07-07 14:20:52,-5.725670413307775,3a863474-ac02-4100-9f9d-e2e944123476,47.898306500000004,-123.6462125
2021-07-12 14:29:18,-0.5726815750437584,3a863474-ac02-4100-9f9d-e2e944123476,47.898306500000004,-123.6462125
2021-07-16 02:01:55,-20.693483646988554,3a863474-ac02-4100-9f9d-e2e944123476,47.898306500000004,-123.6462125
2021-07-19 14:20:53,-7.990490534640407,3a863474-ac02-4100-9f9d-e2e944123476,47.898306500000004,-123.6462125
2021-07-24 14:29:19,-1.3483318061137786,3a863474-ac02-4100-9f9d-e2e944123476,47.898306500000004,-123.6462125
2021-07-28 02:01:56,-18.73585068025316,3a863474-ac02-4100-9f9d-e2e944123476,47.898306500000004,-123.6462125
2021-08-05 14:29:19,-8.074188400767605,3a863474-ac02-4100-9f9d-e2e944123476,47.898306500000004,-123.6462125
2021-08-09 02:01:57,-20.88356897125976,3a863474-ac02-4100-9f9d-e2e944123476,47.898306500000004,-123.6462125
2021-08-12 14:20:54,-6.787496876836712,3a863474-ac02-4100-9f9d-e2e944123476,47.898306500000004,-123.6462125
2021-08-17 14:29:20,0.5435003046299286,3a863474-ac02-4100-9f9d-e2e944123476,47.898306500000004,-123.6462125
2021-08-21 02:01:57,-13.855152152993083,3a863474-ac02-4100-9f9d-e2e944123476,47.898306500000004,-123.6462125
2021-08-29 14:29:20,-2.138186204151225,3a863474-ac02-4100-9f9d-e2e944123476,47.898306500000004,-123.6462125
2021-09-02 02:01:58,-20.51503425487997,3a863474-ac02-4100-9f9d-e2e944123476,47.898306500000004,-123.6462125
2021-09-05 14:20:56,-4.5388717034098915,3a863474-ac02-4100-9f9d-e2e944123476,47.898306500000004,-123.6462125
2021-09-10 14:29:21,-3.6830747929609284,3a863474-ac02-4100-9f9d-e2e944123476,47.898306500000004,-123.6462125
2021-09-14 02:01:58,-18.874848512151505,3a863474-ac02-4100-9f9d-e2e944123476,47.898306500000004,-123.6462125
2021-09-17 14:20:56,-2.646840801968722,3a863474-ac02-4100-9f9d-e2e944123476,47.898306500000004,-123.6462125
2021-09-22 14:29:21,5.597009855767055,3a863474-ac02-4100-9f9d-e2e944123476,47.898306500000004,-123.6462125
2021-09-26 02:01:59,-12.834113408618983,3a863474-ac02-4100-9f9d-e2e944123476,47.898306500000004,-123.6462125
2021-09-29 14:20:56,-7.02282118205996,3a863474-ac02-4100-9f9d-e2e944123476,47.898306500000004,-123.6462125
2021-10-01 02:10:00,-7.005046474658453,3a863474-ac02-4100-9f9d-e2e944123476,47.898306500000004,-123.6462125
2021-10-04 14:29:22,-4.221104128855083,3a863474-ac02-4100-9f9d-e2e944123476,47.898306500000004,-123.6462125
2021-10-08 02:01:59,-13.30759127842133,3a863474-ac02-4100-9f9d-e2e944123476,47.898306500000004,-123.6462125
2021-10-11 14:20:57,-9.553442957133404,3a863474-ac02-4100-9f9d-e2e944123476,47.898306500000004,-123.6462125
2021-10-13 02:10:01,-16.28930091090179,3a863474-ac02-4100-9f9d-e2e944123476,47.898306500000004,-123.6462125
2021-10-16 14:29:22,1.2458596176516274,3a863474-ac02-4100-9f9d-e2e944123476,47.898306500000004,-123.6462125
2021-10-20 02:01:59,-10.205203065904294,3a863474-ac02-4100-9f9d-e2e944123476,47.898306500000004,-123.6462125
2021-10-23 14:20:57,-8.207600924940364,3a863474-ac02-4100-9f9d-e2e944123476,47.898306500000004,-123.6462125
2021-10-25 02:10:01,-16.154960154906327,3a863474-ac02-4100-9f9d-e2e944123476,47.898306500000004,-123.6462125
2021-10-28 14:29:22,4.831981894788354,3a863474-ac02-4100-9f9d-e2e944123476,47.898306500000004,-123.6462125
2021-11-01 02:01:59,-11.367554778237775,3a863474-ac02-4100-9f9d-e2e944123476,47.898306500000004,-123.6462125
2021-11-04 14:20:56,-2.1577255511985225,3a863474-ac02-4100-9f9d-e2e944123476,47.898306500000004,-123.6462125
2021-11-09 14:29:21,-6.088760122864034,3a863474-ac02-4100-9f9d-e2e944123476,47.898306500000004,-123.6462125
2021-11-13 02:01:59,-15.147205651177863,3a863474-ac02-4100-9f9d-e2e944123476,47.898306500000004,-123.6462125
2021-11-16 14:20:56,-10.580851908486949,3a863474-ac02-4100-9f9d-e2e944123476,47.898306500000004,-123.6462125
2021-11-21 14:29:21,-4.383587690349232,3a863474-ac02-4100-9f9d-e2e944123476,47.898306500000004,-123.6462125
2021-11-25 02:01:58,-16.045655179225665,3a863474-ac02-4100-9f9d-e2e944123476,47.898306500000004,-123.6462125
2021-11-28 14:20:56,-10.37386081793915,3a863474-ac02-4100-9f9d-e2e944123476,47.898306500000004,-123.6462125
2021-12-03 14:29:21,-6.1311351276795945,3a863474-ac02-4100-9f9d-e2e944123476,47.898306500000004,-123.6462125
2021-12-07 02:01:58,-18.34296541379199,3a863474-ac02-4100-9f9d-e2e944123476,47.898306500000004,-123.6462125
2021-12-10 14:20:55,-7.499006290993129,3a863474-ac02-4100-9f9d-e2e944123476,47.898306500000004,-123.6462125
2021-12-12 02:09:59,-15.445577609160848,3a863474-ac02-4100-9f9d-e2e944123476,47.898306500000004,-123.6462125
2021-12-15 14:29:20,1.624818971493639,3a863474-ac02-4100-9f9d-e2e944123476,47.898306500000004,-123.6462125
2021-12-19 02:01:57,-13.801742651800238,3a863474-ac02-4100-9f9d-e2e944123476,47.898306500000004,-123.6462125
2021-12-22 14:20:55,-7.503694293691026,3a863474-ac02-4100-9f9d-e2e944123476,47.898306500000004,-123.6462125
2016-10-15 02:09:28,-19.202969289898316,3a863474-ac02-4100-9f9d-e2e944123476,47.898306500000004,-123.6462125
2016-10-22 02:01:18,-17.762318889845577,3a863474-ac02-4100-9f9d-e2e944123476,47.898306500000004,-123.6462125
2016-11-08 02:09:28,-21.895040097616267,3a863474-ac02-4100-9f9d-e2e944123476,47.898306500000004,-123.6462125
2016-11-15 02:01:18,-19.1813388086658,3a863474-ac02-4100-9f9d-e2e944123476,47.898306500000004,-123.6462125
2017-02-22 14:20:22,-16.919409612135823,3a863474-ac02-4100-9f9d-e2e944123476,47.898306500000004,-123.6462125
2017-02-27 14:28:47,-4.2883216558996615,3a863474-ac02-4100-9f9d-e2e944123476,47.898306500000004,-123.6462125
2017-03-06 14:20:22,-13.403394898881682,3a863474-ac02-4100-9f9d-e2e944123476,47.898306500000004,-123.6462125
2017-03-11 14:28:47,-5.760122739369569,3a863474-ac02-4100-9f9d-e2e944123476,47.898306500000004,-123.6462125
2017-03-23 14:28:47,-5.6141656491158045,3a863474-ac02-4100-9f9d-e2e944123476,47.898306500000004,-123.6462125
2017-04-04 14:28:47,-6.839573751795857,3a863474-ac02-4100-9f9d-e2e944123476,47.898306500000004,-123.6462125
2017-04-16 14:28:48,-9.34386315296128,3a863474-ac02-4100-9f9d-e2e944123476,47.898306500000004,-123.6462125
2017-04-28 14:28:48,-6.8446593423272715,3a863474-ac02-4100-9f9d-e2e944123476,47.898306500000004,-123.6462125
2017-05-10 14:28:49,-11.293416450385036,3a863474-ac02-4100-9f9d-e2e944123476,47.898306500000004,-123.6462125
