date,s1_grd_vv,cell_id,latitude,longitude
2015-03-27 01:50:20,-0.25492800628846174,2f181d37-819b-4f27-8bfc-c74a894dfd10,36.819328,-119.325316
2015-04-01 01:58:29,-6.273508548977538,2f181d37-819b-4f27-8bfc-c74a894dfd10,36.819328,-119.325316
2015-06-12 01:58:39,-8.51060410006096,2f181d37-819b-4f27-8bfc-c74a894dfd10,36.819328,-119.325316
2015-07-30 01:58:41,-7.759805415411484,2f181d37-819b-4f27-8bfc-c74a894dfd10,36.819328,-119.325316
2015-08-23 01:58:42,-7.338100683316693,2f181d37-819b-4f27-8bfc-c74a894dfd10,36.819328,-119.325316
2015-09-16 01:58:43,-4.246130106900447,2f181d37-819b-4f27-8bfc-c74a894dfd10,36.819328,-119.325316
2015-10-10 01:58:43,-7.838994520335571,2f181d37-819b-4f27-8bfc-c74a894dfd10,36.819328,-119.325316
2015-11-03 01:58:43,-0.3933468771034061,2f181d37-819b-4f27-8bfc-c74a894dfd10,36.819328,-119.325316
2015-11-27 01:58:37,-7.7119703453122925,2f181d37-819b-4f27-8bfc-c74a894dfd10,36.819328,-119.325316
2015-12-09 13:59:25,-18.90972667613931,2f181d37-819b-4f27-8bfc-c74a894dfd10,36.819328,-119.325316
2015-12-21 01:58:36,-5.494213297582414,2f181d37-819b-4f27-8bfc-c74a894dfd10,36.819328,-119.325316
2016-01-14 01:58:35,-5.924865914304603,2f181d37-819b-4f27-8bfc-c74a894dfd10,36.819328,-119.325316
2016-01-26 13:59:23,-17.795332109854343,2f181d37-819b-4f27-8bfc-c74a894dfd10,36.819328,-119.325316
2016-02-07 01:58:35,-6.374557602371273,2f181d37-819b-4f27-8bfc-c74a894dfd10,36.819328,-119.325316
2016-02-19 13:59:23,-17.173887048339743,2f181d37-819b-4f27-8bfc-c74a894dfd10,36.819328,-119.325316
2016-03-02 01:58:35,-6.325512191579662,2f181d37-819b-4f27-8bfc-c74a894dfd10,36.819328,-119.325316
2016-03-09 01:50:45,-0.9835409138809914,2f181d37-819b-4f27-8bfc-c74a894dfd10,36.819328,-119.325316
2016-03-14 01:58:43,-8.017794465859618,2f181d37-819b-4f27-8bfc-c74a894dfd10,36.819328,-119.325316
2016-03-14 13:59:23,-16.046601681542608,2f181d37-819b-4f27-8bfc-c74a894dfd10,36.819328,-119.325316
2016-03-26 01:58:35,-8.889249209968245,2f181d37-819b-4f27-8bfc-c74a894dfd10,36.819328,-119.325316
2016-04-07 13:59:24,-13.398570856854068,2f181d37-819b-4f27-8bfc-c74a894dfd10,36.819328,-119.325316
2016-04-19 01:58:36,-6.296915785722979,2f181d37-819b-4f27-8bfc-c74a894dfd10,36.819328,-119.325316
2016-05-01 13:59:25,-18.256591989540397,2f181d37-819b-4f27-8bfc-c74a894dfd10,36.819328,-119.325316
2016-05-13 01:58:40,-6.974757799102872,2f181d37-819b-4f27-8bfc-c74a894dfd10,36.819328,-119.325316
2016-05-25 13:59:26,-17.05885412062552,2f181d37-819b-4f27-8bfc-c74a894dfd10,36.819328,-119.325316
2016-06-06 01:58:42,-6.274333693390856,2f181d37-819b-4f27-8bfc-c74a894dfd10,36.819328,-119.325316
2016-06-30 01:58:43,-8.60088099308987,2f181d37-819b-4f27-8bfc-c74a894dfd10,36.819328,-119.325316
2016-07-24 01:58:44,-5.970774183671689,2f181d37-819b-4f27-8bfc-c74a894dfd10,36.819328,-119.325316
2016-08-17 01:58:46,-6.976639779779501,2f181d37-819b-4f27-8bfc-c74a894dfd10,36.819328,-119.325316
2016-08-29 01:58:51,-6.144184932683815,2f181d37-819b-4f27-8bfc-c74a894dfd10,36.819328,-119.325316
2016-09-10 01:58:47,-4.877573072829055,2f181d37-819b-4f27-8bfc-c74a894dfd10,36.819328,-119.325316
2016-09-17 01:50:49,-1.647132090104708,2f181d37-819b-4f27-8bfc-c74a894dfd10,36.819328,-119.325316
2016-09-22 13:59:32,-17.249190846313113,2f181d37-819b-4f27-8bfc-c74a894dfd10,36.819328,-119.325316
2016-10-04 01:58:47,-5.431256211510656,2f181d37-819b-4f27-8bfc-c74a894dfd10,36.819328,-119.325316
2016-10-16 13:59:32,-18.17925254112093,2f181d37-819b-4f27-8bfc-c74a894dfd10,36.819328,-119.325316
2016-10-28 01:58:47,-8.725755300585607,2f181d37-819b-4f27-8bfc-c74a894dfd10,36.819328,-119.325316
2016-11-09 13:59:32,-20.4263672639117,2f181d37-819b-4f27-8bfc-c74a894dfd10,36.819328,-119.325316
2016-12-03 13:59:32,-19.545422283602623,2f181d37-819b-4f27-8bfc-c74a894dfd10,36.819328,-119.325316
2016-12-15 01:58:46,-8.088360692359423,2f181d37-819b-4f27-8bfc-c74a894dfd10,36.819328,-119.325316
2016-12-27 13:59:31,-21.128908025457662,2f181d37-819b-4f27-8bfc-c74a894dfd10,36.819328,-119.325316
2017-01-08 01:58:44,-4.941431111547016,2f181d37-819b-4f27-8bfc-c74a894dfd10,36.819328,-119.325316
2017-01-20 13:59:28,-13.470965926904189,2f181d37-819b-4f27-8bfc-c74a894dfd10,36.819328,-119.325316
2017-02-01 01:58:44,-6.033141117353241,2f181d37-819b-4f27-8bfc-c74a894dfd10,36.819328,-119.325316
2017-02-08 01:50:29,-0.773222586839611,2f181d37-819b-4f27-8bfc-c74a894dfd10,36.819328,-119.325316
2017-02-13 01:58:46,-6.479171658109367,2f181d37-819b-4f27-8bfc-c74a894dfd10,36.819328,-119.325316
2017-02-13 13:59:29,-18.68135148707229,2f181d37-819b-4f27-8bfc-c74a894dfd10,36.819328,-119.325316
2017-02-25 13:59:42,-18.94440338288933,2f181d37-819b-4f27-8bfc-c74a894dfd10,36.819328,-119.325316
2017-03-09 13:59:42,-22.51514950357663,2f181d37-819b-4f27-8bfc-c74a894dfd10,36.819328,-119.325316
2017-03-21 13:59:42,-17.55049679523463,2f181d37-819b-4f27-8bfc-c74a894dfd10,36.819328,-119.325316
2017-04-02 13:59:43,-17.674851467418723,2f181d37-819b-4f27-8bfc-c74a894dfd10,36.819328,-119.325316
2017-04-14 13:59:43,-14.942853551294483,2f181d37-819b-4f27-8bfc-c74a894dfd10,36.819328,-119.325316
2017-04-26 13:59:44,-16.031108341132203,2f181d37-819b-4f27-8bfc-c74a894dfd10,36.819328,-119.325316
2017-05-08 13:59:45,-21.39335525999334,2f181d37-819b-4f27-8bfc-c74a894dfd10,36.819328,-119.325316
2017-05-20 13:59:45,-15.445603686383144,2f181d37-819b-4f27-8bfc-c74a894dfd10,36.819328,-119.325316
2017-06-01 13:59:46,-16.662752664820076,2f181d37-819b-4f27-8bfc-c74a894dfd10,36.819328,-119.325316
2017-06-13 13:59:47,-17.98677594302433,2f181d37-819b-4f27-8bfc-c74a894dfd10,36.819328,-119.325316
2017-06-25 13:59:47,-16.678450776096287,2f181d37-819b-4f27-8bfc-c74a894dfd10,36.819328,-119.325316
2017-07-07 13:59:48,-16.86470417501783,2f181d37-819b-4f27-8bfc-c74a894dfd10,36.819328,-119.325316
2017-07-19 13:59:49,-16.851926351701184,2f181d37-819b-4f27-8bfc-c74a894dfd10,36.819328,-119.325316
2017-07-31 13:59:49,-17.394138024215668,2f181d37-819b-4f27-8bfc-c74a894dfd10,36.819328,-119.325316
2017-08-12 13:59:50,-16.761254725511815,2f181d37-819b-4f27-8bfc-c74a894dfd10,36.819328,-119.325316
2017-08-24 13:59:51,-16.834767986810327,2f181d37-819b-4f27-8bfc-c74a894dfd10,36.819328,-119.325316
2017-09-05 13:59:51,-14.58639589860508,2f181d37-819b-4f27-8bfc-c74a894dfd10,36.819328,-119.325316
2017-09-17 13:59:52,-16.43550627092373,2f181d37-819b-4f27-8bfc-c74a894dfd10,36.819328,-119.325316
2017-09-29 13:59:52,-18.070967087540723,2f181d37-819b-4f27-8bfc-c74a894dfd10,36.819328,-119.325316
2017-10-11 13:59:52,-14.175897977316925,2f181d37-819b-4f27-8bfc-c74a894dfd10,36.819328,-119.325316
2017-10-23 13:59:52,-19.336217748419283,2f181d37-819b-4f27-8bfc-c74a894dfd10,36.819328,-119.325316
2017-11-04 13:59:52,-17.130635549075983,2f181d37-819b-4f27-8bfc-c74a894dfd10,36.819328,-119.325316
2017-11-16 13:59:52,-15.692710443267522,2f181d37-819b-4f27-8bfc-c74a894dfd10,36.819328,-119.325316
2017-11-28 13:59:52,-20.135509466283313,2f181d37-819b-4f27-8bfc-c74a894dfd10,36.819328,-119.325316
2017-12-10 13:59:51,-17.334989328100765,2f181d37-819b-4f27-8bfc-c74a894dfd10,36.819328,-119.325316
2017-12-22 13:59:50,-20.69334035252429,2f181d37-819b-4f27-8bfc-c74a894dfd10,36.819328,-119.325316
2018-01-03 13:59:50,-17.045298813407367,2f181d37-819b-4f27-8bfc-c74a894dfd10,36.819328,-119.325316
2018-01-15 13:59:50,-13.553196630280217,2f181d37-819b-4f27-8bfc-c74a894dfd10,36.819328,-119.325316
2018-01-27 13:59:49,-19.272902569955555,2f181d37-819b-4f27-8bfc-c74a894dfd10,36.819328,-119.325316
2018-02-08 13:59:49,-18.909263190074324,2f181d37-819b-4f27-8bfc-c74a894dfd10,36.819328,-119.325316
2018-02-20 13:59:49,-21.405616376607455,2f181d37-819b-4f27-8bfc-c74a894dfd10,36.819328,-119.325316
2018-03-04 13:59:49,-19.154575674142965,2f181d37-819b-4f27-8bfc-c74a894dfd10,36.819328,-119.325316
2018-03-16 13:59:49,-18.051773261928897,2f181d37-819b-4f27-8bfc-c74a894dfd10,36.819328,-119.325316
2018-03-28 13:59:49,-18.384282897268697,2f181d37-819b-4f27-8bfc-c74a894dfd10,36.819328,-119.325316
2018-04-09 13:59:50,-19.281336754863823,2f181d37-819b-4f27-8bfc-c74a894dfd10,36.819328,-119.325316
2018-04-21 13:59:50,-17.029308601380514,2f181d37-819b-4f27-8bfc-c74a894dfd10,36.819328,-119.325316
2018-05-03 13:59:51,-16.38400732729992,2f181d37-819b-4f27-8bfc-c74a894dfd10,36.819328,-119.325316
2018-05-15 13:59:51,-18.538419635207195,2f181d37-819b-4f27-8bfc-c74a894dfd10,36.819328,-119.325316
2018-05-27 13:59:52,-16.388933780618977,2f181d37-819b-4f27-8bfc-c74a894dfd10,36.819328,-119.325316
2018-06-08 13:59:53,-17.10025743131867,2f181d37-819b-4f27-8bfc-c74a894dfd10,36.819328,-119.325316
2018-06-20 13:59:53,-17.59826552243959,2f181d37-819b-4f27-8bfc-c74a894dfd10,36.819328,-119.325316
2018-07-02 13:59:54,-13.411398276558721,2f181d37-819b-4f27-8bfc-c74a894dfd10,36.819328,-119.325316
2018-07-14 13:59:55,-15.166814293297525,2f181d37-819b-4f27-8bfc-c74a894dfd10,36.819328,-119.325316
2018-07-26 01:59:13,-4.729214507689803,2f181d37-819b-4f27-8bfc-c74a894dfd10,36.819328,-119.325316
2018-08-07 01:59:14,-4.921897166909445,2f181d37-819b-4f27-8bfc-c74a894dfd10,36.819328,-119.325316
2018-08-07 13:59:56,-15.647884613770774,2f181d37-819b-4f27-8bfc-c74a894dfd10,36.819328,-119.325316
2018-08-19 01:59:14,-5.367534273508442,2f181d37-819b-4f27-8bfc-c74a894dfd10,36.819328,-119.325316
2018-08-19 13:59:57,-14.289485092262247,2f181d37-819b-4f27-8bfc-c74a894dfd10,36.819328,-119.325316
2018-08-31 01:59:15,-5.513439990680765,2f181d37-819b-4f27-8bfc-c74a894dfd10,36.819328,-119.325316
2018-08-31 13:59:58,-16.378809196646095,2f181d37-819b-4f27-8bfc-c74a894dfd10,36.819328,-119.325316
2018-09-12 01:59:15,-3.491231881301025,2f181d37-819b-4f27-8bfc-c74a894dfd10,36.819328,-119.325316
2018-09-12 13:59:58,-14.920081218136756,2f181d37-819b-4f27-8bfc-c74a894dfd10,36.819328,-119.325316
2018-09-24 01:59:16,-4.414582323468476,2f181d37-819b-4f27-8bfc-c74a894dfd10,36.819328,-119.325316
2018-09-24 13:59:58,-15.10314817855112,2f181d37-819b-4f27-8bfc-c74a894dfd10,36.819328,-119.325316
2018-10-06 01:59:16,-1.955265291726315,2f181d37-819b-4f27-8bfc-c74a894dfd10,36.819328,-119.325316
2018-10-06 13:59:59,-20.65123814705278,2f181d37-819b-4f27-8bfc-c74a894dfd10,36.819328,-119.325316
2018-10-18 01:59:16,-6.241675129224749,2f181d37-819b-4f27-8bfc-c74a894dfd10,36.819328,-119.325316
2018-10-18 13:59:59,-16.94281097335385,2f181d37-819b-4f27-8bfc-c74a894dfd10,36.819328,-119.325316
2018-10-30 01:59:16,-6.203166310724907,2f181d37-819b-4f27-8bfc-c74a894dfd10,36.819328,-119.325316
2018-10-30 13:59:59,-19.172101862514587,2f181d37-819b-4f27-8bfc-c74a894dfd10,36.819328,-119.325316
2018-11-11 01:59:16,-5.612619042433141,2f181d37-819b-4f27-8bfc-c74a894dfd10,36.819328,-119.325316
2018-11-11 13:59:58,-16.102977845669965,2f181d37-819b-4f27-8bfc-c74a894dfd10,36.819328,-119.325316
2018-11-18 01:50:59,-0.3959228923285271,2f181d37-819b-4f27-8bfc-c74a894dfd10,36.819328,-119.325316
2018-11-23 01:59:16,-4.135375745842447,2f181d37-819b-4f27-8bfc-c74a894dfd10,36.819328,-119.325316
2018-11-23 13:59:58,-12.951915194506205,2f181d37-819b-4f27-8bfc-c74a894dfd10,36.819328,-119.325316
2018-12-05 01:59:15,-4.230717325282365,2f181d37-819b-4f27-8bfc-c74a894dfd10,36.819328,-119.325316
2018-12-05 13:59:58,-18.991750522228006,2f181d37-819b-4f27-8bfc-c74a894dfd10,36.819328,-119.325316
2018-12-17 01:59:15,-6.921607202490013,2f181d37-819b-4f27-8bfc-c74a894dfd10,36.819328,-119.325316
2018-12-17 13:59:57,-14.152771872407122,2f181d37-819b-4f27-8bfc-c74a894dfd10,36.819328,-119.325316
2018-12-29 13:59:57,-15.673300751490224,2f181d37-819b-4f27-8bfc-c74a894dfd10,36.819328,-119.325316
2019-01-10 01:58:54,-3.9563200502415223,2f181d37-819b-4f27-8bfc-c74a894dfd10,36.819328,-119.325316
2019-01-10 13:59:56,-17.97690626577851,2f181d37-819b-4f27-8bfc-c74a894dfd10,36.819328,-119.325316
2019-01-17 01:50:45,0.6723929130102484,2f181d37-819b-4f27-8bfc-c74a894dfd10,36.819328,-119.325316
2019-01-22 01:58:54,-3.7377935264656146,2f181d37-819b-4f27-8bfc-c74a894dfd10,36.819328,-119.325316
2019-01-22 13:59:56,-18.541619647860795,2f181d37-819b-4f27-8bfc-c74a894dfd10,36.819328,-119.325316
2019-02-03 13:59:56,-14.804535679656023,2f181d37-819b-4f27-8bfc-c74a894dfd10,36.819328,-119.325316
2019-02-10 01:50:44,-1.6854798226903407,2f181d37-819b-4f27-8bfc-c74a894dfd10,36.819328,-119.325316
2019-02-15 13:59:55,-14.549863919775186,2f181d37-819b-4f27-8bfc-c74a894dfd10,36.819328,-119.325316
2019-02-22 01:50:44,-1.9507837805901485,2f181d37-819b-4f27-8bfc-c74a894dfd10,36.819328,-119.325316
2019-02-27 01:58:53,-6.702451520826677,2f181d37-819b-4f27-8bfc-c74a894dfd10,36.819328,-119.325316
2019-02-27 13:59:55,-14.751036171703277,2f181d37-819b-4f27-8bfc-c74a894dfd10,36.819328,-119.325316
2019-03-06 01:50:45,-1.7309164738631049,2f181d37-819b-4f27-8bfc-c74a894dfd10,36.819328,-119.325316
2019-03-11 01:58:53,-3.642800579534222,2f181d37-819b-4f27-8bfc-c74a894dfd10,36.819328,-119.325316
2019-03-11 13:59:55,-16.493690767802043,2f181d37-819b-4f27-8bfc-c74a894dfd10,36.819328,-119.325316
2019-03-18 01:50:45,-2.5674948369670196,2f181d37-819b-4f27-8bfc-c74a894dfd10,36.819328,-119.325316
2019-03-23 01:58:54,-4.259932038304481,2f181d37-819b-4f27-8bfc-c74a894dfd10,36.819328,-119.325316
2019-03-23 13:59:56,-17.10073541731417,2f181d37-819b-4f27-8bfc-c74a894dfd10,36.819328,-119.325316
2019-03-30 01:50:45,0.18783070427187962,2f181d37-819b-4f27-8bfc-c74a894dfd10,36.819328,-119.325316
2019-04-04 01:58:54,-5.887573822794682,2f181d37-819b-4f27-8bfc-c74a894dfd10,36.819328,-119.325316
2019-04-04 13:59:56,-18.903501889309315,2f181d37-819b-4f27-8bfc-c74a894dfd10,36.819328,-119.325316
2019-04-11 01:50:45,-2.321638598212465,2f181d37-819b-4f27-8bfc-c74a894dfd10,36.819328,-119.325316
2019-04-16 01:58:54,-9.164592479253345,2f181d37-819b-4f27-8bfc-c74a894dfd10,36.819328,-119.325316
2019-04-16 13:59:56,-13.813814388720314,2f181d37-819b-4f27-8bfc-c74a894dfd10,36.819328,-119.325316
2019-04-23 01:50:46,-4.877653054741346,2f181d37-819b-4f27-8bfc-c74a894dfd10,36.819328,-119.325316
2019-04-28 01:58:55,-7.477709817418944,2f181d37-819b-4f27-8bfc-c74a894dfd10,36.819328,-119.325316
2019-04-28 13:59:57,-14.026806442115884,2f181d37-819b-4f27-8bfc-c74a894dfd10,36.819328,-119.325316
2019-05-10 01:58:55,-8.317050306647312,2f181d37-819b-4f27-8bfc-c74a894dfd10,36.819328,-119.325316
2019-05-10 13:59:57,-18.89002399181627,2f181d37-819b-4f27-8bfc-c74a894dfd10,36.819328,-119.325316
2019-05-17 01:50:47,-1.833071547316318,2f181d37-819b-4f27-8bfc-c74a894dfd10,36.819328,-119.325316
2019-05-22 01:58:56,-4.145821128736207,2f181d37-819b-4f27-8bfc-c74a894dfd10,36.819328,-119.325316
2019-05-22 13:59:58,-16.264826601266623,2f181d37-819b-4f27-8bfc-c74a894dfd10,36.819328,-119.325316
2019-05-29 01:50:47,3.2598921793685824,2f181d37-819b-4f27-8bfc-c74a894dfd10,36.819328,-119.325316
2019-06-03 01:58:56,-7.593536283088037,2f181d37-819b-4f27-8bfc-c74a894dfd10,36.819328,-119.325316
2019-06-03 13:59:58,-16.25761753108087,2f181d37-819b-4f27-8bfc-c74a894dfd10,36.819328,-119.325316
2019-06-10 01:50:48,-2.7771414851611147,2f181d37-819b-4f27-8bfc-c74a894dfd10,36.819328,-119.325316
2019-06-15 01:58:57,-8.79112464115341,2f181d37-819b-4f27-8bfc-c74a894dfd10,36.819328,-119.325316
2019-06-15 13:59:59,-13.215638197809852,2f181d37-819b-4f27-8bfc-c74a894dfd10,36.819328,-119.325316
2019-06-22 01:50:49,-0.9350633431504151,2f181d37-819b-4f27-8bfc-c74a894dfd10,36.819328,-119.325316
2019-06-27 01:58:58,-10.708417968229165,2f181d37-819b-4f27-8bfc-c74a894dfd10,36.819328,-119.325316
2019-06-27 14:00:00,-16.104811758570825,2f181d37-819b-4f27-8bfc-c74a894dfd10,36.819328,-119.325316
2019-07-04 01:50:49,-1.1285348761359,2f181d37-819b-4f27-8bfc-c74a894dfd10,36.819328,-119.325316
2019-07-09 01:58:58,-9.188700727310362,2f181d37-819b-4f27-8bfc-c74a894dfd10,36.819328,-119.325316
2019-07-09 14:00:00,-14.054519649045027,2f181d37-819b-4f27-8bfc-c74a894dfd10,36.819328,-119.325316
2019-07-16 01:50:50,-0.1625769126184029,2f181d37-819b-4f27-8bfc-c74a894dfd10,36.819328,-119.325316
2019-07-21 01:58:59,-8.76750669643015,2f181d37-819b-4f27-8bfc-c74a894dfd10,36.819328,-119.325316
2019-07-21 14:00:01,-15.683754657969818,2f181d37-819b-4f27-8bfc-c74a894dfd10,36.819328,-119.325316
2019-07-28 01:50:51,-1.4083807901846326,2f181d37-819b-4f27-8bfc-c74a894dfd10,36.819328,-119.325316
2019-08-02 01:59:00,-7.195120381612639,2f181d37-819b-4f27-8bfc-c74a894dfd10,36.819328,-119.325316
2019-08-02 14:00:02,-14.496778517938347,2f181d37-819b-4f27-8bfc-c74a894dfd10,36.819328,-119.325316
2019-08-09 01:50:52,-1.6408358735936124,2f181d37-819b-4f27-8bfc-c74a894dfd10,36.819328,-119.325316
2019-08-14 14:00:03,-14.046420389194465,2f181d37-819b-4f27-8bfc-c74a894dfd10,36.819328,-119.325316
2019-08-26 01:59:02,-9.697756786469968,2f181d37-819b-4f27-8bfc-c74a894dfd10,36.819328,-119.325316
2019-08-26 14:00:03,-15.584756001019507,2f181d37-819b-4f27-8bfc-c74a894dfd10,36.819328,-119.325316
2019-09-02 01:50:53,0.17538850828427527,2f181d37-819b-4f27-8bfc-c74a894dfd10,36.819328,-119.325316
2019-09-07 01:59:02,-9.50118199515616,2f181d37-819b-4f27-8bfc-c74a894dfd10,36.819328,-119.325316
2019-09-07 14:00:04,-14.962827637549976,2f181d37-819b-4f27-8bfc-c74a894dfd10,36.819328,-119.325316
2019-09-19 01:59:02,-9.608925491484069,2f181d37-819b-4f27-8bfc-c74a894dfd10,36.819328,-119.325316
2019-09-19 14:00:04,-14.893301605885565,2f181d37-819b-4f27-8bfc-c74a894dfd10,36.819328,-119.325316
2019-09-26 01:50:54,0.19278147412330068,2f181d37-819b-4f27-8bfc-c74a894dfd10,36.819328,-119.325316
2019-10-01 01:59:03,-9.39926283031306,2f181d37-819b-4f27-8bfc-c74a894dfd10,36.819328,-119.325316
2019-10-01 14:00:05,-15.196137335507213,2f181d37-819b-4f27-8bfc-c74a894dfd10,36.819328,-119.325316
2019-10-08 01:50:54,-0.09302099339293575,2f181d37-819b-4f27-8bfc-c74a894dfd10,36.819328,-119.325316
2019-10-13 01:59:03,-7.547903501792841,2f181d37-819b-4f27-8bfc-c74a894dfd10,36.819328,-119.325316
2019-10-13 14:00:05,-15.576900316417838,2f181d37-819b-4f27-8bfc-c74a894dfd10,36.819328,-119.325316
2019-10-20 01:50:54,0.07761333396170134,2f181d37-819b-4f27-8bfc-c74a894dfd10,36.819328,-119.325316
2019-10-25 01:59:03,-8.985790503761537,2f181d37-819b-4f27-8bfc-c74a894dfd10,36.819328,-119.325316
2019-10-25 14:00:05,-15.724311189868578,2f181d37-819b-4f27-8bfc-c74a894dfd10,36.819328,-119.325316
2019-11-01 01:50:54,-1.0254895717526968,2f181d37-819b-4f27-8bfc-c74a894dfd10,36.819328,-119.325316
2019-11-06 01:59:03,-8.207182749276114,2f181d37-819b-4f27-8bfc-c74a894dfd10,36.819328,-119.325316
2019-11-06 14:00:05,-13.85238588222467,2f181d37-819b-4f27-8bfc-c74a894dfd10,36.819328,-119.325316
2019-11-13 01:50:54,-0.9015066550781875,2f181d37-819b-4f27-8bfc-c74a894dfd10,36.819328,-119.325316
2019-11-18 01:59:03,-11.390147144807262,2f181d37-819b-4f27-8bfc-c74a894dfd10,36.819328,-119.325316
2019-11-18 14:00:05,-16.14053179891665,2f181d37-819b-4f27-8bfc-c74a894dfd10,36.819328,-119.325316
2019-11-25 01:50:54,-0.8307095717456735,2f181d37-819b-4f27-8bfc-c74a894dfd10,36.819328,-119.325316
2019-11-30 01:59:02,-7.150016191809045,2f181d37-819b-4f27-8bfc-c74a894dfd10,36.819328,-119.325316
2019-11-30 14:00:04,-19.131531660751033,2f181d37-819b-4f27-8bfc-c74a894dfd10,36.819328,-119.325316
2019-12-07 01:50:53,1.039998735401824,2f181d37-819b-4f27-8bfc-c74a894dfd10,36.819328,-119.325316
2019-12-12 01:59:02,-2.213805642850267,2f181d37-819b-4f27-8bfc-c74a894dfd10,36.819328,-119.325316
2019-12-12 14:00:04,-18.328606901308692,2f181d37-819b-4f27-8bfc-c74a894dfd10,36.819328,-119.325316
2019-12-24 14:00:04,-17.52385196642789,2f181d37-819b-4f27-8bfc-c74a894dfd10,36.819328,-119.325316
2019-12-31 01:50:52,1.5115848981935192,2f181d37-819b-4f27-8bfc-c74a894dfd10,36.819328,-119.325316
2020-01-05 01:59:01,-4.846131602628542,2f181d37-819b-4f27-8bfc-c74a894dfd10,36.819328,-119.325316
2020-01-05 14:00:03,-16.08779899942736,2f181d37-819b-4f27-8bfc-c74a894dfd10,36.819328,-119.325316
2020-01-17 01:59:01,-5.007079472525457,2f181d37-819b-4f27-8bfc-c74a894dfd10,36.819328,-119.325316
2020-01-17 14:00:02,-16.538366658659747,2f181d37-819b-4f27-8bfc-c74a894dfd10,36.819328,-119.325316
2020-01-29 01:59:00,-6.109548748923379,2f181d37-819b-4f27-8bfc-c74a894dfd10,36.819328,-119.325316
2020-01-29 14:00:02,-16.171669999397217,2f181d37-819b-4f27-8bfc-c74a894dfd10,36.819328,-119.325316
2020-02-05 01:50:51,-3.7475252350776334,2f181d37-819b-4f27-8bfc-c74a894dfd10,36.819328,-119.325316
2020-02-10 01:59:00,-6.338411566042024,2f181d37-819b-4f27-8bfc-c74a894dfd10,36.819328,-119.325316
2020-02-10 14:00:02,-14.687098204904157,2f181d37-819b-4f27-8bfc-c74a894dfd10,36.819328,-119.325316
2020-02-17 01:50:51,0.13615105191117116,2f181d37-819b-4f27-8bfc-c74a894dfd10,36.819328,-119.325316
2020-02-22 01:59:00,-9.843035770816153,2f181d37-819b-4f27-8bfc-c74a894dfd10,36.819328,-119.325316
2020-02-22 14:00:02,-14.413806230800208,2f181d37-819b-4f27-8bfc-c74a894dfd10,36.819328,-119.325316
2020-02-29 01:50:51,-0.30179497165866,2f181d37-819b-4f27-8bfc-c74a894dfd10,36.819328,-119.325316
2020-03-05 01:59:00,-7.022621969006696,2f181d37-819b-4f27-8bfc-c74a894dfd10,36.819328,-119.325316
2020-03-05 14:00:02,-17.29434580836968,2f181d37-819b-4f27-8bfc-c74a894dfd10,36.819328,-119.325316
2020-03-12 01:50:51,-0.4407527135280115,2f181d37-819b-4f27-8bfc-c74a894dfd10,36.819328,-119.325316
2020-03-17 01:59:00,-6.709436970358526,2f181d37-819b-4f27-8bfc-c74a894dfd10,36.819328,-119.325316
2020-03-17 14:00:02,-14.620707737214303,2f181d37-819b-4f27-8bfc-c74a894dfd10,36.819328,-119.325316
2020-03-24 01:50:51,0.5860788725416914,2f181d37-819b-4f27-8bfc-c74a894dfd10,36.819328,-119.325316
2020-03-29 01:59:00,-8.221556449622828,2f181d37-819b-4f27-8bfc-c74a894dfd10,36.819328,-119.325316
2020-03-29 14:00:02,-13.68828198810183,2f181d37-819b-4f27-8bfc-c74a894dfd10,36.819328,-119.325316
2020-04-10 01:59:00,-6.70612708769723,2f181d37-819b-4f27-8bfc-c74a894dfd10,36.819328,-119.325316
2020-04-10 14:00:02,-13.130061697875389,2f181d37-819b-4f27-8bfc-c74a894dfd10,36.819328,-119.325316
2020-04-17 01:50:52,-3.9941314440650295,2f181d37-819b-4f27-8bfc-c74a894dfd10,36.819328,-119.325316
2020-04-22 01:59:01,-7.557168479879281,2f181d37-819b-4f27-8bfc-c74a894dfd10,36.819328,-119.325316
2020-04-22 14:00:03,-15.801694235778406,2f181d37-819b-4f27-8bfc-c74a894dfd10,36.819328,-119.325316
2020-04-29 01:50:52,-5.00875995360458,2f181d37-819b-4f27-8bfc-c74a894dfd10,36.819328,-119.325316
2020-05-04 01:59:01,-7.2943079873053875,2f181d37-819b-4f27-8bfc-c74a894dfd10,36.819328,-119.325316
2020-05-04 14:00:03,-20.549751756951228,2f181d37-819b-4f27-8bfc-c74a894dfd10,36.819328,-119.325316
2020-05-11 01:50:53,-2.8813950643152157,2f181d37-819b-4f27-8bfc-c74a894dfd10,36.819328,-119.325316
2020-05-16 01:59:02,-4.740520944246729,2f181d37-819b-4f27-8bfc-c74a894dfd10,36.819328,-119.325316
2020-05-16 14:00:04,-17.02823807766778,2f181d37-819b-4f27-8bfc-c74a894dfd10,36.819328,-119.325316
2020-05-23 01:50:54,-0.8896449610254776,2f181d37-819b-4f27-8bfc-c74a894dfd10,36.819328,-119.325316
2020-05-28 01:59:03,-4.159616325400854,2f181d37-819b-4f27-8bfc-c74a894dfd10,36.819328,-119.325316
2020-05-28 14:00:05,-18.52085827986954,2f181d37-819b-4f27-8bfc-c74a894dfd10,36.819328,-119.325316
2020-06-04 01:50:54,-1.4585645255193678,2f181d37-819b-4f27-8bfc-c74a894dfd10,36.819328,-119.325316
2020-06-09 01:59:04,-4.094803516200598,2f181d37-819b-4f27-8bfc-c74a894dfd10,36.819328,-119.325316
2020-06-09 14:00:05,-16.483903176313056,2f181d37-819b-4f27-8bfc-c74a894dfd10,36.819328,-119.325316
2020-06-16 01:50:55,-1.9636751286148408,2f181d37-819b-4f27-8bfc-c74a894dfd10,36.819328,-119.325316
2020-06-21 01:59:04,-4.282950939931204,2f181d37-819b-4f27-8bfc-c74a894dfd10,36.819328,-119.325316
2020-06-21 14:00:06,-17.356085630376615,2f181d37-819b-4f27-8bfc-c74a894dfd10,36.819328,-119.325316
2020-06-28 01:50:56,-1.9166987489140963,2f181d37-819b-4f27-8bfc-c74a894dfd10,36.819328,-119.325316
2020-07-03 01:59:05,-5.994008901547813,2f181d37-819b-4f27-8bfc-c74a894dfd10,36.819328,-119.325316
2020-07-03 14:00:07,-17.233557841515623,2f181d37-819b-4f27-8bfc-c74a894dfd10,36.819328,-119.325316
2020-07-10 01:50:56,-1.1251381753343495,2f181d37-819b-4f27-8bfc-c74a894dfd10,36.819328,-119.325316
2020-07-15 01:59:05,-5.404878697551082,2f181d37-819b-4f27-8bfc-c74a894dfd10,36.819328,-119.325316
2020-07-15 14:00:07,-15.07232935690787,2f181d37-819b-4f27-8bfc-c74a894dfd10,36.819328,-119.325316
2020-07-22 01:50:57,-0.8558689447488022,2f181d37-819b-4f27-8bfc-c74a894dfd10,36.819328,-119.325316
2020-07-27 01:59:06,-5.8618241875691295,2f181d37-819b-4f27-8bfc-c74a894dfd10,36.819328,-119.325316
2020-07-27 14:00:08,-16.04267543478456,2f181d37-819b-4f27-8bfc-c74a894dfd10,36.819328,-119.325316
2020-08-03 01:50:58,-0.8742143606757831,2f181d37-819b-4f27-8bfc-c74a894dfd10,36.819328,-119.325316
2020-08-08 01:59:07,-4.50376865302318,2f181d37-819b-4f27-8bfc-c74a894dfd10,36.819328,-119.325316
2020-08-08 14:00:09,-17.178173650156417,2f181d37-819b-4f27-8bfc-c74a894dfd10,36.819328,-119.325316
2020-08-15 01:50:58,-1.4853101829450681,2f181d37-819b-4f27-8bfc-c74a894dfd10,36.819328,-119.325316
2020-08-20 01:59:08,-5.561314796086247,2f181d37-819b-4f27-8bfc-c74a894dfd10,36.819328,-119.325316
2020-08-20 14:00:10,-19.312236822502026,2f181d37-819b-4f27-8bfc-c74a894dfd10,36.819328,-119.325316
2020-08-27 01:50:59,0.6973698287365984,2f181d37-819b-4f27-8bfc-c74a894dfd10,36.819328,-119.325316
2020-09-01 01:59:08,-3.727217361927415,2f181d37-819b-4f27-8bfc-c74a894dfd10,36.819328,-119.325316
2020-09-01 14:00:10,-16.90349306292963,2f181d37-819b-4f27-8bfc-c74a894dfd10,36.819328,-119.325316
2020-09-08 01:51:00,-1.0274018859748284,2f181d37-819b-4f27-8bfc-c74a894dfd10,36.819328,-119.325316
2020-09-13 01:59:09,-4.683378976677398,2f181d37-819b-4f27-8bfc-c74a894dfd10,36.819328,-119.325316
2020-09-13 14:00:11,-17.72234241666903,2f181d37-819b-4f27-8bfc-c74a894dfd10,36.819328,-119.325316
2020-09-20 01:51:00,-1.1263384443114455,2f181d37-819b-4f27-8bfc-c74a894dfd10,36.819328,-119.325316
2020-09-25 01:59:09,-5.445896853899659,2f181d37-819b-4f27-8bfc-c74a894dfd10,36.819328,-119.325316
2020-09-25 14:00:11,-14.317963901093261,2f181d37-819b-4f27-8bfc-c74a894dfd10,36.819328,-119.325316
2020-10-02 01:51:00,-1.0445732069094669,2f181d37-819b-4f27-8bfc-c74a894dfd10,36.819328,-119.325316
2020-10-07 01:59:10,-6.122921921498149,2f181d37-819b-4f27-8bfc-c74a894dfd10,36.819328,-119.325316
2020-10-07 14:00:11,-15.62344948495357,2f181d37-819b-4f27-8bfc-c74a894dfd10,36.819328,-119.325316
2020-10-14 01:51:01,-2.0136227155693454,2f181d37-819b-4f27-8bfc-c74a894dfd10,36.819328,-119.325316
2020-10-19 01:59:10,-5.776527355371538,2f181d37-819b-4f27-8bfc-c74a894dfd10,36.819328,-119.325316
2020-10-19 14:00:11,-14.400562079406756,2f181d37-819b-4f27-8bfc-c74a894dfd10,36.819328,-119.325316
2020-10-26 01:51:01,-2.1761033401776144,2f181d37-819b-4f27-8bfc-c74a894dfd10,36.819328,-119.325316
2020-10-31 01:59:10,-4.485545754328444,2f181d37-819b-4f27-8bfc-c74a894dfd10,36.819328,-119.325316
2020-10-31 14:00:11,-15.438583829861535,2f181d37-819b-4f27-8bfc-c74a894dfd10,36.819328,-119.325316
2020-11-07 01:51:00,-2.2092922685345147,2f181d37-819b-4f27-8bfc-c74a894dfd10,36.819328,-119.325316
2020-11-12 01:59:09,-2.988269502288818,2f181d37-819b-4f27-8bfc-c74a894dfd10,36.819328,-119.325316
2020-11-12 14:00:11,-21.44628039198992,2f181d37-819b-4f27-8bfc-c74a894dfd10,36.819328,-119.325316
2020-11-19 01:51:00,-0.9381493951281814,2f181d37-819b-4f27-8bfc-c74a894dfd10,36.819328,-119.325316
2020-11-24 01:59:09,-4.769227935242774,2f181d37-819b-4f27-8bfc-c74a894dfd10,36.819328,-119.325316
2020-11-24 14:00:11,-18.888141093450585,2f181d37-819b-4f27-8bfc-c74a894dfd10,36.819328,-119.325316
2020-12-01 01:51:00,-5.472312954625234,2f181d37-819b-4f27-8bfc-c74a894dfd10,36.819328,-119.325316
2020-12-06 01:59:09,-5.142426726869687,2f181d37-819b-4f27-8bfc-c74a894dfd10,36.819328,-119.325316
2020-12-06 14:00:10,-14.98456129665695,2f181d37-819b-4f27-8bfc-c74a894dfd10,36.819328,-119.325316
2020-12-13 01:50:59,0.3552975482011024,2f181d37-819b-4f27-8bfc-c74a894dfd10,36.819328,-119.325316
2020-12-18 01:59:08,-2.1512454263447403,2f181d37-819b-4f27-8bfc-c74a894dfd10,36.819328,-119.325316
2020-12-18 14:00:10,-16.729284522918793,2f181d37-819b-4f27-8bfc-c74a894dfd10,36.819328,-119.325316
2020-12-25 01:50:59,-2.2932367290645357,2f181d37-819b-4f27-8bfc-c74a894dfd10,36.819328,-119.325316
2020-12-30 01:59:07,-4.747125014023535,2f181d37-819b-4f27-8bfc-c74a894dfd10,36.819328,-119.325316
2020-12-30 14:00:09,-18.917919985133203,2f181d37-819b-4f27-8bfc-c74a894dfd10,36.819328,-119.325316
2021-01-06 01:50:58,-2.4220456422107555,2f181d37-819b-4f27-8bfc-c74a894dfd10,36.819328,-119.325316
2021-01-11 01:59:07,-10.944239447817958,2f181d37-819b-4f27-8bfc-c74a894dfd10,36.819328,-119.325316
2021-01-11 14:00:09,-19.357466696590976,2f181d37-819b-4f27-8bfc-c74a894dfd10,36.819328,-119.325316
2021-01-23 01:59:06,-5.633814037657383,2f181d37-819b-4f27-8bfc-c74a894dfd10,36.819328,-119.325316
2021-01-23 14:00:08,-17.346562375728638,2f181d37-819b-4f27-8bfc-c74a894dfd10,36.819328,-119.325316
2021-01-30 01:50:57,1.6476588873020501,2f181d37-819b-4f27-8bfc-c74a894dfd10,36.819328,-119.325316
2021-02-04 01:59:06,-5.164154465273565,2f181d37-819b-4f27-8bfc-c74a894dfd10,36.819328,-119.325316
2021-02-04 14:00:08,-13.98823425553937,2f181d37-819b-4f27-8bfc-c74a894dfd10,36.819328,-119.325316
2021-02-11 01:50:57,-4.156534023358388,2f181d37-819b-4f27-8bfc-c74a894dfd10,36.819328,-119.325316
2021-02-16 01:59:06,-5.411448622490558,2f181d37-819b-4f27-8bfc-c74a894dfd10,36.819328,-119.325316
2021-02-16 14:00:08,-18.019651051065633,2f181d37-819b-4f27-8bfc-c74a894dfd10,36.819328,-119.325316
2021-02-23 01:50:57,-3.2678044487104723,2f181d37-819b-4f27-8bfc-c74a894dfd10,36.819328,-119.325316
2021-02-28 01:59:05,-7.293528505468325,2f181d37-819b-4f27-8bfc-c74a894dfd10,36.819328,-119.325316
2021-02-28 14:00:07,-18.23313027124509,2f181d37-819b-4f27-8bfc-c74a894dfd10,36.819328,-119.325316
2021-03-07 01:50:57,-3.4031747804679955,2f181d37-819b-4f27-8bfc-c74a894dfd10,36.819328,-119.325316
2021-03-12 01:59:06,-5.903780742225586,2f181d37-819b-4f27-8bfc-c74a894dfd10,36.819328,-119.325316
2021-03-12 14:00:07,-16.71613808879351,2f181d37-819b-4f27-8bfc-c74a894dfd10,36.819328,-119.325316
2021-03-19 01:50:57,-1.42681148564608,2f181d37-819b-4f27-8bfc-c74a894dfd10,36.819328,-119.325316
2021-03-24 01:59:06,-6.9453906886656815,2f181d37-819b-4f27-8bfc-c74a894dfd10,36.819328,-119.325316
2021-03-24 14:00:08,-17.100498491576936,2f181d37-819b-4f27-8bfc-c74a894dfd10,36.819328,-119.325316
2021-03-31 01:50:57,-2.990805048334444,2f181d37-819b-4f27-8bfc-c74a894dfd10,36.819328,-119.325316
2021-04-05 01:59:06,-6.577801030637035,2f181d37-819b-4f27-8bfc-c74a894dfd10,36.819328,-119.325316
2021-04-05 14:00:08,-15.402309096206677,2f181d37-819b-4f27-8bfc-c74a894dfd10,36.819328,-119.325316
2021-04-12 01:50:57,-0.7521892216324993,2f181d37-819b-4f27-8bfc-c74a894dfd10,36.819328,-119.325316
2021-04-17 01:59:07,-6.03040804274314,2f181d37-819b-4f27-8bfc-c74a894dfd10,36.819328,-119.325316
2021-04-17 14:00:08,-16.518428868604868,2f181d37-819b-4f27-8bfc-c74a894dfd10,36.819328,-119.325316
2021-04-24 01:50:58,-1.5949448294344115,2f181d37-819b-4f27-8bfc-c74a894dfd10,36.819328,-119.325316
2021-04-29 01:59:07,-6.05440487882735,2f181d37-819b-4f27-8bfc-c74a894dfd10,36.819328,-119.325316
2021-04-29 14:00:09,-18.111096395244843,2f181d37-819b-4f27-8bfc-c74a894dfd10,36.819328,-119.325316
2021-05-06 01:50:58,-1.0399033752668956,2f181d37-819b-4f27-8bfc-c74a894dfd10,36.819328,-119.325316
2021-05-11 01:59:08,-3.563643094558025,2f181d37-819b-4f27-8bfc-c74a894dfd10,36.819328,-119.325316
2021-05-11 14:00:10,-19.623345931557164,2f181d37-819b-4f27-8bfc-c74a894dfd10,36.819328,-119.325316
2021-05-18 01:50:59,-1.5004860994030547,2f181d37-819b-4f27-8bfc-c74a894dfd10,36.819328,-119.325316
2021-05-23 01:59:08,-3.643954575351418,2f181d37-819b-4f27-8bfc-c74a894dfd10,36.819328,-119.325316
2021-05-23 14:00:10,-15.96611269945139,2f181d37-819b-4f27-8bfc-c74a894dfd10,36.819328,-119.325316
2021-05-30 01:51:00,-2.8221459992120224,2f181d37-819b-4f27-8bfc-c74a894dfd10,36.819328,-119.325316
2021-06-04 01:59:09,-4.131856070812737,2f181d37-819b-4f27-8bfc-c74a894dfd10,36.819328,-119.325316
2021-06-04 14:00:11,-17.374730929967008,2f181d37-819b-4f27-8bfc-c74a894dfd10,36.819328,-119.325316
2021-06-11 01:51:01,-2.761536801566526,2f181d37-819b-4f27-8bfc-c74a894dfd10,36.819328,-119.325316
2021-06-16 01:59:10,-3.40848347150162,2f181d37-819b-4f27-8bfc-c74a894dfd10,36.819328,-119.325316
2021-06-16 14:00:12,-14.003774571401209,2f181d37-819b-4f27-8bfc-c74a894dfd10,36.819328,-119.325316
2021-06-23 01:51:01,-1.9578297746416287,2f181d37-819b-4f27-8bfc-c74a894dfd10,36.819328,-119.325316
2021-06-28 01:59:10,-6.0428615967320916,2f181d37-819b-4f27-8bfc-c74a894dfd10,36.819328,-119.325316
2021-06-28 14:00:12,-21.887094958608017,2f181d37-819b-4f27-8bfc-c74a894dfd10,36.819328,-119.325316
2021-07-05 01:51:02,-3.1282192696967233,2f181d37-819b-4f27-8bfc-c74a894dfd10,36.819328,-119.325316
2021-07-10 01:59:11,-7.117427564099837,2f181d37-819b-4f27-8bfc-c74a894dfd10,36.819328,-119.325316
2021-07-10 14:00:13,-15.184802125797653,2f181d37-819b-4f27-8bfc-c74a894dfd10,36.819328,-119.325316
2021-07-17 01:51:03,-2.4584934900652953,2f181d37-819b-4f27-8bfc-c74a894dfd10,36.819328,-119.325316
2021-07-22 01:59:12,-3.8671104025049905,2f181d37-819b-4f27-8bfc-c74a894dfd10,36.819328,-119.325316
2021-07-22 14:00:14,-16.513870987357315,2f181d37-819b-4f27-8bfc-c74a894dfd10,36.819328,-119.325316
2021-07-29 01:51:03,-2.1494512567512243,2f181d37-819b-4f27-8bfc-c74a894dfd10,36.819328,-119.325316
2021-08-03 01:59:13,-3.8222223941308937,2f181d37-819b-4f27-8bfc-c74a894dfd10,36.819328,-119.325316
2021-08-03 14:00:15,-14.186028228656085,2f181d37-819b-4f27-8bfc-c74a894dfd10,36.819328,-119.325316
2021-08-10 01:51:04,-1.547707453464672,2f181d37-819b-4f27-8bfc-c74a894dfd10,36.819328,-119.325316
2021-08-15 01:59:13,-4.290037253734935,2f181d37-819b-4f27-8bfc-c74a894dfd10,36.819328,-119.325316
2021-08-15 14:00:15,-17.041039825098224,2f181d37-819b-4f27-8bfc-c74a894dfd10,36.819328,-119.325316
2021-08-22 01:51:05,-2.515792446976561,2f181d37-819b-4f27-8bfc-c74a894dfd10,36.819328,-119.325316
2021-08-27 01:59:14,-4.6762467466672755,2f181d37-819b-4f27-8bfc-c74a894dfd10,36.819328,-119.325316
2021-08-27 14:00:16,-14.460354159383462,2f181d37-819b-4f27-8bfc-c74a894dfd10,36.819328,-119.325316
2021-09-03 01:51:05,-1.9502769743138464,2f181d37-819b-4f27-8bfc-c74a894dfd10,36.819328,-119.325316
2021-09-08 01:59:14,-3.9949050891171503,2f181d37-819b-4f27-8bfc-c74a894dfd10,36.819328,-119.325316
2021-09-08 14:00:16,-15.391291232878054,2f181d37-819b-4f27-8bfc-c74a894dfd10,36.819328,-119.325316
2021-09-15 01:51:06,-2.2106922927774937,2f181d37-819b-4f27-8bfc-c74a894dfd10,36.819328,-119.325316
2021-09-20 01:59:15,-5.8476977592610835,2f181d37-819b-4f27-8bfc-c74a894dfd10,36.819328,-119.325316
2021-09-20 14:00:17,-18.06072612258802,2f181d37-819b-4f27-8bfc-c74a894dfd10,36.819328,-119.325316
2021-09-27 01:51:06,-1.4137561462112977,2f181d37-819b-4f27-8bfc-c74a894dfd10,36.819328,-119.325316
2021-10-02 01:59:15,-5.107816387580135,2f181d37-819b-4f27-8bfc-c74a894dfd10,36.819328,-119.325316
2021-10-02 14:00:17,-17.726046509654022,2f181d37-819b-4f27-8bfc-c74a894dfd10,36.819328,-119.325316
2021-10-09 01:51:06,1.2210780409626134,2f181d37-819b-4f27-8bfc-c74a894dfd10,36.819328,-119.325316
2021-10-14 01:59:15,-4.333755576481985,2f181d37-819b-4f27-8bfc-c74a894dfd10,36.819328,-119.325316
2021-10-14 14:00:17,-18.61471537220414,2f181d37-819b-4f27-8bfc-c74a894dfd10,36.819328,-119.325316
2021-10-21 01:51:06,-3.198875449362715,2f181d37-819b-4f27-8bfc-c74a894dfd10,36.819328,-119.325316
2021-10-26 01:59:15,-5.930365700092474,2f181d37-819b-4f27-8bfc-c74a894dfd10,36.819328,-119.325316
2021-10-26 14:00:17,-15.553374865600286,2f181d37-819b-4f27-8bfc-c74a894dfd10,36.819328,-119.325316
2021-11-02 01:51:06,-1.553061630408678,2f181d37-819b-4f27-8bfc-c74a894dfd10,36.819328,-119.325316
2021-11-14 01:51:28,-4.363679786791388,2f181d37-819b-4f27-8bfc-c74a894dfd10,36.819328,-119.325316
2021-11-19 01:59:37,-8.76675190014472,2f181d37-819b-4f27-8bfc-c74a894dfd10,36.819328,-119.325316
2021-11-19 14:00:17,-16.058108337326335,2f181d37-819b-4f27-8bfc-c74a894dfd10,36.819328,-119.325316
2021-11-26 01:51:28,-5.153807671965177,2f181d37-819b-4f27-8bfc-c74a894dfd10,36.819328,-119.325316
2021-12-01 01:59:37,-7.978657261391468,2f181d37-819b-4f27-8bfc-c74a894dfd10,36.819328,-119.325316
2021-12-01 14:00:16,-15.978469333296344,2f181d37-819b-4f27-8bfc-c74a894dfd10,36.819328,-119.325316
2021-12-08 01:51:27,-3.6241390926929933,2f181d37-819b-4f27-8bfc-c74a894dfd10,36.819328,-119.325316
2021-12-13 01:59:36,-6.037711787167173,2f181d37-819b-4f27-8bfc-c74a894dfd10,36.819328,-119.325316
2021-12-13 14:00:16,-14.34021222856842,2f181d37-819b-4f27-8bfc-c74a894dfd10,36.819328,-119.325316
2021-12-20 01:51:27,-2.0378047425519825,2f181d37-819b-4f27-8bfc-c74a894dfd10,36.819328,-119.325316
2021-12-25 14:00:15,-17.70585058908807,2f181d37-819b-4f27-8bfc-c74a894dfd10,36.819328,-119.325316
2014-10-15 13:59:22,-18.828472171886524,2f181d37-819b-4f27-8bfc-c74a894dfd10,36.819328,-119.325316
2014-11-03 01:50:24,7.364454254259933,2f181d37-819b-4f27-8bfc-c74a894dfd10,36.819328,-119.325316
2014-11-08 13:59:22,-20.33770861590796,2f181d37-819b-4f27-8bfc-c74a894dfd10,36.819328,-119.325316
2014-11-27 01:50:17,0.7583093896937365,2f181d37-819b-4f27-8bfc-c74a894dfd10,36.819328,-119.325316
2014-12-02 13:59:22,-16.504150364969544,2f181d37-819b-4f27-8bfc-c74a894dfd10,36.819328,-119.325316
2014-12-21 01:50:35,3.5954149018042885,2f181d37-819b-4f27-8bfc-c74a894dfd10,36.819328,-119.325316
2014-12-26 13:59:21,-16.728497596982187,2f181d37-819b-4f27-8bfc-c74a894dfd10,36.819328,-119.325316
2015-01-07 01:58:44,-4.016217024632547,2f181d37-819b-4f27-8bfc-c74a894dfd10,36.819328,-119.325316
2015-01-14 01:50:34,-4.621191971624016,2f181d37-819b-4f27-8bfc-c74a894dfd10,36.819328,-119.325316
2015-01-31 01:58:51,-5.664587324750495,2f181d37-819b-4f27-8bfc-c74a894dfd10,36.819328,-119.325316
2015-02-07 01:50:22,-2.460158925506289,2f181d37-819b-4f27-8bfc-c74a894dfd10,36.819328,-119.325316
2015-02-12 13:59:19,-15.12744041583793,2f181d37-819b-4f27-8bfc-c74a894dfd10,36.819328,-119.325316
2015-02-24 01:58:45,-4.142247293844694,2f181d37-819b-4f27-8bfc-c74a894dfd10,36.819328,-119.325316
2015-03-08 13:59:20,-15.50718295163962,2f181d37-819b-4f27-8bfc-c74a894dfd10,36.819328,-119.325316
2015-03-20 01:58:27,-8.358978824707586,2f181d37-819b-4f27-8bfc-c74a894dfd10,36.819328,-119.325316
2015-04-01 13:59:20,-14.135103487824434,2f181d37-819b-4f27-8bfc-c74a894dfd10,36.819328,-119.325316
2015-04-08 01:50:16,3.0141930140250213,2f181d37-819b-4f27-8bfc-c74a894dfd10,36.819328,-119.325316
2015-04-13 01:58:50,-7.383839732117784,2f181d37-819b-4f27-8bfc-c74a894dfd10,36.819328,-119.325316
2015-04-25 13:59:22,-12.402236087526804,2f181d37-819b-4f27-8bfc-c74a894dfd10,36.819328,-119.325316
2015-05-02 01:50:22,-3.059163853855095,2f181d37-819b-4f27-8bfc-c74a894dfd10,36.819328,-119.325316
2015-05-07 01:58:45,-7.7537095585337354,2f181d37-819b-4f27-8bfc-c74a894dfd10,36.819328,-119.325316
2015-05-26 01:50:26,-0.8422140622404127,2f181d37-819b-4f27-8bfc-c74a894dfd10,36.819328,-119.325316
2015-05-31 01:58:38,-8.051213487673543,2f181d37-819b-4f27-8bfc-c74a894dfd10,36.819328,-119.325316
2015-06-12 13:59:25,-14.257740961543725,2f181d37-819b-4f27-8bfc-c74a894dfd10,36.819328,-119.325316
2015-06-19 01:50:27,-4.436343535657404,2f181d37-819b-4f27-8bfc-c74a894dfd10,36.819328,-119.325316
2015-06-24 01:58:40,-6.277373014604484,2f181d37-819b-4f27-8bfc-c74a894dfd10,36.819328,-119.325316
2015-07-06 13:59:25,-14.638720443450563,2f181d37-819b-4f27-8bfc-c74a894dfd10,36.819328,-119.325316
2015-07-13 01:50:28,-4.357559177713963,2f181d37-819b-4f27-8bfc-c74a894dfd10,36.819328,-119.325316
2015-07-18 01:58:40,-9.401652084478279,2f181d37-819b-4f27-8bfc-c74a894dfd10,36.819328,-119.325316
2015-07-30 13:59:26,-14.976564527646294,2f181d37-819b-4f27-8bfc-c74a894dfd10,36.819328,-119.325316
2015-08-06 01:50:29,-1.0788018335074416,2f181d37-819b-4f27-8bfc-c74a894dfd10,36.819328,-119.325316
2015-08-11 01:58:41,-10.18807717409952,2f181d37-819b-4f27-8bfc-c74a894dfd10,36.819328,-119.325316
2015-08-23 13:59:28,-15.668505630555735,2f181d37-819b-4f27-8bfc-c74a894dfd10,36.819328,-119.325316
2015-09-04 01:58:42,-7.914043492100918,2f181d37-819b-4f27-8bfc-c74a894dfd10,36.819328,-119.325316
2015-09-16 13:59:28,-14.935947296233536,2f181d37-819b-4f27-8bfc-c74a894dfd10,36.819328,-119.325316
2015-09-28 01:58:43,-5.90022309965779,2f181d37-819b-4f27-8bfc-c74a894dfd10,36.819328,-119.325316
2015-10-10 13:59:29,-16.49959171251973,2f181d37-819b-4f27-8bfc-c74a894dfd10,36.819328,-119.325316
2015-10-17 01:50:32,-0.4487468173898441,2f181d37-819b-4f27-8bfc-c74a894dfd10,36.819328,-119.325316
2015-11-03 13:59:29,-14.36720120713397,2f181d37-819b-4f27-8bfc-c74a894dfd10,36.819328,-119.325316
2015-11-15 01:58:37,-7.019834158202562,2f181d37-819b-4f27-8bfc-c74a894dfd10,36.819328,-119.325316
2015-11-15 01:58:37,-7.019834158202562,2f181d37-819b-4f27-8bfc-c74a894dfd10,36.819328,-119.325316
2015-11-27 13:59:23,-16.147827947422652,2f181d37-819b-4f27-8bfc-c74a894dfd10,36.819328,-119.325316
2015-12-21 13:59:22,-14.73735763809387,2f181d37-819b-4f27-8bfc-c74a894dfd10,36.819328,-119.325316
2016-01-14 13:59:21,-23.261484942219454,2f181d37-819b-4f27-8bfc-c74a894dfd10,36.819328,-119.325316
2016-01-26 01:58:35,-7.452858758211364,2f181d37-819b-4f27-8bfc-c74a894dfd10,36.819328,-119.325316
2016-02-07 13:59:21,-16.789220782183317,2f181d37-819b-4f27-8bfc-c74a894dfd10,36.819328,-119.325316
2016-02-14 01:50:48,-3.0448213872989793,2f181d37-819b-4f27-8bfc-c74a894dfd10,36.819328,-119.325316
2016-02-19 01:58:35,-5.212442612509925,2f181d37-819b-4f27-8bfc-c74a894dfd10,36.819328,-119.325316
2016-03-02 13:59:21,-18.579031584880955,2f181d37-819b-4f27-8bfc-c74a894dfd10,36.819328,-119.325316
2016-03-26 13:59:21,-18.985431155301068,2f181d37-819b-4f27-8bfc-c74a894dfd10,36.819328,-119.325316
2016-04-07 01:58:36,-10.001537834044294,2f181d37-819b-4f27-8bfc-c74a894dfd10,36.819328,-119.325316
2016-04-19 13:59:17,-19.13935772182814,2f181d37-819b-4f27-8bfc-c74a894dfd10,36.819328,-119.325316
2016-04-26 01:50:50,-3.8554602404468366,2f181d37-819b-4f27-8bfc-c74a894dfd10,36.819328,-119.325316
2016-05-01 01:58:37,-4.8678374314591775,2f181d37-819b-4f27-8bfc-c74a894dfd10,36.819328,-119.325316
2016-05-13 13:59:23,-22.09613046060722,2f181d37-819b-4f27-8bfc-c74a894dfd10,36.819328,-119.325316
2016-05-20 01:50:51,-0.09529492088794415,2f181d37-819b-4f27-8bfc-c74a894dfd10,36.819328,-119.325316
2016-05-25 01:58:41,-5.981820362177292,2f181d37-819b-4f27-8bfc-c74a894dfd10,36.819328,-119.325316
2016-06-06 13:59:25,-17.894570944917753,2f181d37-819b-4f27-8bfc-c74a894dfd10,36.819328,-119.325316
2016-06-13 01:50:53,0.34720782322894334,2f181d37-819b-4f27-8bfc-c74a894dfd10,36.819328,-119.325316
2016-06-30 13:59:26,-17.859575385939678,2f181d37-819b-4f27-8bfc-c74a894dfd10,36.819328,-119.325316
2016-07-07 01:50:54,-1.9783059871622586,2f181d37-819b-4f27-8bfc-c74a894dfd10,36.819328,-119.325316
2016-07-24 13:59:27,-15.683027711825478,2f181d37-819b-4f27-8bfc-c74a894dfd10,36.819328,-119.325316
2016-07-31 01:50:55,-1.9836263191801358,2f181d37-819b-4f27-8bfc-c74a894dfd10,36.819328,-119.325316
2016-08-05 01:58:45,-6.883213448248333,2f181d37-819b-4f27-8bfc-c74a894dfd10,36.819328,-119.325316
2016-08-17 13:59:29,-16.035956637846983,2f181d37-819b-4f27-8bfc-c74a894dfd10,36.819328,-119.325316
2016-09-10 13:59:30,-18.929584971033155,2f181d37-819b-4f27-8bfc-c74a894dfd10,36.819328,-119.325316
2016-09-22 01:58:47,-5.267948877510973,2f181d37-819b-4f27-8bfc-c74a894dfd10,36.819328,-119.325316
2016-10-04 13:59:46,-18.01783977109738,2f181d37-819b-4f27-8bfc-c74a894dfd10,36.819328,-119.325316
2016-10-16 01:58:50,-6.646722079247721,2f181d37-819b-4f27-8bfc-c74a894dfd10,36.819328,-119.325316
2016-10-28 13:59:46,-15.389912282451439,2f181d37-819b-4f27-8bfc-c74a894dfd10,36.819328,-119.325316
2016-11-09 01:58:50,-8.213594719500081,2f181d37-819b-4f27-8bfc-c74a894dfd10,36.819328,-119.325316
2016-11-21 13:59:46,-17.20500660696811,2f181d37-819b-4f27-8bfc-c74a894dfd10,36.819328,-119.325316
2016-12-03 01:58:49,-6.4825153028938605,2f181d37-819b-4f27-8bfc-c74a894dfd10,36.819328,-119.325316
2016-12-15 13:59:45,-17.440638391089756,2f181d37-819b-4f27-8bfc-c74a894dfd10,36.819328,-119.325316
2016-12-27 01:58:48,-5.945494700805955,2f181d37-819b-4f27-8bfc-c74a894dfd10,36.819328,-119.325316
2017-01-08 13:59:43,-17.52469595818112,2f181d37-819b-4f27-8bfc-c74a894dfd10,36.819328,-119.325316
2017-01-15 01:50:30,-2.484451338942616,2f181d37-819b-4f27-8bfc-c74a894dfd10,36.819328,-119.325316
2017-01-20 01:58:46,-5.058750590387112,2f181d37-819b-4f27-8bfc-c74a894dfd10,36.819328,-119.325316
2017-02-01 13:59:43,-15.76835215567848,2f181d37-819b-4f27-8bfc-c74a894dfd10,36.819328,-119.325316
2016-10-29 01:50:08,1.333238158077175,2f181d37-819b-4f27-8bfc-c74a894dfd10,36.819328,-119.325316
2016-11-22 01:50:08,3.3540049772042324,2f181d37-819b-4f27-8bfc-c74a894dfd10,36.819328,-119.325316
2016-12-16 01:49:50,0.9612900454096297,2f181d37-819b-4f27-8bfc-c74a894dfd10,36.819328,-119.325316
2017-01-02 01:58:05,-7.291395536777561,2f181d37-819b-4f27-8bfc-c74a894dfd10,36.819328,-119.325316
2017-01-09 01:49:48,-1.5173867560511867,2f181d37-819b-4f27-8bfc-c74a894dfd10,36.819328,-119.325316
2017-01-14 01:58:13,-5.207217092777638,2f181d37-819b-4f27-8bfc-c74a894dfd10,36.819328,-119.325316
2017-01-14 13:58:43,-17.24585993085243,2f181d37-819b-4f27-8bfc-c74a894dfd10,36.819328,-119.325316
2017-01-21 01:50:12,-2.963081164256274,2f181d37-819b-4f27-8bfc-c74a894dfd10,36.819328,-119.325316
2017-01-26 01:58:04,-5.740741531873344,2f181d37-819b-4f27-8bfc-c74a894dfd10,36.819328,-119.325316
2017-01-26 13:58:46,-16.01259003163023,2f181d37-819b-4f27-8bfc-c74a894dfd10,36.819328,-119.325316
2017-02-02 01:49:47,0.31001823298300046,2f181d37-819b-4f27-8bfc-c74a894dfd10,36.819328,-119.325316
2017-02-19 01:58:04,-6.569437541613859,2f181d37-819b-4f27-8bfc-c74a894dfd10,36.819328,-119.325316
2017-02-26 01:50:06,1.4712696446974214,2f181d37-819b-4f27-8bfc-c74a894dfd10,36.819328,-119.325316
2017-03-03 01:58:20,-7.913945014160653,2f181d37-819b-4f27-8bfc-c74a894dfd10,36.819328,-119.325316
2017-03-10 01:50:07,-3.0586094208969445,2f181d37-819b-4f27-8bfc-c74a894dfd10,36.819328,-119.325316
2017-03-15 01:58:21,-12.041873949491178,2f181d37-819b-4f27-8bfc-c74a894dfd10,36.819328,-119.325316
2017-03-27 01:58:21,-6.953631341259541,2f181d37-819b-4f27-8bfc-c74a894dfd10,36.819328,-119.325316
2017-04-03 01:50:07,-4.30150435406291,2f181d37-819b-4f27-8bfc-c74a894dfd10,36.819328,-119.325316
2017-04-08 01:58:21,-5.944011167739785,2f181d37-819b-4f27-8bfc-c74a894dfd10,36.819328,-119.325316
2017-04-15 01:50:08,-2.225540502460012,2f181d37-819b-4f27-8bfc-c74a894dfd10,36.819328,-119.325316
2017-04-20 01:58:22,-7.32109965035984,2f181d37-819b-4f27-8bfc-c74a894dfd10,36.819328,-119.325316
2017-04-27 01:50:08,-3.1944848029239257,2f181d37-819b-4f27-8bfc-c74a894dfd10,36.819328,-119.325316
2017-05-02 01:58:23,-10.22217615742209,2f181d37-819b-4f27-8bfc-c74a894dfd10,36.819328,-119.325316
2017-05-09 01:50:09,-4.802710268085409,2f181d37-819b-4f27-8bfc-c74a894dfd10,36.819328,-119.325316
2017-05-14 01:58:23,-10.76034238051546,2f181d37-819b-4f27-8bfc-c74a894dfd10,36.819328,-119.325316
2017-05-21 01:50:09,-3.7218916432435067,2f181d37-819b-4f27-8bfc-c74a894dfd10,36.819328,-119.325316
2017-05-26 01:58:24,-8.425165690512769,2f181d37-819b-4f27-8bfc-c74a894dfd10,36.819328,-119.325316
2017-06-02 01:50:10,-3.2990822275731526,2f181d37-819b-4f27-8bfc-c74a894dfd10,36.819328,-119.325316
2017-06-07 01:58:08,-8.365722287628437,2f181d37-819b-4f27-8bfc-c74a894dfd10,36.819328,-119.325316
2017-06-14 01:50:11,-4.150435434465011,2f181d37-819b-4f27-8bfc-c74a894dfd10,36.819328,-119.325316
2017-06-26 01:50:12,-1.3487925249990922,2f181d37-819b-4f27-8bfc-c74a894dfd10,36.819328,-119.325316
2017-07-01 01:58:09,-9.19574606728512,2f181d37-819b-4f27-8bfc-c74a894dfd10,36.819328,-119.325316
2017-07-08 01:50:12,-2.2714349466301273,2f181d37-819b-4f27-8bfc-c74a894dfd10,36.819328,-119.325316
2017-07-13 01:58:10,-7.954482277115643,2f181d37-819b-4f27-8bfc-c74a894dfd10,36.819328,-119.325316
2017-07-20 01:50:13,-4.643471782729392,2f181d37-819b-4f27-8bfc-c74a894dfd10,36.819328,-119.325316
2017-08-01 01:50:14,-2.449139344527272,2f181d37-819b-4f27-8bfc-c74a894dfd10,36.819328,-119.325316
2017-08-06 01:58:11,-10.4746290065525,2f181d37-819b-4f27-8bfc-c74a894dfd10,36.819328,-119.325316
2017-08-13 01:50:14,-2.2790379900813886,2f181d37-819b-4f27-8bfc-c74a894dfd10,36.819328,-119.325316
2017-08-18 01:58:12,-9.489000158004474,2f181d37-819b-4f27-8bfc-c74a894dfd10,36.819328,-119.325316
2017-08-25 01:50:15,-2.6267216142061955,2f181d37-819b-4f27-8bfc-c74a894dfd10,36.819328,-119.325316
2017-08-30 01:58:12,-9.52288568674076,2f181d37-819b-4f27-8bfc-c74a894dfd10,36.819328,-119.325316
2017-09-06 01:50:15,-4.209053514593321,2f181d37-819b-4f27-8bfc-c74a894dfd10,36.819328,-119.325316
2017-09-11 01:58:13,-10.091123019684112,2f181d37-819b-4f27-8bfc-c74a894dfd10,36.819328,-119.325316
2017-09-18 01:50:16,-1.385300073227107,2f181d37-819b-4f27-8bfc-c74a894dfd10,36.819328,-119.325316
2017-09-23 01:58:13,-10.812574797768628,2f181d37-819b-4f27-8bfc-c74a894dfd10,36.819328,-119.325316
2017-09-30 01:50:16,-1.6722838155126611,2f181d37-819b-4f27-8bfc-c74a894dfd10,36.819328,-119.325316
2017-10-05 01:58:14,-10.260334332513757,2f181d37-819b-4f27-8bfc-c74a894dfd10,36.819328,-119.325316
2017-10-12 01:50:16,-1.8000525399246328,2f181d37-819b-4f27-8bfc-c74a894dfd10,36.819328,-119.325316
2017-10-17 01:58:20,-9.517955007989167,2f181d37-819b-4f27-8bfc-c74a894dfd10,36.819328,-119.325316
2017-10-24 01:50:16,-1.9905177049783798,2f181d37-819b-4f27-8bfc-c74a894dfd10,36.819328,-119.325316
2017-10-29 01:58:14,-7.933096084615332,2f181d37-819b-4f27-8bfc-c74a894dfd10,36.819328,-119.325316
2017-11-05 01:50:16,-3.5862744221126457,2f181d37-819b-4f27-8bfc-c74a894dfd10,36.819328,-119.325316
2017-11-10 01:58:13,-8.430093553476125,2f181d37-819b-4f27-8bfc-c74a894dfd10,36.819328,-119.325316
2017-11-17 01:50:16,-3.4826175831974577,2f181d37-819b-4f27-8bfc-c74a894dfd10,36.819328,-119.325316
2017-11-22 01:58:13,-9.066745177504748,2f181d37-819b-4f27-8bfc-c74a894dfd10,36.819328,-119.325316
2017-11-29 01:50:16,0.7872803114886722,2f181d37-819b-4f27-8bfc-c74a894dfd10,36.819328,-119.325316
2017-12-04 01:58:13,-7.473439659978621,2f181d37-819b-4f27-8bfc-c74a894dfd10,36.819328,-119.325316
2017-12-11 01:50:15,-2.4152807055192325,2f181d37-819b-4f27-8bfc-c74a894dfd10,36.819328,-119.325316
2017-12-16 01:58:13,-9.890547435333023,2f181d37-819b-4f27-8bfc-c74a894dfd10,36.819328,-119.325316
2017-12-23 01:50:15,-2.3932194942238554,2f181d37-819b-4f27-8bfc-c74a894dfd10,36.819328,-119.325316
2017-12-28 01:58:12,-7.907197790402024,2f181d37-819b-4f27-8bfc-c74a894dfd10,36.819328,-119.325316
2018-01-04 01:50:14,-2.5898842418915766,2f181d37-819b-4f27-8bfc-c74a894dfd10,36.819328,-119.325316
2018-01-09 01:58:12,-3.210005296396621,2f181d37-819b-4f27-8bfc-c74a894dfd10,36.819328,-119.325316
2018-01-16 01:50:14,-0.43574110935813176,2f181d37-819b-4f27-8bfc-c74a894dfd10,36.819328,-119.325316
2018-01-21 01:58:11,-4.586045382976774,2f181d37-819b-4f27-8bfc-c74a894dfd10,36.819328,-119.325316
2018-01-28 01:50:14,0.0982117694963714,2f181d37-819b-4f27-8bfc-c74a894dfd10,36.819328,-119.325316
2018-02-09 01:50:13,-0.8233715705279248,2f181d37-819b-4f27-8bfc-c74a894dfd10,36.819328,-119.325316
2018-02-21 01:50:13,-0.9740399750008221,2f181d37-819b-4f27-8bfc-c74a894dfd10,36.819328,-119.325316
2018-02-26 01:58:10,-7.504330647394074,2f181d37-819b-4f27-8bfc-c74a894dfd10,36.819328,-119.325316
2018-03-05 01:50:13,1.1861798384902784,2f181d37-819b-4f27-8bfc-c74a894dfd10,36.819328,-119.325316
2018-03-10 01:58:11,-5.162144823293502,2f181d37-819b-4f27-8bfc-c74a894dfd10,36.819328,-119.325316
2018-03-17 01:50:13,-1.6371465876164912,2f181d37-819b-4f27-8bfc-c74a894dfd10,36.819328,-119.325316
2018-03-22 01:58:11,-6.335025888644312,2f181d37-819b-4f27-8bfc-c74a894dfd10,36.819328,-119.325316
2018-04-03 01:58:11,-8.344181241487307,2f181d37-819b-4f27-8bfc-c74a894dfd10,36.819328,-119.325316
2018-04-10 01:50:14,-0.584606618851113,2f181d37-819b-4f27-8bfc-c74a894dfd10,36.819328,-119.325316
2018-04-22 01:50:14,-1.0165621790347608,2f181d37-819b-4f27-8bfc-c74a894dfd10,36.819328,-119.325316
2018-04-27 01:58:12,-6.687334292048554,2f181d37-819b-4f27-8bfc-c74a894dfd10,36.819328,-119.325316
2018-05-04 01:50:15,-2.0118838370891865,2f181d37-819b-4f27-8bfc-c74a894dfd10,36.819328,-119.325316
2018-05-16 01:50:15,-2.36053894647332,2f181d37-819b-4f27-8bfc-c74a894dfd10,36.819328,-119.325316
2018-05-21 01:58:13,-6.962627565311678,2f181d37-819b-4f27-8bfc-c74a894dfd10,36.819328,-119.325316
2018-05-28 01:50:16,-1.0438246939025209,2f181d37-819b-4f27-8bfc-c74a894dfd10,36.819328,-119.325316
2018-06-02 01:58:14,-4.562565464376754,2f181d37-819b-4f27-8bfc-c74a894dfd10,36.819328,-119.325316
2018-06-09 01:50:17,-1.560329545162047,2f181d37-819b-4f27-8bfc-c74a894dfd10,36.819328,-119.325316
2018-06-21 01:50:18,-3.01474685329213,2f181d37-819b-4f27-8bfc-c74a894dfd10,36.819328,-119.325316
2018-07-03 01:50:19,-1.5675506094089982,2f181d37-819b-4f27-8bfc-c74a894dfd10,36.819328,-119.325316
2018-07-08 01:58:16,-5.384837814176193,2f181d37-819b-4f27-8bfc-c74a894dfd10,36.819328,-119.325316
2018-07-15 01:50:19,-2.2930633580401354,2f181d37-819b-4f27-8bfc-c74a894dfd10,36.819328,-119.325316
2018-07-20 01:58:17,-6.143240524560631,2f181d37-819b-4f27-8bfc-c74a894dfd10,36.819328,-119.325316
2018-07-27 01:50:20,-2.640579377252053,2f181d37-819b-4f27-8bfc-c74a894dfd10,36.819328,-119.325316
2018-08-01 01:58:18,-6.747415482414424,2f181d37-819b-4f27-8bfc-c74a894dfd10,36.819328,-119.325316
2018-08-13 01:58:18,-3.819163280681704,2f181d37-819b-4f27-8bfc-c74a894dfd10,36.819328,-119.325316
2018-08-25 01:58:19,-4.9538640426348755,2f181d37-819b-4f27-8bfc-c74a894dfd10,36.819328,-119.325316
2018-09-06 01:58:20,-5.38981470520321,2f181d37-819b-4f27-8bfc-c74a894dfd10,36.819328,-119.325316
2018-09-18 01:58:20,-4.460786103448013,2f181d37-819b-4f27-8bfc-c74a894dfd10,36.819328,-119.325316
2018-09-25 01:50:23,-3.0198730967101173,2f181d37-819b-4f27-8bfc-c74a894dfd10,36.819328,-119.325316
2018-09-30 01:58:20,-4.3697700930482295,2f181d37-819b-4f27-8bfc-c74a894dfd10,36.819328,-119.325316
2018-10-12 01:58:21,-5.891782973086352,2f181d37-819b-4f27-8bfc-c74a894dfd10,36.819328,-119.325316
2018-10-24 01:58:21,-5.629984111999993,2f181d37-819b-4f27-8bfc-c74a894dfd10,36.819328,-119.325316
2018-11-05 01:58:20,-5.835291608151375,2f181d37-819b-4f27-8bfc-c74a894dfd10,36.819328,-119.325316
2018-11-17 01:58:20,-5.769614466073603,2f181d37-819b-4f27-8bfc-c74a894dfd10,36.819328,-119.325316
2018-11-17 13:59:16,-17.223284138020787,2f181d37-819b-4f27-8bfc-c74a894dfd10,36.819328,-119.325316
2018-11-29 01:58:20,-4.0805766695864785,2f181d37-819b-4f27-8bfc-c74a894dfd10,36.819328,-119.325316
2018-12-11 01:58:19,-6.2272757838889525,2f181d37-819b-4f27-8bfc-c74a894dfd10,36.819328,-119.325316
2018-12-23 01:58:19,-8.14248294135907,2f181d37-819b-4f27-8bfc-c74a894dfd10,36.819328,-119.325316
2018-12-30 01:50:21,-0.09162722747389529,2f181d37-819b-4f27-8bfc-c74a894dfd10,36.819328,-119.325316
2019-01-04 01:58:18,-6.601445459853245,2f181d37-819b-4f27-8bfc-c74a894dfd10,36.819328,-119.325316
2019-01-11 01:50:21,0.10738199668012165,2f181d37-819b-4f27-8bfc-c74a894dfd10,36.819328,-119.325316
2019-01-16 01:58:18,-4.062591969759872,2f181d37-819b-4f27-8bfc-c74a894dfd10,36.819328,-119.325316
2019-01-23 01:50:20,-1.779349474658363,2f181d37-819b-4f27-8bfc-c74a894dfd10,36.819328,-119.325316
2019-01-28 01:58:18,-8.182854492733945,2f181d37-819b-4f27-8bfc-c74a894dfd10,36.819328,-119.325316
2019-02-09 01:58:17,-3.9760937013368385,2f181d37-819b-4f27-8bfc-c74a894dfd10,36.819328,-119.325316
2019-02-21 01:58:17,-5.780362723332938,2f181d37-819b-4f27-8bfc-c74a894dfd10,36.819328,-119.325316
2019-03-05 01:58:17,-4.580005480745337,2f181d37-819b-4f27-8bfc-c74a894dfd10,36.819328,-119.325316
2019-03-12 01:50:20,-0.8768912508774567,2f181d37-819b-4f27-8bfc-c74a894dfd10,36.819328,-119.325316
2019-03-17 01:58:17,-4.3200100567089175,2f181d37-819b-4f27-8bfc-c74a894dfd10,36.819328,-119.325316
2019-03-24 01:50:20,0.33412277744092445,2f181d37-819b-4f27-8bfc-c74a894dfd10,36.819328,-119.325316
2019-03-29 01:58:17,-3.6399048192936005,2f181d37-819b-4f27-8bfc-c74a894dfd10,36.819328,-119.325316
2019-04-05 01:50:20,-1.6098792130658408,2f181d37-819b-4f27-8bfc-c74a894dfd10,36.819328,-119.325316
2019-04-10 01:58:18,-8.961614373910567,2f181d37-819b-4f27-8bfc-c74a894dfd10,36.819328,-119.325316
2019-04-17 01:50:21,-0.9586340738948065,2f181d37-819b-4f27-8bfc-c74a894dfd10,36.819328,-119.325316
2019-04-22 01:58:18,-10.35171158539047,2f181d37-819b-4f27-8bfc-c74a894dfd10,36.819328,-119.325316
2019-04-29 01:50:21,-2.1169339105644926,2f181d37-819b-4f27-8bfc-c74a894dfd10,36.819328,-119.325316
2019-05-04 01:58:19,-9.717853323985258,2f181d37-819b-4f27-8bfc-c74a894dfd10,36.819328,-119.325316
2019-05-11 01:50:22,0.1559591873752905,2f181d37-819b-4f27-8bfc-c74a894dfd10,36.819328,-119.325316
2019-05-16 01:58:19,-6.470547862920583,2f181d37-819b-4f27-8bfc-c74a894dfd10,36.819328,-119.325316
2019-05-23 01:50:22,2.084847476115475,2f181d37-819b-4f27-8bfc-c74a894dfd10,36.819328,-119.325316
2019-05-28 01:58:20,-10.036505830017283,2f181d37-819b-4f27-8bfc-c74a894dfd10,36.819328,-119.325316
2019-06-09 01:58:21,-10.722226358203475,2f181d37-819b-4f27-8bfc-c74a894dfd10,36.819328,-119.325316
2019-06-16 01:50:24,-1.9827250856109886,2f181d37-819b-4f27-8bfc-c74a894dfd10,36.819328,-119.325316
2019-06-21 01:58:21,-12.141976728712566,2f181d37-819b-4f27-8bfc-c74a894dfd10,36.819328,-119.325316
2019-06-28 01:50:24,-0.17405133926225014,2f181d37-819b-4f27-8bfc-c74a894dfd10,36.819328,-119.325316
2019-07-03 01:58:22,-10.725724753416449,2f181d37-819b-4f27-8bfc-c74a894dfd10,36.819328,-119.325316
2019-07-10 01:50:25,-1.4342747259354403,2f181d37-819b-4f27-8bfc-c74a894dfd10,36.819328,-119.325316
2019-07-15 01:58:23,-8.672086926148214,2f181d37-819b-4f27-8bfc-c74a894dfd10,36.819328,-119.325316
2019-07-22 01:50:26,-0.3131501905724169,2f181d37-819b-4f27-8bfc-c74a894dfd10,36.819328,-119.325316
2019-07-27 01:58:23,-8.78553136171483,2f181d37-819b-4f27-8bfc-c74a894dfd10,36.819328,-119.325316
2019-08-03 01:50:26,-1.7471623984838527,2f181d37-819b-4f27-8bfc-c74a894dfd10,36.819328,-119.325316
2019-08-08 01:58:24,-7.999274947626712,2f181d37-819b-4f27-8bfc-c74a894dfd10,36.819328,-119.325316
2019-08-15 01:50:27,-1.3218430433038184,2f181d37-819b-4f27-8bfc-c74a894dfd10,36.819328,-119.325316
2019-08-20 01:58:25,-10.228356425699204,2f181d37-819b-4f27-8bfc-c74a894dfd10,36.819328,-119.325316
2019-08-20 13:59:04,-14.58121281014343,2f181d37-819b-4f27-8bfc-c74a894dfd10,36.819328,-119.325316
2019-08-27 01:50:28,-0.20487852618593094,2f181d37-819b-4f27-8bfc-c74a894dfd10,36.819328,-119.325316
2019-09-01 01:58:25,-7.450502792799475,2f181d37-819b-4f27-8bfc-c74a894dfd10,36.819328,-119.325316
2019-09-01 13:59:04,-13.570947184962208,2f181d37-819b-4f27-8bfc-c74a894dfd10,36.819328,-119.325316
2019-09-08 01:50:29,-1.3997734237980193,2f181d37-819b-4f27-8bfc-c74a894dfd10,36.819328,-119.325316
2019-09-13 01:58:26,-9.62477163271518,2f181d37-819b-4f27-8bfc-c74a894dfd10,36.819328,-119.325316
2019-09-13 13:59:05,-15.489699746574122,2f181d37-819b-4f27-8bfc-c74a894dfd10,36.819328,-119.325316
2019-09-25 01:58:27,-9.975550345185992,2f181d37-819b-4f27-8bfc-c74a894dfd10,36.819328,-119.325316
2019-09-25 13:59:05,-17.016591379831322,2f181d37-819b-4f27-8bfc-c74a894dfd10,36.819328,-119.325316
2019-10-02 01:50:29,-1.2628717429016318,2f181d37-819b-4f27-8bfc-c74a894dfd10,36.819328,-119.325316
2019-10-07 01:58:27,-9.958801711475338,2f181d37-819b-4f27-8bfc-c74a894dfd10,36.819328,-119.325316
2019-10-07 13:59:05,-13.390901876429735,2f181d37-819b-4f27-8bfc-c74a894dfd10,36.819328,-119.325316
2019-10-14 01:50:29,-1.531519455399991,2f181d37-819b-4f27-8bfc-c74a894dfd10,36.819328,-119.325316
2019-10-19 01:58:27,-9.501369984336494,2f181d37-819b-4f27-8bfc-c74a894dfd10,36.819328,-119.325316
2019-10-19 13:59:06,-13.590523116422899,2f181d37-819b-4f27-8bfc-c74a894dfd10,36.819328,-119.325316
2019-10-26 01:50:29,-1.2160569407579596,2f181d37-819b-4f27-8bfc-c74a894dfd10,36.819328,-119.325316
2019-10-31 01:58:27,-8.004646274954533,2f181d37-819b-4f27-8bfc-c74a894dfd10,36.819328,-119.325316
2019-10-31 13:59:05,-17.89342781112466,2f181d37-819b-4f27-8bfc-c74a894dfd10,36.819328,-119.325316
2019-11-07 01:50:29,-0.9208807686544557,2f181d37-819b-4f27-8bfc-c74a894dfd10,36.819328,-119.325316
2019-11-12 01:58:27,-8.283760260813462,2f181d37-819b-4f27-8bfc-c74a894dfd10,36.819328,-119.325316
2019-11-12 13:59:05,-15.85418843178104,2f181d37-819b-4f27-8bfc-c74a894dfd10,36.819328,-119.325316
2019-11-19 01:50:29,-1.0252558542611412,2f181d37-819b-4f27-8bfc-c74a894dfd10,36.819328,-119.325316
2019-11-24 01:58:27,-12.205532194777298,2f181d37-819b-4f27-8bfc-c74a894dfd10,36.819328,-119.325316
2019-11-24 13:59:05,-15.789654005051638,2f181d37-819b-4f27-8bfc-c74a894dfd10,36.819328,-119.325316
2019-12-01 01:50:29,0.7515960770432705,2f181d37-819b-4f27-8bfc-c74a894dfd10,36.819328,-119.325316
2019-12-06 01:58:26,-3.726717580807356,2f181d37-819b-4f27-8bfc-c74a894dfd10,36.819328,-119.325316
2019-12-06 13:59:05,-18.06223309256851,2f181d37-819b-4f27-8bfc-c74a894dfd10,36.819328,-119.325316
2019-12-13 01:50:28,2.2668145816772123,2f181d37-819b-4f27-8bfc-c74a894dfd10,36.819328,-119.325316
2019-12-18 01:58:26,-4.6264060681915655,2f181d37-819b-4f27-8bfc-c74a894dfd10,36.819328,-119.325316
2019-12-18 13:59:04,-19.002321126608962,2f181d37-819b-4f27-8bfc-c74a894dfd10,36.819328,-119.325316
2019-12-25 01:50:28,-0.907926273650256,2f181d37-819b-4f27-8bfc-c74a894dfd10,36.819328,-119.325316
2019-12-30 01:58:25,-5.446483487559242,2f181d37-819b-4f27-8bfc-c74a894dfd10,36.819328,-119.325316
2019-12-30 13:59:04,-19.233495535794255,2f181d37-819b-4f27-8bfc-c74a894dfd10,36.819328,-119.325316
2020-01-06 01:50:27,-2.1138242451675273,2f181d37-819b-4f27-8bfc-c74a894dfd10,36.819328,-119.325316
2020-01-11 01:58:25,-4.745665642894318,2f181d37-819b-4f27-8bfc-c74a894dfd10,36.819328,-119.325316
2020-01-11 13:59:03,-16.31675209162776,2f181d37-819b-4f27-8bfc-c74a894dfd10,36.819328,-119.325316
2020-01-18 01:50:27,-0.4289599454867757,2f181d37-819b-4f27-8bfc-c74a894dfd10,36.819328,-119.325316
2020-01-23 01:58:24,-6.0553859304761275,2f181d37-819b-4f27-8bfc-c74a894dfd10,36.819328,-119.325316
2020-01-23 13:59:03,-17.01558093855488,2f181d37-819b-4f27-8bfc-c74a894dfd10,36.819328,-119.325316
2020-01-30 01:50:26,-3.1426577426457625,2f181d37-819b-4f27-8bfc-c74a894dfd10,36.819328,-119.325316
2020-02-04 01:58:24,-9.095841290207026,2f181d37-819b-4f27-8bfc-c74a894dfd10,36.819328,-119.325316
2020-02-04 13:59:02,-17.250854901696737,2f181d37-819b-4f27-8bfc-c74a894dfd10,36.819328,-119.325316
2020-02-11 01:50:26,-2.5398265565136056,2f181d37-819b-4f27-8bfc-c74a894dfd10,36.819328,-119.325316
2020-02-16 01:58:23,-7.185084497523904,2f181d37-819b-4f27-8bfc-c74a894dfd10,36.819328,-119.325316
2020-02-16 13:59:02,-14.214034707826936,2f181d37-819b-4f27-8bfc-c74a894dfd10,36.819328,-119.325316
2020-02-23 01:50:26,-2.931518382723345,2f181d37-819b-4f27-8bfc-c74a894dfd10,36.819328,-119.325316
2020-02-28 01:58:23,-8.003285867047618,2f181d37-819b-4f27-8bfc-c74a894dfd10,36.819328,-119.325316
2020-02-28 13:59:02,-15.654967320382067,2f181d37-819b-4f27-8bfc-c74a894dfd10,36.819328,-119.325316
2020-03-06 01:50:26,-0.8701583106722756,2f181d37-819b-4f27-8bfc-c74a894dfd10,36.819328,-119.325316
2020-03-11 01:58:23,-8.582304920674073,2f181d37-819b-4f27-8bfc-c74a894dfd10,36.819328,-119.325316
2020-03-11 13:59:02,-14.917760463566188,2f181d37-819b-4f27-8bfc-c74a894dfd10,36.819328,-119.325316
2020-03-18 01:50:26,1.3909978121153774,2f181d37-819b-4f27-8bfc-c74a894dfd10,36.819328,-119.325316
2020-03-23 01:58:24,-6.58590909513762,2f181d37-819b-4f27-8bfc-c74a894dfd10,36.819328,-119.325316
2020-03-23 13:59:02,-16.99567986937213,2f181d37-819b-4f27-8bfc-c74a894dfd10,36.819328,-119.325316
2020-04-04 01:58:24,-11.019531000458036,2f181d37-819b-4f27-8bfc-c74a894dfd10,36.819328,-119.325316
2020-04-04 13:59:02,-15.195245162341438,2f181d37-819b-4f27-8bfc-c74a894dfd10,36.819328,-119.325316
2020-04-11 01:50:27,-0.345995591667763,2f181d37-819b-4f27-8bfc-c74a894dfd10,36.819328,-119.325316
2020-04-16 01:58:24,-7.781408314063738,2f181d37-819b-4f27-8bfc-c74a894dfd10,36.819328,-119.325316
2020-04-16 13:59:03,-14.73780217121421,2f181d37-819b-4f27-8bfc-c74a894dfd10,36.819328,-119.325316
2020-04-23 01:50:27,-5.102586951954857,2f181d37-819b-4f27-8bfc-c74a894dfd10,36.819328,-119.325316
2020-04-28 01:58:25,-6.626202462585526,2f181d37-819b-4f27-8bfc-c74a894dfd10,36.819328,-119.325316
2020-04-28 13:59:03,-16.41210820016797,2f181d37-819b-4f27-8bfc-c74a894dfd10,36.819328,-119.325316
2020-05-05 01:50:28,-3.54468044171306,2f181d37-819b-4f27-8bfc-c74a894dfd10,36.819328,-119.325316
2020-05-10 01:58:25,-6.829096512983607,2f181d37-819b-4f27-8bfc-c74a894dfd10,36.819328,-119.325316
2020-05-10 13:59:04,-17.48343195457924,2f181d37-819b-4f27-8bfc-c74a894dfd10,36.819328,-119.325316
2020-05-17 01:50:28,-3.1153919777499146,2f181d37-819b-4f27-8bfc-c74a894dfd10,36.819328,-119.325316
2020-05-22 01:58:26,-5.74280663306276,2f181d37-819b-4f27-8bfc-c74a894dfd10,36.819328,-119.325316
2020-05-22 13:59:05,-17.989397834244144,2f181d37-819b-4f27-8bfc-c74a894dfd10,36.819328,-119.325316
2020-05-29 01:50:29,-1.5622792310184705,2f181d37-819b-4f27-8bfc-c74a894dfd10,36.819328,-119.325316
2020-06-03 01:58:27,-5.283387965477975,2f181d37-819b-4f27-8bfc-c74a894dfd10,36.819328,-119.325316
2020-06-03 13:59:06,-15.788770767877004,2f181d37-819b-4f27-8bfc-c74a894dfd10,36.819328,-119.325316
2020-06-10 01:50:30,-0.7516825952092079,2f181d37-819b-4f27-8bfc-c74a894dfd10,36.819328,-119.325316
2020-06-15 01:58:28,-5.3394605693512185,2f181d37-819b-4f27-8bfc-c74a894dfd10,36.819328,-119.325316
2020-06-15 13:59:06,-13.90159849852054,2f181d37-819b-4f27-8bfc-c74a894dfd10,36.819328,-119.325316
2020-06-22 01:50:30,-0.39314237762166115,2f181d37-819b-4f27-8bfc-c74a894dfd10,36.819328,-119.325316
2020-06-27 01:58:28,-4.855786582899302,2f181d37-819b-4f27-8bfc-c74a894dfd10,36.819328,-119.325316
2020-06-27 13:59:07,-14.542316201825443,2f181d37-819b-4f27-8bfc-c74a894dfd10,36.819328,-119.325316
2020-07-04 01:50:31,-2.8546694246994737,2f181d37-819b-4f27-8bfc-c74a894dfd10,36.819328,-119.325316
2020-07-09 01:58:29,-3.170385825091961,2f181d37-819b-4f27-8bfc-c74a894dfd10,36.819328,-119.325316
2020-07-09 13:59:07,-16.550205337593567,2f181d37-819b-4f27-8bfc-c74a894dfd10,36.819328,-119.325316
2020-07-16 01:50:32,-1.167876982719051,2f181d37-819b-4f27-8bfc-c74a894dfd10,36.819328,-119.325316
2020-07-21 01:58:30,-4.4849731680667055,2f181d37-819b-4f27-8bfc-c74a894dfd10,36.819328,-119.325316
2020-07-21 13:59:08,-17.521462232514008,2f181d37-819b-4f27-8bfc-c74a894dfd10,36.819328,-119.325316
2020-07-28 01:50:33,-1.5472668079197112,2f181d37-819b-4f27-8bfc-c74a894dfd10,36.819328,-119.325316
2020-08-02 01:58:30,-4.2633505237184535,2f181d37-819b-4f27-8bfc-c74a894dfd10,36.819328,-119.325316
2020-08-02 13:59:09,-15.571587240125096,2f181d37-819b-4f27-8bfc-c74a894dfd10,36.819328,-119.325316
2020-08-09 01:50:33,-1.558780770038168,2f181d37-819b-4f27-8bfc-c74a894dfd10,36.819328,-119.325316
2020-08-14 01:58:31,-5.939469039417102,2f181d37-819b-4f27-8bfc-c74a894dfd10,36.819328,-119.325316
2020-08-14 13:59:10,-15.870106980335079,2f181d37-819b-4f27-8bfc-c74a894dfd10,36.819328,-119.325316
2020-08-21 01:50:34,-2.6611784043179494,2f181d37-819b-4f27-8bfc-c74a894dfd10,36.819328,-119.325316
2020-08-26 01:58:32,-5.285982819123244,2f181d37-819b-4f27-8bfc-c74a894dfd10,36.819328,-119.325316
2020-08-26 13:59:10,-15.151866654273427,2f181d37-819b-4f27-8bfc-c74a894dfd10,36.819328,-119.325316
2020-09-02 01:50:35,-1.2416298885993513,2f181d37-819b-4f27-8bfc-c74a894dfd10,36.819328,-119.325316
2020-09-07 01:58:32,-4.253001811243257,2f181d37-819b-4f27-8bfc-c74a894dfd10,36.819328,-119.325316
2020-09-07 13:59:11,-18.16384117551414,2f181d37-819b-4f27-8bfc-c74a894dfd10,36.819328,-119.325316
2020-09-14 01:50:35,-1.1147381163854442,2f181d37-819b-4f27-8bfc-c74a894dfd10,36.819328,-119.325316
2020-09-19 01:58:33,-4.948973972039092,2f181d37-819b-4f27-8bfc-c74a894dfd10,36.819328,-119.325316
2020-09-19 13:59:11,-16.502295683062957,2f181d37-819b-4f27-8bfc-c74a894dfd10,36.819328,-119.325316
2020-09-26 01:50:35,-1.2103604995987831,2f181d37-819b-4f27-8bfc-c74a894dfd10,36.819328,-119.325316
2020-10-01 01:58:33,-4.747812014785546,2f181d37-819b-4f27-8bfc-c74a894dfd10,36.819328,-119.325316
2020-10-01 13:59:12,-15.530867275042432,2f181d37-819b-4f27-8bfc-c74a894dfd10,36.819328,-119.325316
2020-10-08 01:50:36,-1.0805451546463787,2f181d37-819b-4f27-8bfc-c74a894dfd10,36.819328,-119.325316
2020-10-13 01:58:33,-6.5076064020288875,2f181d37-819b-4f27-8bfc-c74a894dfd10,36.819328,-119.325316
2020-10-13 13:59:12,-13.836322966144794,2f181d37-819b-4f27-8bfc-c74a894dfd10,36.819328,-119.325316
2020-10-20 01:50:36,-1.360319160888728,2f181d37-819b-4f27-8bfc-c74a894dfd10,36.819328,-119.325316
2020-10-25 01:58:33,-5.310606019986945,2f181d37-819b-4f27-8bfc-c74a894dfd10,36.819328,-119.325316
2020-10-25 13:59:12,-13.515833414174248,2f181d37-819b-4f27-8bfc-c74a894dfd10,36.819328,-119.325316
2020-11-01 01:50:36,-1.1201511196295355,2f181d37-819b-4f27-8bfc-c74a894dfd10,36.819328,-119.325316
2020-11-06 01:58:33,-5.434178615881837,2f181d37-819b-4f27-8bfc-c74a894dfd10,36.819328,-119.325316
2020-11-06 13:59:12,-15.191770538516005,2f181d37-819b-4f27-8bfc-c74a894dfd10,36.819328,-119.325316
2020-11-13 01:50:36,-4.751253674284646,2f181d37-819b-4f27-8bfc-c74a894dfd10,36.819328,-119.325316
2020-11-18 01:58:33,-5.850418015585634,2f181d37-819b-4f27-8bfc-c74a894dfd10,36.819328,-119.325316
2020-11-18 13:59:12,-18.52231266097562,2f181d37-819b-4f27-8bfc-c74a894dfd10,36.819328,-119.325316
2020-11-25 01:50:35,-3.27606455351424,2f181d37-819b-4f27-8bfc-c74a894dfd10,36.819328,-119.325316
2020-11-30 01:58:33,-6.064457633020033,2f181d37-819b-4f27-8bfc-c74a894dfd10,36.819328,-119.325316
2020-11-30 13:59:11,-13.843841340284296,2f181d37-819b-4f27-8bfc-c74a894dfd10,36.819328,-119.325316
2020-12-07 01:50:35,-3.1346821800891886,2f181d37-819b-4f27-8bfc-c74a894dfd10,36.819328,-119.325316
2020-12-12 01:58:32,-7.07076568617914,2f181d37-819b-4f27-8bfc-c74a894dfd10,36.819328,-119.325316
2020-12-12 13:59:11,-17.835077555573257,2f181d37-819b-4f27-8bfc-c74a894dfd10,36.819328,-119.325316
2020-12-19 01:50:34,0.1480055407154557,2f181d37-819b-4f27-8bfc-c74a894dfd10,36.819328,-119.325316
2020-12-24 01:58:31,-6.814196627804314,2f181d37-819b-4f27-8bfc-c74a894dfd10,36.819328,-119.325316
2020-12-24 13:59:10,-15.573390687699618,2f181d37-819b-4f27-8bfc-c74a894dfd10,36.819328,-119.325316
2020-12-31 01:50:34,-1.3823457877670973,2f181d37-819b-4f27-8bfc-c74a894dfd10,36.819328,-119.325316
2021-01-05 01:58:31,-6.821419255451974,2f181d37-819b-4f27-8bfc-c74a894dfd10,36.819328,-119.325316
2021-01-12 01:50:33,-2.974834866855306,2f181d37-819b-4f27-8bfc-c74a894dfd10,36.819328,-119.325316
2021-01-17 01:58:30,-10.151546857495475,2f181d37-819b-4f27-8bfc-c74a894dfd10,36.819328,-119.325316
2021-01-17 13:59:09,-17.855046749082256,2f181d37-819b-4f27-8bfc-c74a894dfd10,36.819328,-119.325316
2021-01-24 01:50:33,-2.9066722924184245,2f181d37-819b-4f27-8bfc-c74a894dfd10,36.819328,-119.325316
2021-01-29 01:58:30,-4.621903194390629,2f181d37-819b-4f27-8bfc-c74a894dfd10,36.819328,-119.325316
2021-01-29 13:59:09,-17.302305779221754,2f181d37-819b-4f27-8bfc-c74a894dfd10,36.819328,-119.325316
2021-02-05 01:50:32,-0.2611347046312676,2f181d37-819b-4f27-8bfc-c74a894dfd10,36.819328,-119.325316
2021-02-10 01:58:30,-5.946629060207962,2f181d37-819b-4f27-8bfc-c74a894dfd10,36.819328,-119.325316
2021-02-10 13:59:08,-18.09199874263947,2f181d37-819b-4f27-8bfc-c74a894dfd10,36.819328,-119.325316
2021-02-17 01:50:32,1.3889614487302477,2f181d37-819b-4f27-8bfc-c74a894dfd10,36.819328,-119.325316
2021-02-22 01:58:29,-7.666486986622061,2f181d37-819b-4f27-8bfc-c74a894dfd10,36.819328,-119.325316
2021-02-22 13:59:08,-19.23784199912138,2f181d37-819b-4f27-8bfc-c74a894dfd10,36.819328,-119.325316
2021-03-01 01:50:32,-3.8614855923136275,2f181d37-819b-4f27-8bfc-c74a894dfd10,36.819328,-119.325316
2021-03-06 01:58:29,-8.684659505556452,2f181d37-819b-4f27-8bfc-c74a894dfd10,36.819328,-119.325316
2021-03-06 13:59:08,-19.609434365410543,2f181d37-819b-4f27-8bfc-c74a894dfd10,36.819328,-119.325316
2021-03-13 01:50:32,1.7202231122799976,2f181d37-819b-4f27-8bfc-c74a894dfd10,36.819328,-119.325316
2021-03-18 01:58:29,-6.1386703081664695,2f181d37-819b-4f27-8bfc-c74a894dfd10,36.819328,-119.325316
2021-03-18 13:59:08,-16.495549719082746,2f181d37-819b-4f27-8bfc-c74a894dfd10,36.819328,-119.325316
2021-03-25 01:50:32,-2.463563380204183,2f181d37-819b-4f27-8bfc-c74a894dfd10,36.819328,-119.325316
2021-03-30 01:58:29,-7.282670578024701,2f181d37-819b-4f27-8bfc-c74a894dfd10,36.819328,-119.325316
2021-03-30 13:59:08,-17.459826829444093,2f181d37-819b-4f27-8bfc-c74a894dfd10,36.819328,-119.325316
2021-04-06 01:50:32,-1.6856771162030946,2f181d37-819b-4f27-8bfc-c74a894dfd10,36.819328,-119.325316
2021-04-11 01:58:30,-7.405759894052444,2f181d37-819b-4f27-8bfc-c74a894dfd10,36.819328,-119.325316
2021-04-11 13:59:09,-15.573574888738424,2f181d37-819b-4f27-8bfc-c74a894dfd10,36.819328,-119.325316
2021-04-18 01:50:33,-0.12433986913612644,2f181d37-819b-4f27-8bfc-c74a894dfd10,36.819328,-119.325316
2021-04-23 01:58:31,-4.3959134253729175,2f181d37-819b-4f27-8bfc-c74a894dfd10,36.819328,-119.325316
2021-04-23 13:59:09,-16.87955401746177,2f181d37-819b-4f27-8bfc-c74a894dfd10,36.819328,-119.325316
2021-04-30 01:50:33,-2.8532510898328054,2f181d37-819b-4f27-8bfc-c74a894dfd10,36.819328,-119.325316
2021-05-05 01:58:31,-4.683099306812326,2f181d37-819b-4f27-8bfc-c74a894dfd10,36.819328,-119.325316
2021-05-05 13:59:10,-19.84521274472496,2f181d37-819b-4f27-8bfc-c74a894dfd10,36.819328,-119.325316
2021-05-12 01:50:34,-0.8736784208727887,2f181d37-819b-4f27-8bfc-c74a894dfd10,36.819328,-119.325316
2021-05-17 01:58:32,-4.865734500735684,2f181d37-819b-4f27-8bfc-c74a894dfd10,36.819328,-119.325316
2021-05-17 13:59:10,-15.830062087216117,2f181d37-819b-4f27-8bfc-c74a894dfd10,36.819328,-119.325316
2021-05-24 01:50:35,-0.8528458302941018,2f181d37-819b-4f27-8bfc-c74a894dfd10,36.819328,-119.325316
2021-05-29 01:58:32,-4.375264210048301,2f181d37-819b-4f27-8bfc-c74a894dfd10,36.819328,-119.325316
2021-05-29 13:59:11,-17.2773734737752,2f181d37-819b-4f27-8bfc-c74a894dfd10,36.819328,-119.325316
2021-06-05 01:50:35,-1.0227686731448977,2f181d37-819b-4f27-8bfc-c74a894dfd10,36.819328,-119.325316
2021-06-10 01:58:33,-2.7868571771789465,2f181d37-819b-4f27-8bfc-c74a894dfd10,36.819328,-119.325316
2021-06-10 13:59:12,-17.55189287543963,2f181d37-819b-4f27-8bfc-c74a894dfd10,36.819328,-119.325316
2021-06-17 01:50:36,-1.8940324914822693,2f181d37-819b-4f27-8bfc-c74a894dfd10,36.819328,-119.325316
2021-06-22 01:58:34,-4.00984209764984,2f181d37-819b-4f27-8bfc-c74a894dfd10,36.819328,-119.325316
2021-06-22 13:59:12,-15.564905188910048,2f181d37-819b-4f27-8bfc-c74a894dfd10,36.819328,-119.325316
2021-06-29 01:50:37,-2.668033978809552,2f181d37-819b-4f27-8bfc-c74a894dfd10,36.819328,-119.325316
2021-07-04 13:59:13,-15.51781387352383,2f181d37-819b-4f27-8bfc-c74a894dfd10,36.819328,-119.325316
2021-07-11 01:50:37,-2.120687830977362,2f181d37-819b-4f27-8bfc-c74a894dfd10,36.819328,-119.325316
2021-07-16 01:58:35,-4.04780274702573,2f181d37-819b-4f27-8bfc-c74a894dfd10,36.819328,-119.325316
2021-07-16 13:59:14,-16.993874826412405,2f181d37-819b-4f27-8bfc-c74a894dfd10,36.819328,-119.325316
2021-07-23 01:50:38,-3.773106831827665,2f181d37-819b-4f27-8bfc-c74a894dfd10,36.819328,-119.325316
2021-07-28 01:58:36,-2.286083354631144,2f181d37-819b-4f27-8bfc-c74a894dfd10,36.819328,-119.325316
2021-07-28 13:59:32,-18.226958815718827,2f181d37-819b-4f27-8bfc-c74a894dfd10,36.819328,-119.325316
2021-08-04 01:50:39,-2.8966242323849904,2f181d37-819b-4f27-8bfc-c74a894dfd10,36.819328,-119.325316
2021-08-09 01:58:37,-5.398412007770027,2f181d37-819b-4f27-8bfc-c74a894dfd10,36.819328,-119.325316
2021-08-09 13:59:32,-18.887342420317847,2f181d37-819b-4f27-8bfc-c74a894dfd10,36.819328,-119.325316
2021-08-21 01:58:37,-5.58908546066289,2f181d37-819b-4f27-8bfc-c74a894dfd10,36.819328,-119.325316
2021-08-21 13:59:16,-16.828419663597117,2f181d37-819b-4f27-8bfc-c74a894dfd10,36.819328,-119.325316
2021-08-28 01:50:40,-1.112640621604509,2f181d37-819b-4f27-8bfc-c74a894dfd10,36.819328,-119.325316
2021-09-02 01:58:38,-4.485876252760285,2f181d37-819b-4f27-8bfc-c74a894dfd10,36.819328,-119.325316
2021-09-02 13:59:16,-16.39872511518564,2f181d37-819b-4f27-8bfc-c74a894dfd10,36.819328,-119.325316
2021-09-09 01:50:41,-1.6644172380348574,2f181d37-819b-4f27-8bfc-c74a894dfd10,36.819328,-119.325316
2021-09-14 01:58:38,-3.1427556851390115,2f181d37-819b-4f27-8bfc-c74a894dfd10,36.819328,-119.325316
2021-09-14 13:59:17,-16.110465147079836,2f181d37-819b-4f27-8bfc-c74a894dfd10,36.819328,-119.325316
2021-09-21 01:50:41,-1.090495189796121,2f181d37-819b-4f27-8bfc-c74a894dfd10,36.819328,-119.325316
2021-09-26 01:58:39,-4.135475698249204,2f181d37-819b-4f27-8bfc-c74a894dfd10,36.819328,-119.325316
2021-09-26 13:59:17,-17.272307540684878,2f181d37-819b-4f27-8bfc-c74a894dfd10,36.819328,-119.325316
2021-10-03 01:50:42,-3.52249995129527,2f181d37-819b-4f27-8bfc-c74a894dfd10,36.819328,-119.325316
2021-10-08 01:58:39,-5.642807667448242,2f181d37-819b-4f27-8bfc-c74a894dfd10,36.819328,-119.325316
2021-10-08 13:59:17,-19.792535363139883,2f181d37-819b-4f27-8bfc-c74a894dfd10,36.819328,-119.325316
2021-10-15 01:50:42,-1.8535055701045766,2f181d37-819b-4f27-8bfc-c74a894dfd10,36.819328,-119.325316
2021-10-20 01:58:39,-8.18998365295225,2f181d37-819b-4f27-8bfc-c74a894dfd10,36.819328,-119.325316
2021-10-20 13:59:18,-17.97352682301439,2f181d37-819b-4f27-8bfc-c74a894dfd10,36.819328,-119.325316
2021-10-27 01:50:42,3.3133899382507037,2f181d37-819b-4f27-8bfc-c74a894dfd10,36.819328,-119.325316
2021-11-01 01:58:39,-6.194600365368383,2f181d37-819b-4f27-8bfc-c74a894dfd10,36.819328,-119.325316
2021-11-01 13:59:18,-15.718460527570892,2f181d37-819b-4f27-8bfc-c74a894dfd10,36.819328,-119.325316
2021-11-08 01:50:41,-1.1243312497061726,2f181d37-819b-4f27-8bfc-c74a894dfd10,36.819328,-119.325316
2021-11-13 01:58:39,-6.249812671627282,2f181d37-819b-4f27-8bfc-c74a894dfd10,36.819328,-119.325316
2021-11-13 13:59:17,-19.240086129062483,2f181d37-819b-4f27-8bfc-c74a894dfd10,36.819328,-119.325316
2021-11-20 01:50:41,-4.774505584515318,2f181d37-819b-4f27-8bfc-c74a894dfd10,36.819328,-119.325316
2021-11-25 01:58:38,-7.227702842990288,2f181d37-819b-4f27-8bfc-c74a894dfd10,36.819328,-119.325316
2021-11-25 13:59:17,-18.330739874179727,2f181d37-819b-4f27-8bfc-c74a894dfd10,36.819328,-119.325316
2021-12-02 01:50:41,-4.7188731328287625,2f181d37-819b-4f27-8bfc-c74a894dfd10,36.819328,-119.325316
2021-12-07 01:58:38,-10.51003616294964,2f181d37-819b-4f27-8bfc-c74a894dfd10,36.819328,-119.325316
2021-12-07 13:59:16,-20.79872005610668,2f181d37-819b-4f27-8bfc-c74a894dfd10,36.819328,-119.325316
2021-12-14 01:50:40,-0.9419019223980112,2f181d37-819b-4f27-8bfc-c74a894dfd10,36.819328,-119.325316
2021-12-19 01:58:37,-3.927551181364054,2f181d37-819b-4f27-8bfc-c74a894dfd10,36.819328,-119.325316
2021-12-19 13:59:16,-20.601224465677582,2f181d37-819b-4f27-8bfc-c74a894dfd10,36.819328,-119.325316
2016-10-05 01:50:08,-2.00243094830492,2f181d37-819b-4f27-8bfc-c74a894dfd10,36.819328,-119.325316
